1	67 
2	66 
3	29 
4	59 
5	74 
6	15 
7	20 
8	50 
9	80 
10	82 
11	32 
12	25 
13	80 
14	49 
15	65 
16	28 
17	11 
18	9 
19	28 
20	24 
21	51 
22	53 
23	32 
24	43 
25	69 
26	41 
27	40 
28	43 
29	16 
30	60 
31	26 
32	2 
33	56 
34	63 
35	65 
36	59 
37	10 
38	54 
39	17 
40	32 
41	4 
42	68 
43	12 
44	47 
45	74 
46	27 
47	21 
48	6 
49	42 
50	61 
51	45 
52	71 
53	31 
54	58 
55	34 
56	43 
57	65 
58	65 
59	59 
60	60 
61	77 
62	39 
63	27 
64	9 
65	68 
66	60 
67	18 
68	16 
69	19 
70	36 
71	77 
72	84 
73	10 
74	21 
75	68 
76	36 
77	49 
78	19 
79	31 
80	65 
81	63 
82	4 
83	19 
84	55 
85	30 
86	15 
87	55 
88	64 
89	63 
90	43 
91	62 
92	14 
93	47 
94	84 
95	12 
96	67 
97	40 
98	73 
99	21 
100	8 
101	39 
102	40 
103	71 
104	59 
105	28 
106	78 
107	49 
108	19 
109	73 
110	7 
111	41 
112	1 
113	50 
114	12 
115	48 
116	38 
117	23 
118	12 
119	68 
120	55 
121	43 
122	14 
123	5 
124	43 
125	46 
126	64 
127	28 
128	29 
129	47 
130	69 
131	49 
132	30 
133	73 
134	28 
135	44 
136	61 
137	50 
138	49 
139	39 
140	21 
141	52 
142	3 
143	76 
144	84 
145	10 
146	4 
147	23 
148	11 
149	2 
150	11 
151	81 
152	42 
153	9 
154	74 
155	9 
156	82 
157	82 
158	72 
159	67 
160	29 
161	76 
162	48 
163	56 
164	69 
165	29 
166	29 
167	5 
168	4 
169	52 
170	9 
171	52 
172	29 
173	78 
174	44 
175	37 
176	40 
177	20 
178	32 
179	3 
180	23 
181	41 
182	63 
183	72 
184	54 
185	5 
186	70 
187	24 
188	16 
189	2 
190	42 
191	61 
192	23 
193	21 
194	58 
195	50 
196	16 
197	70 
198	6 
199	6 
200	3 
201	76 
202	57 
203	14 
204	34 
205	1 
206	23 
207	8 
208	48 
209	84 
210	35 
211	34 
212	48 
213	43 
214	45 
215	19 
216	12 
217	28 
218	3 
219	46 
220	19 
221	43 
222	48 
223	58 
224	84 
225	39 
226	3 
227	3 
228	81 
229	50 
230	69 
231	67 
232	16 
233	44 
234	62 
235	20 
236	20 
237	33 
238	40 
239	28 
240	81 
241	41 
242	23 
243	18 
244	37 
245	34 
246	2 
247	46 
248	62 
249	27 
250	60 
251	48 
252	55 
253	12 
254	10 
255	73 
256	36 
257	29 
258	29 
259	59 
260	30 
261	8 
262	10 
263	2 
264	12 
265	77 
266	25 
267	84 
268	72 
269	28 
270	54 
271	80 
272	11 
273	21 
274	24 
275	50 
276	19 
277	82 
278	69 
279	10 
280	26 
281	50 
282	63 
283	8 
284	82 
285	71 
286	79 
287	72 
288	73 
289	64 
290	51 
291	63 
292	33 
293	29 
294	15 
295	51 
296	54 
297	56 
298	12 
299	44 
300	18 
301	3 
302	83 
303	38 
304	4 
305	39 
306	67 
307	77 
308	33 
309	7 
310	66 
311	27 
312	36 
313	2 
314	79 
315	61 
316	72 
317	61 
318	17 
319	46 
320	32 
321	51 
322	63 
323	1 
324	24 
325	72 
326	4 
327	58 
328	18 
329	13 
330	58 
331	2 
332	16 
333	60 
334	3 
335	69 
336	23 
337	43 
338	6 
339	22 
340	28 
341	39 
342	18 
343	48 
344	48 
345	1 
346	59 
347	8 
348	37 
349	51 
350	3 
351	50 
352	81 
353	13 
354	84 
355	25 
356	70 
357	82 
358	56 
359	49 
360	50 
361	70 
362	19 
363	44 
364	64 
365	21 
366	82 
367	49 
368	5 
369	64 
370	38 
371	4 
372	17 
373	67 
374	23 
375	10 
376	33 
377	26 
378	37 
379	36 
380	26 
381	48 
382	64 
383	84 
384	82 
385	79 
386	33 
387	68 
388	45 
389	3 
390	76 
391	76 
392	35 
393	14 
394	62 
395	82 
396	13 
397	10 
398	62 
399	81 
400	20 
401	9 
402	24 
403	39 
404	14 
405	32 
406	49 
407	50 
408	32 
409	31 
410	18 
411	56 
412	40 
413	68 
414	77 
415	25 
416	66 
417	2 
418	22 
419	49 
420	25 
421	3 
422	25 
423	23 
424	81 
425	84 
426	68 
427	65 
428	20 
429	31 
430	19 
431	43 
432	28 
433	20 
434	47 
435	54 
436	48 
437	82 
438	71 
439	4 
440	81 
441	38 
442	29 
443	15 
444	64 
445	63 
446	19 
447	53 
448	82 
449	72 
450	19 
451	36 
452	58 
453	75 
454	81 
455	73 
456	5 
457	36 
458	73 
459	55 
460	37 
461	57 
462	6 
463	59 
464	21 
465	72 
466	42 
467	17 
468	4 
469	18 
470	64 
471	55 
472	70 
473	11 
474	39 
475	29 
476	58 
477	40 
478	70 
479	22 
480	69 
481	62 
482	3 
483	21 
484	36 
485	34 
486	28 
487	7 
488	75 
489	2 
490	80 
491	41 
492	60 
493	77 
494	36 
495	70 
496	28 
497	31 
498	78 
499	30 
500	74 
501	34 
502	33 
503	22 
504	64 
505	68 
506	19 
507	28 
508	1 
509	18 
510	9 
511	48 
512	50 
513	18 
514	9 
515	17 
516	7 
517	31 
518	49 
519	65 
520	19 
521	10 
522	18 
523	10 
524	57 
525	80 
526	72 
527	26 
528	76 
529	48 
530	80 
531	49 
532	32 
533	9 
534	38 
535	8 
536	13 
537	82 
538	48 
539	46 
540	33 
541	58 
542	8 
543	27 
544	22 
545	61 
546	49 
547	40 
548	55 
549	18 
550	54 
551	39 
552	58 
553	37 
554	70 
555	43 
556	35 
557	4 
558	39 
559	52 
560	38 
561	79 
562	57 
563	65 
564	13 
565	15 
566	68 
567	18 
568	71 
569	36 
570	59 
571	64 
572	36 
573	45 
574	36 
575	50 
576	47 
577	68 
578	38 
579	34 
580	52 
581	83 
582	80 
583	73 
584	55 
585	3 
586	27 
587	47 
588	77 
589	61 
590	18 
591	68 
592	23 
593	7 
594	62 
595	54 
596	69 
597	3 
598	57 
599	77 
600	79 
601	71 
602	79 
603	56 
604	80 
605	36 
606	52 
607	31 
608	71 
609	65 
610	75 
611	30 
612	10 
613	35 
614	49 
615	50 
616	30 
617	53 
618	69 
619	18 
620	15 
621	30 
622	44 
623	34 
624	66 
625	70 
626	62 
627	48 
628	6 
629	81 
630	29 
631	22 
632	54 
633	28 
634	21 
635	64 
636	37 
637	66 
638	81 
639	19 
640	49 
641	30 
642	1 
643	39 
644	83 
645	80 
646	67 
647	77 
648	72 
649	21 
650	26 
651	58 
652	15 
653	3 
654	77 
655	3 
656	2 
657	23 
658	80 
659	79 
660	60 
661	10 
662	38 
663	40 
664	31 
665	38 
666	79 
667	40 
668	34 
669	14 
670	73 
671	10 
672	23 
673	4 
674	41 
675	31 
676	82 
677	67 
678	83 
679	27 
680	49 
681	20 
682	50 
683	72 
684	75 
685	59 
686	33 
687	19 
688	67 
689	33 
690	23 
691	65 
692	22 
693	82 
694	77 
695	39 
696	16 
697	46 
698	7 
699	60 
700	55 
701	19 
702	34 
703	57 
704	78 
705	35 
706	7 
707	10 
708	33 
709	23 
710	67 
711	36 
712	55 
713	78 
714	75 
715	45 
716	23 
717	60 
718	45 
719	82 
720	70 
721	3 
722	17 
723	50 
724	30 
725	80 
726	32 
727	77 
728	9 
729	74 
730	43 
731	21 
732	12 
733	77 
734	70 
735	70 
736	18 
737	76 
738	14 
739	13 
740	61 
741	64 
742	57 
743	36 
744	2 
745	3 
746	12 
747	67 
748	31 
749	66 
750	6 
751	4 
752	3 
753	46 
754	34 
755	5 
756	65 
757	54 
758	25 
759	33 
760	72 
761	81 
762	67 
763	32 
764	39 
765	67 
766	60 
767	13 
768	13 
769	72 
770	42 
771	59 
772	75 
773	68 
774	34 
775	61 
776	71 
777	20 
778	83 
779	32 
780	51 
781	52 
782	73 
783	18 
784	65 
785	2 
786	13 
787	15 
788	70 
789	48 
790	82 
791	20 
792	55 
793	29 
794	24 
795	12 
796	55 
797	65 
798	80 
799	11 
800	49 
801	60 
802	40 
803	74 
804	29 
805	39 
806	71 
807	17 
808	45 
809	72 
810	82 
811	26 
812	31 
813	20 
814	21 
815	64 
816	68 
817	28 
818	47 
819	8 
820	82 
821	36 
822	77 
823	11 
824	52 
825	32 
826	1 
827	49 
828	21 
829	70 
830	35 
831	40 
832	43 
833	18 
834	6 
835	61 
836	54 
837	80 
838	15 
839	29 
840	70 
841	22 
842	61 
843	5 
844	6 
845	12 
846	38 
847	42 
848	80 
849	50 
850	69 
851	48 
852	35 
853	45 
854	80 
855	13 
856	18 
857	37 
858	64 
859	39 
860	37 
861	73 
862	32 
863	28 
864	24 
865	74 
866	58 
867	39 
868	83 
869	28 
870	83 
871	40 
872	53 
873	20 
874	28 
875	83 
876	13 
877	39 
878	73 
879	21 
880	51 
881	50 
882	67 
883	50 
884	64 
885	11 
886	12 
887	73 
888	81 
889	76 
890	47 
891	77 
892	45 
893	55 
894	50 
895	28 
896	81 
897	52 
898	31 
899	10 
900	23 
901	23 
902	73 
903	61 
904	79 
905	78 
906	78 
907	53 
908	21 
909	59 
910	27 
911	60 
912	16 
913	43 
914	77 
915	77 
916	15 
917	72 
918	34 
919	53 
920	12 
921	32 
922	60 
923	47 
924	13 
925	23 
926	20 
927	23 
928	13 
929	12 
930	14 
931	76 
932	49 
933	81 
934	67 
935	4 
936	53 
937	21 
938	21 
939	40 
940	8 
941	43 
942	60 
943	63 
944	57 
945	58 
946	1 
947	4 
948	18 
949	82 
950	40 
951	77 
952	10 
953	32 
954	55 
955	73 
956	66 
957	66 
958	1 
959	27 
960	28 
961	32 
962	79 
963	54 
964	55 
965	19 
966	64 
967	32 
968	13 
969	68 
970	20 
971	10 
972	60 
973	12 
974	43 
975	29 
976	72 
977	13 
978	45 
979	84 
980	79 
981	23 
982	29 
983	6 
984	63 
985	49 
986	55 
987	73 
988	72 
989	61 
990	4 
991	19 
992	57 
993	68 
994	11 
995	68 
996	65 
997	81 
998	63 
999	50 
1000	57 
