1	56
1	387
1	502
1	765
1	849
1	960
2	150
2	165
2	648
2	847
2	970
2	986
3	626
3	659
3	716
3	752
3	812
3	1000
4	284
4	311
4	591
4	686
4	852
4	893
5	641
5	715
5	730
5	829
5	883
5	938
6	378
6	415
6	498
6	696
6	760
6	894
7	218
7	263
7	379
7	431
7	749
7	784
8	826
8	848
8	854
8	910
8	913
8	976
9	183
9	664
9	783
9	859
9	978
9	985
10	313
10	456
10	781
10	847
10	989
10	1000
11	69
11	736
11	784
11	915
11	916
11	942
12	134
12	203
12	286
12	356
12	524
12	812
13	366
13	591
13	621
13	900
13	974
13	978
14	672
14	779
14	836
14	876
14	880
14	913
15	312
15	319
15	388
15	617
15	933
15	952
16	129
16	436
16	646
16	729
16	767
16	999
17	336
17	593
17	602
17	647
17	869
17	972
18	111
18	493
18	757
18	883
18	919
18	981
19	98
19	292
19	686
19	692
19	718
19	817
20	721
20	724
20	805
20	900
20	916
20	992
21	95
21	143
21	882
21	917
21	933
21	990
22	530
22	638
22	639
22	815
22	901
22	967
23	370
23	446
23	540
23	548
23	671
23	897
24	477
24	528
24	753
24	919
24	981
24	991
25	264
25	360
25	473
25	591
25	873
25	993
26	369
26	554
26	595
26	745
26	780
26	940
27	313
27	463
27	651
27	689
27	767
27	999
28	370
28	399
28	641
28	767
28	878
28	930
29	153
29	160
29	228
29	362
29	684
29	741
30	230
30	325
30	591
30	731
30	773
30	948
31	104
31	358
31	414
31	916
31	930
31	982
32	63
32	483
32	604
32	733
32	770
32	916
33	484
33	568
33	571
33	715
33	890
33	923
34	221
34	294
34	774
34	857
34	975
34	997
35	107
35	737
35	759
35	798
35	828
35	892
36	76
36	552
36	578
36	649
36	669
36	998
37	53
37	136
37	494
37	813
37	830
37	868
38	183
38	200
38	470
38	592
38	671
38	711
39	559
39	702
39	733
39	793
39	871
39	881
40	434
40	690
40	790
40	846
40	986
40	990
41	307
41	678
41	806
41	819
41	856
41	857
42	263
42	565
42	624
42	728
42	848
42	990
43	356
43	369
43	694
43	823
43	852
43	951
44	113
44	371
44	404
44	428
44	678
44	983
45	245
45	580
45	874
45	947
45	950
45	977
46	351
46	715
46	747
46	766
46	851
46	958
47	124
47	349
47	520
47	614
47	663
47	771
48	542
48	655
48	809
48	884
48	929
48	957
49	346
49	445
49	565
49	595
49	750
49	754
50	579
50	658
50	745
50	809
50	823
50	838
51	313
51	413
51	525
51	658
51	776
51	838
52	90
52	525
52	807
52	838
52	948
52	980
53	37
53	248
53	647
53	648
53	737
53	740
54	461
54	545
54	626
54	831
54	929
54	984
55	76
55	93
55	592
55	881
55	978
55	988
56	1
56	155
56	347
56	383
56	735
56	955
57	314
57	583
57	609
57	843
57	929
57	941
58	133
58	531
58	614
58	724
58	744
58	818
59	136
59	336
59	528
59	719
59	870
59	922
60	118
60	730
60	857
60	904
60	981
60	997
61	501
61	733
61	768
61	798
61	936
61	985
62	210
62	357
62	643
62	753
62	824
62	929
63	32
63	560
63	602
63	834
63	907
63	933
64	456
64	500
64	509
64	555
64	621
64	756
65	108
65	120
65	171
65	771
65	945
65	965
66	159
66	366
66	448
66	585
66	726
66	857
67	363
67	755
67	797
67	821
67	825
67	861
68	793
68	847
68	894
68	964
68	999
68	1000
69	11
69	73
69	175
69	256
69	575
69	976
70	92
70	531
70	615
70	690
70	707
70	804
71	254
71	337
71	591
71	712
71	846
71	959
72	286
72	469
72	820
72	831
72	906
72	928
73	69
73	125
73	399
73	766
73	908
73	965
74	574
74	577
74	638
74	867
74	870
74	984
75	291
75	314
75	589
75	618
75	911
75	925
76	36
76	55
76	717
76	739
76	748
76	781
77	508
77	509
77	757
77	796
77	933
77	998
78	204
78	398
78	573
78	787
78	862
78	989
79	559
79	609
79	702
79	883
79	919
79	981
80	215
80	352
80	562
80	595
80	927
80	978
81	306
81	374
81	447
81	679
81	947
81	990
82	116
82	429
82	628
82	645
82	833
82	945
83	428
83	623
83	795
83	878
83	957
83	989
84	522
84	697
84	840
84	861
84	882
84	935
85	441
85	603
85	823
85	937
85	948
85	972
86	122
86	409
86	603
86	694
86	753
86	859
87	492
87	659
87	849
87	941
87	954
87	970
88	428
88	462
88	776
88	791
88	844
88	906
89	132
89	245
89	450
89	609
89	619
89	993
90	52
90	510
90	562
90	864
90	896
90	907
91	230
91	389
91	818
91	857
91	869
91	963
92	70
92	147
92	261
92	486
92	837
92	995
93	55
93	192
93	351
93	487
93	556
93	820
94	156
94	287
94	555
94	726
94	808
94	887
95	21
95	352
95	653
95	813
95	848
95	986
96	116
96	420
96	751
96	932
96	960
96	980
97	385
97	738
97	791
97	929
97	974
97	992
98	19
98	160
98	616
98	686
98	837
98	988
99	335
99	436
99	520
99	611
99	646
99	703
100	233
100	552
100	660
100	688
100	924
100	985
101	608
101	651
101	701
101	708
101	933
101	935
102	107
102	466
102	738
102	855
102	868
102	940
103	332
103	448
103	631
103	813
103	944
103	953
104	31
104	158
104	495
104	551
104	886
104	958
105	342
105	478
105	479
105	513
105	590
105	881
106	232
106	377
106	577
106	681
106	779
106	814
107	35
107	102
107	441
107	492
107	699
107	909
108	65
108	532
108	788
108	792
108	937
108	941
109	866
109	889
109	923
109	958
109	981
109	996
110	130
110	519
110	525
110	779
110	811
110	875
111	18
111	185
111	641
111	730
111	774
111	806
112	339
112	438
112	516
112	736
112	915
112	942
113	44
113	221
113	741
113	892
113	903
113	951
114	330
114	335
114	399
114	765
114	892
114	952
115	306
115	767
115	893
115	918
115	965
115	993
116	82
116	96
116	538
116	590
116	741
116	792
117	440
117	696
117	922
117	929
117	940
117	963
118	60
118	137
118	169
118	471
118	741
118	979
119	187
119	296
119	378
119	786
119	877
119	885
120	65
120	174
120	355
120	751
120	928
120	980
121	327
121	519
121	582
121	632
121	839
121	969
122	86
122	482
122	787
122	852
122	923
122	951
123	126
123	480
123	611
123	641
123	860
123	906
124	47
124	207
124	323
124	489
124	517
124	982
125	73
125	256
125	489
125	682
125	754
125	931
126	123
126	658
126	696
126	906
126	922
126	991
127	233
127	523
127	634
127	796
127	808
127	926
128	299
128	403
128	490
128	515
128	697
128	860
129	16
129	347
129	358
129	552
129	756
129	782
130	110
130	151
130	205
130	438
130	788
130	907
131	530
131	637
131	775
131	779
131	850
131	976
132	89
132	463
132	528
132	620
132	636
132	810
133	58
133	227
133	344
133	385
133	917
133	999
134	12
134	301
134	452
134	558
134	868
134	979
135	140
135	752
135	852
135	946
135	951
135	988
136	37
136	59
136	508
136	552
136	789
136	918
137	118
137	390
137	439
137	465
137	756
137	876
138	273
138	686
138	709
138	729
138	783
138	794
139	414
139	543
139	571
139	807
139	876
139	880
140	135
140	715
140	730
140	961
140	962
140	998
141	280
141	500
141	596
141	708
141	901
141	961
142	173
142	605
142	828
142	950
142	955
142	977
143	21
143	375
143	862
143	920
143	991
143	994
144	261
144	438
144	571
144	786
144	843
144	934
145	246
145	411
145	769
145	777
145	932
145	998
146	153
146	528
146	651
146	810
146	925
146	963
147	92
147	463
147	622
147	685
147	783
147	846
148	255
148	377
148	403
148	668
148	845
148	941
149	514
149	660
149	704
149	826
149	866
149	932
150	2
150	550
150	597
150	690
150	787
150	955
151	130
151	292
151	892
151	904
151	928
151	980
152	335
152	648
152	811
152	861
152	869
152	970
153	29
153	146
153	279
153	362
153	499
153	538
154	534
154	541
154	804
154	858
154	962
154	968
155	56
155	308
155	422
155	585
155	745
155	932
156	94
156	204
156	486
156	699
156	954
156	978
157	195
157	347
157	494
157	497
157	848
157	878
158	104
158	274
158	305
158	363
158	430
158	664
159	66
159	604
159	651
159	733
159	770
159	873
160	29
160	98
160	279
160	681
160	827
160	895
161	435
161	453
161	719
161	907
161	962
161	983
162	423
162	479
162	781
162	860
162	949
162	990
163	223
163	419
163	515
163	529
163	626
163	964
164	343
164	484
164	571
164	826
164	923
164	956
165	2
165	166
165	304
165	401
165	822
165	938
166	165
166	336
166	401
166	531
166	636
166	861
167	235
167	423
167	727
167	773
167	809
167	992
168	361
168	524
168	768
168	830
168	890
168	956
169	118
169	438
169	707
169	778
169	797
169	984
170	278
170	630
170	793
170	797
170	946
170	1000
171	65
171	389
171	863
171	915
171	932
171	942
172	498
172	569
172	624
172	663
172	671
172	771
173	142
173	229
173	262
173	852
173	922
173	963
174	120
174	427
174	622
174	653
174	656
174	729
175	69
175	196
175	304
175	361
175	559
175	951
176	598
176	679
176	838
176	915
176	924
176	991
177	244
177	595
177	828
177	896
177	976
177	978
178	630
178	854
178	896
178	918
178	957
178	976
179	523
179	591
179	710
179	761
179	796
179	887
180	651
180	785
180	804
180	859
180	898
180	990
181	481
181	695
181	724
181	903
181	940
181	975
182	512
182	777
182	779
182	782
182	841
182	882
183	9
183	38
183	327
183	662
183	697
183	985
184	624
184	691
184	920
184	933
184	951
184	975
185	111
185	368
185	747
185	840
185	906
185	945
186	615
186	708
186	916
186	920
186	972
186	991
187	119
187	362
187	647
187	698
187	819
187	869
188	196
188	584
188	625
188	700
188	756
188	867
189	391
189	891
189	950
189	984
189	987
189	995
190	575
190	760
190	822
190	837
190	895
190	918
191	241
191	629
191	668
191	875
191	926
191	945
192	93
192	235
192	298
192	674
192	792
192	847
193	448
193	764
193	766
193	851
193	930
193	932
194	484
194	619
194	631
194	711
194	791
194	923
195	157
195	501
195	756
195	848
195	925
195	931
196	175
196	188
196	377
196	723
196	740
196	815
197	577
197	775
197	814
197	870
197	979
197	993
198	420
198	678
198	737
198	828
198	893
198	974
199	312
199	375
199	398
199	421
199	501
199	735
200	38
200	574
200	654
200	750
200	757
200	883
201	207
201	489
201	518
201	677
201	802
201	943
202	444
202	688
202	802
202	847
202	936
202	978
203	12
203	482
203	550
203	604
203	820
203	872
204	78
204	156
204	253
204	605
204	786
204	878
205	130
205	374
205	867
205	907
205	933
205	951
206	356
206	404
206	488
206	527
206	630
206	824
207	124
207	201
207	341
207	514
207	746
207	937
208	245
208	592
208	597
208	733
208	770
208	975
209	216
209	238
209	241
209	456
209	707
209	725
210	62
210	431
210	580
210	588
210	729
210	882
211	604
211	721
211	774
211	812
211	923
211	997
212	454
212	608
212	784
212	846
212	924
212	959
213	352
213	522
213	703
213	763
213	888
213	941
214	260
214	480
214	561
214	827
214	948
214	958
215	80
215	364
215	627
215	726
215	947
215	949
216	209
216	421
216	456
216	615
216	707
216	787
216	998
217	397
217	583
217	587
217	748
217	836
217	939
217	989
218	7
218	367
218	649
218	712
218	959
218	978
218	998
219	220
219	307
219	427
219	673
219	682
219	755
219	947
220	219
220	318
220	572
220	685
220	710
220	744
220	830
221	34
221	113
221	276
221	543
221	567
221	814
221	975
222	237
222	569
222	664
222	756
222	793
222	870
222	912
223	163
223	249
223	301
223	474
223	490
223	556
223	924
224	460
224	510
224	621
224	692
224	721
224	794
224	841
225	370
225	640
225	675
225	853
225	878
225	909
225	926
226	474
226	612
226	787
226	806
226	811
226	884
226	947
227	133
227	260
227	566
227	597
227	740
227	850
227	885
228	29
228	252
228	394
228	579
228	713
228	841
228	990
229	173
229	326
229	755
229	818
229	843
229	861
229	963
230	30
230	91
230	266
230	412
230	620
230	774
230	810
231	293
231	650
231	777
231	854
231	872
231	889
231	950
232	106
232	472
232	573
232	778
232	923
232	960
232	969
233	100
233	127
233	623
233	669
233	670
233	772
233	829
234	235
234	387
234	814
234	895
234	913
234	920
234	991
235	167
235	192
235	234
235	402
235	612
235	622
235	795
236	384
236	832
236	874
236	880
236	934
236	947
236	994
237	222
237	589
237	654
237	779
237	916
237	922
237	982
238	209
238	312
238	396
238	571
238	876
238	880
238	914
239	378
239	486
239	603
239	708
239	817
239	870
239	1000
240	328
240	383
240	709
240	779
240	829
240	915
240	982
241	191
241	209
241	287
241	524
241	690
241	702
241	886
242	285
242	485
242	486
242	765
242	783
242	807
242	819
243	463
243	546
243	637
243	876
243	954
243	984
243	990
244	177
244	337
244	395
244	482
244	494
244	597
244	993
245	45
245	89
245	208
245	410
245	476
245	592
245	847
246	145
246	265
246	431
246	451
246	557
246	903
246	971
247	311
247	661
247	682
247	701
247	820
247	949
247	982
248	53
248	450
248	494
248	537
248	890
248	944
248	973
249	223
249	265
249	309
249	357
249	695
249	749
249	878
250	315
250	346
250	445
250	544
250	701
250	787
250	816
251	329
251	479
251	539
251	850
251	853
251	926
251	976
252	228
252	375
252	684
252	699
252	821
252	856
252	985
253	204
253	519
253	624
253	758
253	774
253	803
253	949
254	71
254	289
254	360
254	546
254	562
254	638
254	1000
255	148
255	468
255	543
255	717
255	797
255	813
255	830
256	69
256	125
256	326
256	581
256	630
256	654
256	805
257	442
257	478
257	483
257	554
257	573
257	691
257	939
258	486
258	535
258	544
258	607
258	628
258	739
258	969
259	424
259	495
259	605
259	798
259	811
259	869
259	902
260	214
260	227
260	582
260	783
260	965
260	985
260	1000
261	92
261	144
261	511
261	708
261	811
261	841
261	883
262	173
262	407
262	540
262	813
262	874
262	926
262	946
263	7
263	42
263	287
263	567
263	587
263	588
263	745
264	25
264	487
264	563
264	731
264	789
264	793
264	979
265	246
265	249
265	308
265	537
265	562
265	703
265	975
266	230
266	359
266	730
266	739
266	763
266	838
266	900
267	380
267	436
267	551
267	800
267	835
267	910
267	968
268	381
268	406
268	692
268	808
268	873
268	891
268	995
269	642
269	669
269	670
269	712
269	782
269	788
269	937
270	465
270	586
270	645
270	834
270	899
270	935
270	965
271	392
271	485
271	512
271	542
271	636
271	762
271	838
272	388
272	637
272	675
272	764
272	765
272	880
272	913
273	138
273	588
273	602
273	786
273	967
273	974
273	985
274	158
274	358
274	465
274	720
274	725
274	965
274	998
275	300
275	623
275	642
275	669
275	671
275	945
275	994
276	221
276	458
276	496
276	600
276	673
276	689
276	988
277	443
277	476
277	626
277	721
277	903
277	905
277	963
278	170
278	445
278	480
278	558
278	708
278	764
278	785
279	153
279	160
279	362
279	573
279	613
279	739
279	779
280	141
280	511
280	567
280	669
280	749
280	751
280	839
281	455
281	650
281	777
281	807
281	817
281	872
281	994
282	688
282	739
282	851
282	922
282	958
282	971
282	988
283	421
283	496
283	707
283	762
283	889
283	898
283	965
284	4
284	311
284	583
284	585
284	686
284	805
284	994
285	242
285	354
285	689
285	772
285	857
285	957
285	961
286	12
286	72
286	596
286	634
286	648
286	787
286	944
287	94
287	241
287	263
287	382
287	784
287	920
287	966
288	365
288	747
288	813
288	827
288	931
288	948
288	989
289	254
289	360
289	429
289	434
289	442
289	858
289	915
290	334
290	429
290	721
290	755
290	853
290	894
290	929
291	75
291	498
291	547
291	608
291	680
291	831
291	877
292	19
292	151
292	587
292	651
292	853
292	925
292	987
293	231
293	477
293	675
293	768
293	833
293	873
293	931
294	34
294	446
294	503
294	580
294	683
294	834
294	975
295	460
295	465
295	654
295	796
295	970
295	986
295	990
296	119
296	557
296	580
296	601
296	701
296	729
296	760
297	493
297	510
297	578
297	732
297	846
297	859
297	901
298	192
298	440
298	533
298	842
298	877
298	901
298	910
299	128
299	423
299	760
299	820
299	913
299	918
299	946
300	275
300	362
300	736
300	750
300	790
300	962
300	992
301	134
301	223
301	412
301	743
301	850
301	911
301	989
302	616
302	675
302	685
302	693
302	708
302	750
302	879
303	490
303	687
303	704
303	726
303	796
303	889
303	921
304	165
304	175
304	402
304	559
304	698
304	702
304	934
305	158
305	377
305	466
305	667
305	882
305	934
305	957
306	81
306	115
306	614
306	760
306	918
306	933
306	948
307	41
307	219
307	683
307	732
307	827
307	844
307	902
308	155
308	265
308	341
308	410
308	619
308	670
308	896
309	249
309	645
309	860
309	904
309	927
309	983
309	998
310	415
310	545
310	613
310	736
310	860
310	919
310	981
311	4
311	247
311	284
311	637
311	686
311	773
311	968
312	15
312	199
312	238
312	403
312	566
312	766
312	902
313	10
313	27
313	51
313	758
313	939
313	952
313	998
314	57
314	75
314	443
314	462
314	813
314	831
314	989
315	250
315	361
315	380
315	651
315	839
315	877
315	968
316	318
316	643
316	711
316	864
316	907
316	957
316	966
317	602
317	716
317	816
317	873
317	892
317	923
317	986
318	220
318	316
318	363
318	576
318	710
318	744
318	955
319	15
319	322
319	764
319	804
319	807
319	819
319	933
320	478
320	747
320	828
320	932
320	948
320	958
320	964
321	336
321	366
321	373
321	584
321	734
321	794
321	867
322	319
322	504
322	587
322	703
322	742
322	818
322	891
323	124
323	600
323	678
323	746
323	957
323	963
323	988
324	411
324	478
324	538
324	571
324	606
324	743
324	968
325	30
325	473
325	552
325	731
325	806
325	910
325	927
326	229
326	256
326	373
326	513
326	747
326	788
326	808
327	121
327	183
327	642
327	693
327	843
327	890
327	968
328	240
328	488
328	718
328	809
328	903
328	951
328	972
329	251
329	341
329	735
329	794
329	834
329	854
329	892
330	114
330	561
330	625
330	821
330	837
330	853
330	909
331	355
331	405
331	529
331	552
331	670
331	900
331	911
332	103
332	454
332	485
332	825
332	875
332	914
332	943
333	426
333	510
333	546
333	578
333	676
333	748
333	896
334	290
334	342
334	522
334	690
334	691
334	787
334	820
335	99
335	114
335	152
335	728
335	788
335	816
335	892
336	17
336	59
336	166
336	321
336	356
336	959
336	972
337	71
337	244
337	410
337	653
337	777
337	872
337	921
338	505
338	561
338	693
338	823
338	840
338	924
338	951
339	112
339	357
339	584
339	768
339	903
339	961
339	975
340	567
340	748
340	757
340	809
340	823
340	858
340	966
341	207
341	308
341	329
341	399
341	581
341	890
341	988
342	105
342	334
342	517
342	654
342	669
342	768
342	936
343	164
343	382
343	638
343	669
343	808
343	830
343	923
344	133
344	468
344	736
344	911
344	915
344	942
344	969
345	366
345	678
345	737
345	764
345	798
345	828
345	982
346	49
346	250
346	551
346	664
346	744
346	750
346	869
347	56
347	129
347	157
347	421
347	691
347	775
347	782
348	449
348	751
348	778
348	828
348	930
348	934
348	942
349	47
349	380
349	666
349	699
349	715
349	824
349	929
350	418
350	583
350	648
350	710
350	847
350	908
350	910
351	46
351	93
351	416
351	418
351	751
351	910
351	988
352	80
352	95
352	213
352	384
352	697
352	731
352	970
353	355
353	357
353	483
353	665
353	786
353	886
353	893
354	285
354	523
354	634
354	801
354	882
354	903
354	941
355	120
355	331
355	353
355	460
355	529
355	648
355	982
356	12
356	43
356	206
356	336
356	424
356	847
356	931
357	62
357	249
357	339
357	353
357	752
357	783
357	903
358	31
358	129
358	274
358	517
358	776
358	886
358	998
359	266
359	560
359	640
359	745
359	755
359	831
359	888
360	25
360	254
360	289
360	461
360	462
360	697
360	855
361	168
361	175
361	315
361	457
361	858
361	918
361	939
361	968
362	29
362	153
362	187
362	279
362	300
362	481
362	624
362	983
363	67
363	158
363	318
363	374
363	505
363	569
363	664
363	863
364	215
364	417
364	598
364	629
364	703
364	887
364	907
364	973
365	288
365	438
365	573
365	822
365	836
365	914
365	967
365	969
366	13
366	66
366	321
366	345
366	487
366	753
366	799
366	942
367	218
367	378
367	476
367	712
367	718
367	816
367	846
367	959
368	185
368	433
368	444
368	478
368	606
368	652
368	742
368	764
369	26
369	43
369	388
369	563
369	771
369	852
369	893
369	940
370	23
370	28
370	225
370	472
370	540
370	738
370	767
370	949
371	44
371	602
371	607
371	629
371	778
371	794
371	804
371	962
372	393
372	437
372	647
372	681
372	739
372	746
372	865
372	878
373	321
373	326
373	690
373	740
373	888
373	919
373	944
373	981
374	81
374	205
374	363
374	449
374	763
374	856
374	911
374	962
375	143
375	199
375	252
375	542
375	564
375	659
375	748
375	823
376	444
376	565
376	606
376	740
376	785
376	790
376	851
376	960
377	106
377	148
377	196
377	305
377	400
377	551
377	797
377	844
378	6
378	119
378	239
378	367
378	698
378	700
378	780
378	912
379	7
379	422
379	744
379	795
379	817
379	823
379	845
379	859
380	267
380	315
380	349
380	448
380	761
380	846
380	858
380	964
381	268
381	504
381	649
381	775
381	784
381	868
381	931
381	976
382	287
382	343
382	432
382	541
382	737
382	824
382	904
382	999
383	56
383	240
383	392
383	577
383	602
383	916
383	982
383	992
384	236
384	352
384	402
384	742
384	808
384	865
384	903
384	931
385	97
385	133
385	405
385	436
385	772
385	968
385	983
385	993
386	519
386	627
386	744
386	890
386	920
386	944
386	956
386	970
387	1
387	234
387	607
387	644
387	705
387	792
387	812
387	816
388	15
388	272
388	369
388	419
388	754
388	822
388	830
388	940
389	91
389	171
389	552
389	563
389	684
389	944
389	961
389	987
390	137
390	444
390	450
390	481
390	502
390	512
390	883
390	991
391	189
391	396
391	439
391	566
391	718
391	786
391	843
391	999
392	271
392	383
392	563
392	732
392	753
392	781
392	809
392	818
393	372
393	521
393	756
393	788
393	792
393	812
393	857
393	940
394	228
394	479
394	589
394	647
394	676
394	745
394	836
394	911
395	244
395	482
395	524
395	556
395	604
395	791
395	877
395	968
396	238
396	391
396	576
396	600
396	803
396	865
396	916
396	988
397	217
397	455
397	531
397	835
397	840
397	891
397	917
397	922
398	78
398	199
398	480
398	733
398	800
398	857
398	938
398	943
399	28
399	73
399	114
399	341
399	482
399	513
399	581
399	904
400	377
400	428
400	527
400	720
400	723
400	785
400	789
400	801
401	165
401	166
401	653
401	655
401	661
401	870
401	902
401	938
402	235
402	304
402	384
402	537
402	595
402	757
402	873
402	931
403	128
403	148
403	312
403	473
403	749
403	849
403	888
403	976
404	44
404	206
404	661
404	863
404	897
404	921
404	959
404	989
405	331
405	385
405	665
405	720
405	797
405	946
405	963
405	979
406	268
406	877
406	909
406	910
406	915
406	933
406	942
406	971
407	262
407	464
407	711
407	817
407	955
407	966
407	970
407	979
408	531
408	539
408	639
408	745
408	782
408	822
408	940
408	959
409	86
409	425
409	526
409	599
409	667
409	906
409	957
409	983
410	245
410	308
410	337
410	450
410	506
410	797
410	953
410	983
411	145
411	324
411	656
411	765
411	802
411	876
411	880
411	922
412	230
412	301
412	481
412	659
412	729
412	740
412	851
412	960
413	51
413	618
413	695
413	716
413	762
413	763
413	920
413	928
414	31
414	139
414	453
414	653
414	657
414	853
414	902
414	958
415	6
415	310
415	515
415	597
415	625
415	681
415	706
415	871
416	351
416	463
416	507
416	550
416	721
416	755
416	805
416	989
417	364
417	572
417	606
417	837
417	916
417	939
417	949
417	998
418	350
418	351
418	455
418	563
418	668
418	835
418	840
418	853
419	163
419	388
419	567
419	589
419	597
419	717
419	743
419	989
420	96
420	198
420	579
420	664
420	863
420	897
420	921
420	925
421	199
421	216
421	283
421	347
421	610
421	859
421	898
421	996
422	155
422	379
422	442
422	500
422	720
422	924
422	948
422	971
423	162
423	167
423	299
423	499
423	689
423	768
423	862
423	978
424	259
424	356
424	527
424	605
424	647
424	728
424	856
424	968
425	409
425	466
425	679
425	717
425	746
425	801
425	878
425	957
426	333
426	505
426	540
426	790
426	909
426	970
426	986
426	990
427	174
427	219
427	497
427	509
427	673
427	819
427	847
427	910
428	44
428	83
428	88
428	400
428	444
428	725
428	844
428	889
429	82
429	289
429	290
429	517
429	702
429	713
429	740
429	841
430	158
430	541
430	562
430	611
430	753
430	762
430	816
430	952
431	7
431	210
431	246
431	484
431	609
431	731
431	786
431	843
432	382
432	574
432	713
432	715
432	839
432	904
432	912
432	937
433	368
433	478
433	538
433	606
433	639
433	693
433	926
433	975
434	40
434	289
434	570
434	816
434	834
434	867
434	897
434	921
435	161
435	469
435	594
435	632
435	660
435	674
435	889
435	915
436	16
436	99
436	267
436	385
436	611
436	644
436	789
436	944
437	372
437	521
437	570
437	576
437	722
437	912
437	948
437	973
438	112
438	130
438	144
438	169
438	365
438	536
438	558
438	720
439	137
439	391
439	577
439	637
439	694
439	775
439	814
439	958
440	117
440	298
440	484
440	494
440	635
440	673
440	796
440	877
441	85
441	107
441	574
441	748
441	761
441	772
441	807
441	809
442	257
442	289
442	422
442	446
442	825
442	903
442	944
442	975
443	277
443	314
443	452
443	609
443	680
443	702
443	704
443	954
444	202
444	368
444	376
444	390
444	428
444	638
444	735
444	835
445	49
445	250
445	278
445	472
445	568
445	628
445	949
445	961
446	23
446	294
446	442
446	491
446	564
446	796
446	903
446	967
447	81
447	593
447	658
447	695
447	752
447	804
447	806
447	947
448	66
448	103
448	193
448	380
448	614
448	812
448	888
448	941
449	348
449	374
449	488
449	790
449	881
449	903
449	983
449	995
450	89
450	248
450	390
450	410
450	584
450	789
450	975
450	984
451	246
451	544
451	595
451	644
451	856
451	927
451	977
451	995
452	134
452	443
452	680
452	777
452	816
452	832
452	864
452	871
453	161
453	414
453	455
453	641
453	684
453	706
453	954
453	997
454	212
454	332
454	519
454	620
454	635
454	693
454	806
454	879
455	281
455	397
455	418
455	453
455	628
455	803
455	927
455	930
456	10
456	64
456	209
456	216
456	615
456	808
456	898
456	972
457	361
457	647
457	704
457	726
457	750
457	759
457	946
457	985
458	276
458	618
458	642
458	865
458	888
458	952
458	954
458	988
459	474
459	719
459	850
459	870
459	882
459	897
459	912
459	973
460	224
460	295
460	355
460	461
460	526
460	570
460	714
460	849
461	54
461	360
461	460
461	588
461	722
461	825
461	831
461	959
462	88
462	314
462	360
462	722
462	727
462	739
462	813
462	830
463	27
463	132
463	147
463	243
463	416
463	749
463	767
463	861
464	407
464	471
464	753
464	758
464	914
464	946
464	967
464	979
465	137
465	270
465	274
465	295
465	791
465	838
465	986
465	998
466	102
466	305
466	425
466	743
466	746
466	799
466	819
466	965
467	691
467	803
467	833
467	900
467	901
467	927
467	945
467	955
468	255
468	344
468	534
468	626
468	651
468	830
468	868
468	909
469	72
469	435
469	524
469	528
469	610
469	690
469	763
469	874
470	38
470	567
470	656
470	671
470	766
470	917
470	925
470	936
471	118
471	464
471	527
471	589
471	733
471	945
471	946
471	979
472	232
472	370
472	445
472	568
472	750
472	825
472	969
472	976
473	25
473	325
473	403
473	591
473	731
473	752
473	821
473	864
474	223
474	226
474	459
474	547
474	558
474	748
474	946
474	979
475	491
475	514
475	679
475	730
475	806
475	824
475	882
475	950
476	245
476	277
476	367
476	519
476	569
476	784
476	787
476	905
477	24
477	293
477	504
477	513
477	537
477	687
477	759
477	945
478	105
478	257
478	320
478	324
478	368
478	433
478	538
478	775
478	977
479	105
479	162
479	251
479	394
479	717
479	820
479	874
479	899
479	936
480	123
480	214
480	278
480	398
480	771
480	881
480	948
480	958
480	964
481	181
481	362
481	390
481	412
481	507
481	638
481	899
481	908
481	973
482	122
482	203
482	244
482	395
482	399
482	593
482	801
482	917
482	986
483	32
483	257
483	353
483	498
483	671
483	863
483	897
483	921
483	993
484	33
484	164
484	194
484	431
484	440
484	575
484	698
484	891
484	923
485	242
485	271
485	332
485	701
485	705
485	793
485	835
485	905
485	943
486	92
486	156
486	239
486	242
486	258
486	495
486	515
486	565
486	628
487	93
487	264
487	366
487	598
487	679
487	695
487	852
487	921
487	952
488	206
488	328
488	449
488	635
488	648
488	805
488	839
488	884
488	980
489	124
489	125
489	201
489	581
489	601
489	729
489	745
489	863
489	869
490	128
490	223
490	303
490	564
490	572
490	682
490	759
490	802
490	813
491	446
491	475
491	623
491	715
491	716
491	792
491	829
491	900
491	984
492	87
492	107
492	579
492	585
492	797
492	802
492	845
492	851
492	890
493	18
493	297
493	496
493	510
493	706
493	786
493	804
493	806
493	856
494	37
494	157
494	244
494	248
494	440
494	520
494	593
494	637
494	928
495	104
495	259
495	486
495	714
495	840
495	858
495	942
495	961
495	968
496	276
496	283
496	493
496	578
496	583
496	630
496	644
496	853
496	855
497	157
497	427
497	632
497	670
497	790
497	842
497	875
497	938
497	983
498	6
498	172
498	291
498	483
498	535
498	866
498	925
498	987
498	992
499	153
499	423
499	729
499	845
499	881
499	950
499	955
499	965
499	977
500	64
500	141
500	422
500	579
500	600
500	683
500	857
500	993
500	997
501	61
501	195
501	199
501	625
501	639
501	735
501	753
501	902
501	942
502	1
502	390
502	523
502	608
502	727
502	851
502	960
502	969
502	977
503	294
503	573
503	742
503	778
503	784
503	836
503	850
503	867
503	973
504	322
504	381
504	477
504	518
504	693
504	719
504	780
504	793
504	914
505	338
505	363
505	426
505	569
505	664
505	707
505	866
505	915
505	978
506	410
506	521
506	529
506	543
506	789
506	803
506	929
506	963
506	973
507	416
507	481
507	523
507	646
507	773
507	798
507	896
507	976
507	992
508	77
508	136
508	593
508	634
508	809
508	831
508	880
508	886
508	893
509	64
509	77
509	427
509	676
509	783
509	806
509	814
509	893
509	965
510	90
510	224
510	297
510	333
510	493
510	654
510	673
510	856
510	869
511	261
511	280
511	552
511	597
511	814
511	868
511	984
511	987
511	995
512	182
512	271
512	390
512	534
512	541
512	677
512	785
512	917
512	935
513	105
513	326
513	399
513	477
513	652
513	665
513	687
513	888
513	931
514	149
514	207
514	475
514	712
514	715
514	730
514	829
514	886
514	966
515	128
515	163
515	415
515	486
515	689
515	762
515	860
515	885
515	978
516	112
516	537
516	736
516	743
516	817
516	857
516	859
516	932
516	971
517	124
517	342
517	358
517	429
517	594
517	713
517	858
517	900
517	936
518	201
518	504
518	682
518	719
518	762
518	871
518	930
518	956
518	973
519	110
519	121
519	253
519	386
519	454
519	476
519	727
519	884
519	956
520	47
520	99
520	494
520	611
520	646
520	797
520	922
520	930
520	980
521	393
521	437
521	506
521	631
521	667
521	850
521	879
521	979
521	987
522	84
522	213
522	334
522	576
522	663
522	672
522	804
522	849
522	882
523	127
523	179
523	354
523	502
523	507
523	531
523	535
523	634
523	936
524	12
524	168
524	241
524	395
524	469
524	550
524	744
524	814
524	893
525	51
525	52
525	110
525	537
525	609
525	610
525	807
525	907
525	944
526	409
526	460
526	579
526	581
526	617
526	798
526	886
526	888
526	983
527	206
527	400
527	424
527	471
527	674
527	811
527	904
527	972
527	976
528	24
528	59
528	132
528	146
528	469
528	818
528	829
528	860
528	919
529	163
529	331
529	355
529	506
529	621
529	675
529	758
529	772
529	893
530	22
530	131
530	580
530	714
530	810
530	821
530	825
530	857
530	861
531	58
531	70
531	166
531	397
531	408
531	523
531	646
531	710
531	744
532	108
532	713
532	774
532	837
532	840
532	845
532	890
532	909
532	926
533	298
533	545
533	549
533	559
533	636
533	667
533	839
533	957
533	989
534	154
534	468
534	512
534	785
534	810
534	889
534	892
534	898
534	996
535	258
535	498
535	523
535	542
535	617
535	734
535	835
535	899
535	993
536	438
536	696
536	698
536	780
536	785
536	933
536	970
536	984
536	995
537	248
537	265
537	402
537	477
537	516
537	525
537	817
537	903
537	971
538	116
538	153
538	324
538	433
538	478
538	606
538	649
538	726
538	984
539	251
539	408
539	579
539	589
539	615
539	767
539	837
539	878
539	926
540	23
540	262
540	370
540	426
540	615
540	728
540	767
540	787
540	922
541	154
541	382
541	430
541	512
541	660
541	759
541	791
541	824
541	929
542	48
542	271
542	375
542	535
542	580
542	667
542	827
542	971
542	989
543	139
543	221
543	255
543	506
543	790
543	804
543	911
543	962
543	974
544	250
544	258
544	451
544	555
544	596
544	754
544	815
544	927
544	984
545	54
545	310
545	533
545	564
545	577
545	596
545	644
545	657
545	763
546	243
546	254
546	333
546	671
546	738
546	849
546	855
546	861
546	954
547	291
547	474
547	614
547	624
547	700
547	711
547	793
547	875
547	945
548	23
548	627
548	635
548	701
548	778
548	780
548	874
548	890
548	990
549	533
549	619
549	637
549	807
549	917
549	953
549	982
549	994
549	999
550	150
550	203
550	416
550	524
550	600
550	699
550	787
550	829
550	839
551	104
551	267
551	346
551	377
551	662
551	741
551	858
551	925
551	968
552	36
552	100
552	129
552	136
552	325
552	331
552	389
552	511
552	886
553	657
553	773
553	801
553	867
553	896
553	897
553	963
553	992
553	996
554	26
554	257
554	606
554	643
554	671
554	677
554	749
554	839
554	875
555	64
555	94
555	544
555	556
555	644
555	788
555	791
555	832
555	959
556	93
556	223
556	395
556	555
556	562
556	614
556	640
556	655
556	731
557	246
557	296
557	580
557	656
557	902
557	921
557	950
557	960
557	971
558	134
558	278
558	438
558	474
558	607
558	681
558	802
558	885
558	946
559	39
559	79
559	175
559	304
559	533
559	577
559	702
559	778
559	921
560	63
560	359
560	596
560	640
560	712
560	726
560	763
560	826
560	888
561	214
561	330
561	338
561	628
561	643
561	769
561	840
561	919
561	924
562	80
562	90
562	254
562	265
562	430
562	556
562	655
562	927
562	952
563	264
563	369
563	389
563	392
563	418
563	706
563	880
563	895
563	997
564	375
564	446
564	490
564	545
564	568
564	704
564	837
564	864
564	887
565	42
565	49
565	376
565	486
565	737
565	787
565	927
565	954
565	995
566	227
566	312
566	391
566	609
566	744
566	756
566	759
566	885
566	896
567	221
567	263
567	280
567	340
567	419
567	470
567	910
567	949
567	966
568	33
568	445
568	472
568	564
568	699
568	750
568	814
568	863
568	905
569	172
569	222
569	363
569	476
569	505
569	664
569	691
569	752
569	971
570	434
570	437
570	460
570	650
570	709
570	768
570	900
570	978
570	985
571	33
571	139
571	144
571	164
571	238
571	324
571	680
571	732
571	876
571	880
572	220
572	417
572	490
572	581
572	682
572	716
572	777
572	828
572	932
572	949
573	78
573	232
573	257
573	279
573	365
573	503
573	606
573	869
573	938
573	967
574	74
574	200
574	432
574	441
574	654
574	685
574	889
574	901
574	952
574	962
575	69
575	190
575	484
575	625
575	721
575	760
575	918
575	959
575	963
575	990
576	318
576	396
576	437
576	522
576	672
576	687
576	785
576	882
576	952
576	982
577	74
577	106
577	197
577	383
577	439
577	545
577	559
577	814
577	892
577	971
578	36
578	297
578	333
578	496
578	598
578	661
578	754
578	856
578	884
578	938
579	50
579	228
579	420
579	492
579	500
579	526
579	539
579	709
579	849
579	986
580	45
580	210
580	294
580	296
580	530
580	542
580	557
580	656
580	925
580	945
581	256
581	341
581	399
581	489
581	526
581	572
581	715
581	809
581	876
581	889
582	121
582	260
582	757
582	769
582	815
582	851
582	866
582	929
582	965
582	991
583	57
583	217
583	284
583	350
583	496
583	761
583	802
583	847
583	848
583	905
584	188
584	321
584	339
584	450
584	714
584	725
584	782
584	783
584	867
584	958
585	66
585	155
585	284
585	492
585	692
585	775
585	781
585	873
585	941
585	990
586	270
586	650
586	692
586	777
586	872
586	879
586	942
586	955
587	217
587	263
587	292
587	322
587	603
587	777
587	778
587	790
587	941
587	947
588	210
588	263
588	273
588	461
588	675
588	687
588	848
588	879
588	888
588	914
589	75
589	237
589	394
589	419
589	471
589	539
589	718
589	841
589	872
589	874
590	105
590	116
590	620
590	634
590	748
590	881
590	950
590	955
590	977
590	993
591	4
591	13
591	25
591	30
591	71
591	179
591	473
591	731
591	926
591	953
592	38
592	55
592	208
592	245
592	655
592	718
592	842
592	875
592	898
592	905
593	17
593	447
593	482
593	494
593	508
593	608
593	761
593	821
593	853
593	913
594	435
594	517
594	632
594	705
594	722
594	804
594	879
594	946
594	976
594	983
595	26
595	49
595	80
595	177
595	402
595	451
595	763
595	826
595	927
595	978
596	141
596	286
596	544
596	545
596	560
596	640
596	774
596	927
596	961
596	981
597	150
597	208
597	227
597	244
597	415
597	419
597	511
597	757
597	964
597	1000
598	176
598	364
598	487
598	578
598	654
598	661
598	693
598	717
598	838
598	974
599	409
599	646
599	719
599	761
599	815
599	898
599	901
599	924
599	974
599	996
600	276
600	323
600	396
600	500
600	550
600	661
600	746
600	773
600	826
600	958
601	296
601	489
601	640
601	641
601	769
601	776
601	801
601	895
601	967
601	974
602	17
602	63
602	273
602	317
602	371
602	383
602	779
602	896
602	916
602	982
603	85
603	86
603	239
603	587
603	648
603	742
603	795
603	836
603	949
603	969
604	32
604	159
604	203
604	211
604	395
604	733
604	770
604	859
604	954
604	975
605	142
605	204
605	259
605	424
605	638
605	724
605	851
605	898
605	908
605	960
606	324
606	368
606	376
606	417
606	433
606	538
606	554
606	573
606	626
606	790
607	258
607	371
607	387
607	558
607	619
607	680
607	790
607	804
607	912
607	962
608	101
608	212
608	291
608	502
608	593
608	618
608	736
608	877
608	926
608	963
609	57
609	79
609	89
609	431
609	443
609	525
609	566
609	698
609	885
609	996
610	421
610	469
610	525
610	736
610	776
610	795
610	862
610	892
610	920
610	991
611	99
611	123
611	430
611	436
611	520
611	645
611	646
611	731
611	769
611	816
612	226
612	235
612	659
612	759
612	795
612	862
612	934
612	939
612	956
612	991
613	279
613	310
613	677
613	740
613	776
613	794
613	883
613	919
613	935
613	981
614	47
614	58
614	306
614	448
614	547
614	556
614	774
614	833
614	931
614	962
615	70
615	186
615	216
615	456
615	539
615	540
615	707
615	733
615	791
615	942
616	98
616	302
616	617
616	631
616	675
616	724
616	823
616	879
616	941
616	943
617	15
617	526
617	535
617	616
617	645
617	666
617	783
617	899
617	945
617	949
618	75
618	413
618	458
618	608
618	704
618	796
618	801
618	810
618	922
618	979
619	89
619	194
619	308
619	549
619	607
619	692
619	841
619	878
619	993
619	994
620	132
620	230
620	454
620	590
620	622
620	719
620	769
620	808
620	876
620	922
621	13
621	64
621	224
621	529
621	709
621	756
621	819
621	842
621	893
621	896
622	147
622	174
622	235
622	620
622	730
622	776
622	818
622	922
622	963
622	999
623	83
623	233
623	275
623	491
623	642
623	670
623	747
623	920
623	946
623	1000
624	42
624	172
624	184
624	253
624	362
624	547
624	945
624	954
624	981
624	997
625	188
625	330
625	415
625	501
625	575
625	639
625	662
625	705
625	938
625	991
626	3
626	54
626	163
626	277
626	468
626	606
626	798
626	813
626	831
626	997
627	215
627	386
627	548
627	719
627	809
627	820
627	844
627	890
627	937
627	972
628	82
628	258
628	445
628	455
628	486
628	561
628	634
628	660
628	924
628	990
629	191
629	364
629	371
629	661
629	698
629	716
629	722
629	805
629	819
629	949
630	170
630	178
630	206
630	256
630	496
630	866
630	868
630	883
630	925
630	987
631	103
631	194
631	521
631	616
631	780
631	850
631	944
631	946
631	955
631	977
632	121
632	435
632	497
632	594
632	677
632	877
632	887
632	911
632	919
632	930
633	673
633	684
633	800
633	817
633	825
633	859
633	932
633	968
633	971
633	993
634	127
634	286
634	354
634	508
634	523
634	590
634	628
634	761
634	830
634	852
635	440
635	454
635	488
635	548
635	689
635	700
635	793
635	920
635	955
635	956
636	132
636	166
636	271
636	533
636	714
636	825
636	861
636	943
636	947
636	951
637	131
637	243
637	272
637	311
637	439
637	494
637	549
637	775
637	814
637	1000
638	22
638	74
638	254
638	343
638	444
638	481
638	605
638	808
638	960
638	999
639	22
639	408
639	433
639	501
639	625
639	650
639	657
639	662
639	856
639	993
640	225
640	359
640	556
640	560
640	596
640	601
640	727
640	755
640	765
640	908
641	5
641	28
641	111
641	123
641	453
641	601
641	723
641	892
641	906
641	962
642	269
642	275
642	327
642	458
642	623
642	670
642	758
642	816
642	849
642	854
643	62
643	316
643	554
643	561
643	711
643	729
643	755
643	762
643	912
643	966
644	387
644	436
644	451
644	496
644	545
644	555
644	655
644	803
644	927
644	953
644	979
645	82
645	270
645	309
645	611
645	617
645	666
645	734
645	743
645	834
645	852
645	890
646	16
646	99
646	507
646	520
646	531
646	599
646	611
646	737
646	795
646	893
646	987
647	17
647	53
647	187
647	372
647	394
647	424
647	457
647	693
647	869
647	885
647	988
648	2
648	53
648	152
648	286
648	350
648	355
648	488
648	603
648	766
648	811
648	972
649	36
649	218
649	381
649	538
649	687
649	694
649	760
649	808
649	873
649	931
649	1000
650	231
650	281
650	570
650	586
650	639
650	777
650	822
650	869
650	872
650	943
650	985
651	27
651	101
651	146
651	159
651	180
651	292
651	315
651	468
651	676
651	677
651	935
652	368
652	513
652	653
652	662
652	725
652	732
652	800
652	910
652	938
652	957
652	980
653	95
653	174
653	337
653	401
653	414
653	652
653	709
653	725
653	902
653	913
653	920
654	200
654	237
654	256
654	295
654	342
654	510
654	574
654	598
654	815
654	996
654	997
655	48
655	401
655	556
655	562
655	592
655	644
655	763
655	865
655	899
655	904
655	938
656	174
656	411
656	470
656	557
656	580
656	729
656	799
656	849
656	871
656	887
656	977
657	414
657	545
657	553
657	639
657	688
657	714
657	725
657	789
657	800
657	827
657	979
658	50
658	51
658	126
658	447
658	681
658	884
658	908
658	947
658	960
658	968
658	997
659	3
659	87
659	375
659	412
659	612
659	724
659	727
659	851
659	871
659	894
659	964
660	100
660	149
660	435
660	541
660	628
660	732
660	747
660	840
660	848
660	898
660	957
661	247
661	401
661	404
661	578
661	598
661	600
661	629
661	682
661	702
661	703
661	949
662	183
662	551
662	625
662	639
662	652
662	679
662	781
662	810
662	864
662	932
662	938
663	47
663	172
663	522
663	684
663	771
663	774
663	871
663	918
663	931
663	963
663	994
664	9
664	158
664	222
664	346
664	363
664	420
664	505
664	569
664	777
664	937
664	982
665	353
665	405
665	513
665	758
665	776
665	799
665	826
665	840
665	895
665	967
665	974
666	349
666	617
666	645
666	721
666	734
666	818
666	834
666	853
666	862
666	899
666	1000
667	305
667	409
667	521
667	533
667	542
667	705
667	743
667	855
667	902
667	939
667	988
668	148
668	191
668	418
668	715
668	772
668	832
668	855
668	904
668	913
668	915
668	937
669	36
669	233
669	269
669	275
669	280
669	342
669	343
669	670
669	843
669	867
669	977
670	233
670	269
670	308
670	331
670	497
670	623
670	642
670	669
670	722
670	795
670	831
671	23
671	38
671	172
671	275
671	470
671	483
671	546
671	554
671	697
671	784
671	805
672	14
672	522
672	576
672	677
672	801
672	873
672	885
672	888
672	935
672	966
672	985
673	219
673	276
673	427
673	440
673	510
673	633
673	684
673	733
673	865
673	922
673	997
674	192
674	435
674	527
674	691
674	694
674	852
674	865
674	876
674	895
674	951
674	998
675	225
675	272
675	293
675	302
675	529
675	588
675	616
675	914
675	943
675	944
675	979
676	333
676	394
676	509
676	651
676	703
676	718
676	748
676	823
676	841
676	874
676	942
677	201
677	512
677	554
677	613
677	632
677	651
677	672
677	935
677	952
677	953
677	961
678	41
678	44
678	198
678	323
678	345
678	737
678	783
678	798
678	828
678	855
678	886
679	81
679	176
679	425
679	475
679	487
679	662
679	681
679	806
679	865
679	884
679	964
680	291
680	443
680	452
680	571
680	607
680	726
680	831
680	864
680	887
680	933
680	965
681	106
681	160
681	372
681	415
681	558
681	658
681	679
681	829
681	884
681	947
681	955
682	125
682	219
682	247
682	490
682	518
682	572
682	661
682	716
682	866
682	948
682	968
683	294
683	307
683	500
683	684
683	716
683	819
683	897
683	926
683	927
683	956
683	997
684	29
684	252
684	389
684	453
684	633
684	663
684	673
684	683
684	761
684	807
684	845
685	147
685	220
685	302
685	574
685	712
685	741
685	789
685	796
685	846
685	919
685	959
686	4
686	19
686	98
686	138
686	284
686	311
686	851
686	859
686	915
686	947
686	966
687	303
687	477
687	513
687	576
687	588
687	649
687	808
687	873
687	908
687	924
687	999
688	100
688	202
688	282
688	657
688	689
688	734
688	741
688	826
688	835
688	880
688	924
689	27
689	276
689	285
689	423
689	515
689	635
689	688
689	768
689	817
689	900
689	982
690	40
690	70
690	150
690	241
690	334
690	373
690	469
690	794
690	795
690	820
690	829
691	184
691	257
691	334
691	347
691	467
691	569
691	674
691	694
691	829
691	852
691	953
692	19
692	224
692	268
692	585
692	586
692	619
692	709
692	728
692	751
692	799
692	845
693	302
693	327
693	338
693	433
693	454
693	504
693	598
693	647
693	741
693	956
693	995
694	43
694	86
694	439
694	649
694	674
694	691
694	822
694	838
694	848
694	886
694	951
695	181
695	249
695	413
695	447
695	487
695	717
695	812
695	835
695	921
695	925
695	952
696	6
696	117
696	126
696	536
696	723
696	815
696	832
696	834
696	844
696	906
696	924
697	84
697	128
697	183
697	352
697	360
697	671
697	717
697	797
697	824
697	900
697	978
698	187
698	304
698	378
698	484
698	536
698	609
698	629
698	824
698	840
698	870
698	954
699	107
699	156
699	252
699	349
699	550
699	568
699	855
699	856
699	887
699	899
699	952
700	188
700	378
700	547
700	635
700	783
700	794
700	842
700	854
700	867
700	960
700	997
701	101
701	247
701	250
701	296
701	485
701	548
701	705
701	719
701	904
701	956
701	984
702	39
702	79
702	241
702	304
702	429
702	443
702	559
702	661
702	835
702	857
702	942
703	99
703	213
703	265
703	322
703	364
703	661
703	676
703	716
703	728
703	949
703	975
704	149
704	303
704	443
704	457
704	564
704	618
704	800
704	864
704	887
704	899
704	973
705	387
705	485
705	594
705	625
705	667
705	701
705	719
705	793
705	840
705	854
705	890
706	415
706	453
706	493
706	563
706	771
706	825
706	854
706	862
706	879
706	961
706	997
707	70
707	169
707	209
707	216
707	283
707	505
707	615
707	764
707	802
707	875
707	998
708	101
708	141
708	186
708	239
708	261
708	278
708	302
708	882
708	900
708	902
708	935
709	138
709	240
709	570
709	579
709	621
709	653
709	692
709	849
709	870
709	888
709	941
710	179
710	220
710	318
710	350
710	531
710	723
710	744
710	908
710	939
710	947
710	957
711	38
711	194
711	316
711	407
711	547
711	643
711	728
711	785
711	839
711	877
711	981
712	71
712	218
712	269
712	367
712	514
712	560
712	685
712	906
712	910
712	946
712	959
712	961
713	228
713	429
713	432
713	517
713	532
713	718
713	859
713	874
713	923
713	936
713	955
713	966
714	460
714	495
714	530
714	584
714	636
714	657
714	723
714	763
714	821
714	825
714	861
714	873
715	5
715	33
715	46
715	140
715	349
715	432
715	491
715	514
715	581
715	668
715	829
715	936
716	3
716	317
716	413
716	491
716	572
716	629
716	682
716	683
716	703
716	832
716	886
716	949
717	76
717	255
717	419
717	425
717	479
717	598
717	695
717	697
717	729
717	781
717	799
717	990
718	19
718	328
718	367
718	391
718	589
718	592
718	676
718	713
718	812
718	874
718	915
718	975
719	59
719	161
719	459
719	504
719	518
719	599
719	620
719	627
719	701
719	705
719	875
719	992
720	274
720	400
720	405
720	422
720	438
720	778
720	797
720	811
720	872
720	912
720	979
720	1000
721	20
721	211
721	224
721	277
721	290
721	416
721	575
721	666
721	724
721	755
721	756
721	805
722	437
722	461
722	462
722	594
722	629
722	670
722	830
722	833
722	846
722	939
722	954
722	981
723	196
723	400
723	641
723	696
723	710
723	714
723	821
723	844
723	856
723	909
723	931
723	999
724	20
724	58
724	181
724	605
724	616
724	659
724	721
724	755
724	805
724	863
724	951
724	956
725	209
725	274
725	428
725	584
725	652
725	653
725	657
725	800
725	911
725	938
725	941
725	970
726	66
726	94
726	215
726	303
726	457
726	538
726	560
726	680
726	759
726	906
726	911
726	980
727	167
727	462
727	502
727	519
727	640
727	659
727	773
727	817
727	836
727	938
727	976
727	992
728	42
728	335
728	424
728	540
728	692
728	703
728	711
728	846
728	889
728	970
728	986
728	990
729	16
729	138
729	174
729	210
729	296
729	412
729	489
729	499
729	643
729	656
729	717
729	887
730	5
730	60
730	111
730	140
730	266
730	475
730	514
730	622
730	792
730	829
730	909
730	971
731	30
731	264
731	325
731	352
731	431
731	473
731	556
731	591
731	611
731	788
731	836
731	854
732	297
732	307
732	392
732	571
732	652
732	660
732	776
732	833
732	872
732	895
732	967
732	974
733	32
733	39
733	61
733	159
733	208
733	398
733	471
733	604
733	615
733	673
733	770
733	928
734	321
734	535
734	645
734	666
734	688
734	750
734	774
734	834
734	863
734	899
734	961
734	986
735	56
735	199
735	329
735	444
735	501
735	754
735	761
735	851
735	908
735	951
735	960
735	984
736	11
736	112
736	300
736	310
736	344
736	516
736	608
736	610
736	910
736	915
736	942
736	994
737	35
737	53
737	198
737	345
737	382
737	565
737	646
737	678
737	798
737	941
737	973
737	987
738	97
738	102
738	370
738	546
738	770
738	791
738	800
738	818
738	824
738	861
738	929
738	988
739	76
739	258
739	266
739	279
739	282
739	372
739	462
739	852
739	865
739	900
739	988
739	995
740	53
740	196
740	227
740	373
740	376
740	412
740	429
740	613
740	742
740	919
740	970
740	981
741	29
741	113
741	116
741	118
741	551
741	685
741	688
741	693
741	747
741	803
741	833
741	945
742	322
742	368
742	384
742	503
742	603
742	740
742	743
742	770
742	779
742	822
742	939
742	969
743	301
743	324
743	419
743	466
743	516
743	645
743	667
743	742
743	878
743	884
743	887
743	894
744	58
744	220
744	318
744	346
744	379
744	386
744	524
744	531
744	566
744	710
744	912
744	945
745	26
745	50
745	155
745	263
745	359
745	394
745	408
745	489
745	754
745	822
745	826
745	940
746	207
746	323
746	372
746	425
746	466
746	600
746	810
746	828
746	843
746	865
746	980
746	988
747	46
747	185
747	288
747	320
747	326
747	623
747	660
747	741
747	805
747	942
747	948
747	958
748	76
748	217
748	333
748	340
748	375
748	441
748	474
748	590
748	676
748	809
748	823
748	981
749	7
749	249
749	280
749	403
749	463
749	554
749	784
749	803
749	894
749	904
749	945
749	966
750	49
750	200
750	300
750	302
750	346
750	457
750	472
750	568
750	734
750	835
750	874
750	976
751	96
751	120
751	280
751	348
751	351
751	692
751	827
751	876
751	891
751	928
751	935
751	943
752	3
752	135
752	357
752	447
752	473
752	569
752	775
752	776
752	789
752	895
752	967
752	974
753	24
753	62
753	86
753	366
753	392
753	430
753	464
753	501
753	803
753	952
753	959
753	970
754	49
754	125
754	388
754	544
754	578
754	735
754	745
754	785
754	822
754	932
754	940
754	992
755	67
755	219
755	229
755	290
755	359
755	416
755	640
755	643
755	721
755	724
755	763
755	805
756	64
756	129
756	137
756	188
756	195
756	222
756	393
756	566
756	621
756	721
756	886
756	998
757	18
757	77
757	200
757	340
757	402
757	582
757	597
757	769
757	893
757	894
757	942
757	964
758	253
758	313
758	464
758	529
758	642
758	665
758	863
758	885
758	897
758	921
759	35
759	457
759	477
759	490
759	541
759	566
759	612
759	726
759	860
759	864
759	869
759	887
760	6
760	190
760	296
760	299
760	306
760	575
760	649
760	824
760	836
760	885
760	892
760	918
761	179
761	380
761	441
761	583
761	593
761	599
761	634
761	684
761	735
761	796
761	801
761	920
762	271
762	283
762	413
762	430
762	515
762	518
762	643
762	772
762	799
762	853
762	952
762	967
763	213
763	266
763	374
763	413
763	469
763	545
763	560
763	595
763	655
763	714
763	755
763	832
764	193
764	272
764	278
764	319
764	345
764	368
764	707
764	895
764	928
764	930
764	934
764	973
765	1
765	114
765	242
765	272
765	411
765	640
765	891
765	907
765	930
765	934
765	956
765	980
766	46
766	73
766	193
766	312
766	470
766	648
766	775
766	827
766	871
766	948
766	958
766	972
767	16
767	27
767	28
767	115
767	370
767	463
767	539
767	540
767	861
767	927
767	960
767	964
768	61
768	168
768	293
768	339
768	342
768	423
768	570
768	689
768	860
768	981
768	985
768	986
768	989
769	145
769	561
769	582
769	601
769	611
769	620
769	757
769	837
769	871
769	894
769	961
769	965
769	996
770	32
770	159
770	208
770	604
770	733
770	738
770	742
770	781
770	824
770	838
770	850
770	870
770	890
771	47
771	65
771	172
771	369
771	480
771	663
771	706
771	774
771	811
771	823
771	833
771	907
771	990
772	233
772	285
772	385
772	441
772	529
772	668
772	762
772	832
772	843
772	928
772	937
772	967
772	993
773	30
773	167
773	311
773	507
773	553
773	600
773	727
773	841
773	854
773	884
773	896
773	924
773	992
774	34
774	111
774	211
774	230
774	253
774	532
774	596
774	614
774	663
774	734
774	771
774	803
774	926
775	131
775	197
775	347
775	381
775	439
775	478
775	585
775	637
775	752
775	766
775	814
775	866
775	963
776	51
776	88
776	358
776	601
776	610
776	613
776	622
776	665
776	732
776	752
776	781
776	967
776	974
777	145
777	182
777	231
777	281
777	337
777	452
777	572
777	586
777	587
777	650
777	664
777	872
777	913
778	169
778	232
778	348
778	371
778	503
778	548
778	559
778	587
778	720
778	785
778	939
778	954
778	969
779	14
779	106
779	110
779	131
779	182
779	237
779	240
779	279
779	602
779	742
779	916
779	940
779	982
780	26
780	378
780	504
780	536
780	548
780	631
780	842
780	870
780	898
780	916
780	940
780	984
780	995
781	10
781	76
781	162
781	392
781	585
781	662
781	717
781	770
781	776
781	799
781	880
781	956
781	972
782	129
782	182
782	269
782	347
782	408
782	584
782	844
782	848
782	858
782	875
782	914
782	919
782	943
783	9
783	138
783	147
783	242
783	260
783	357
783	509
783	584
783	617
783	678
783	700
783	794
783	867
784	7
784	11
784	212
784	287
784	381
784	476
784	503
784	671
784	749
784	839
784	862
784	917
784	966
785	180
785	278
785	376
785	400
785	512
785	534
785	536
785	576
785	711
785	754
785	778
785	882
785	898
786	119
786	144
786	204
786	273
786	353
786	391
786	431
786	493
786	840
786	843
786	885
786	918
786	936
787	78
787	122
787	150
787	216
787	226
787	250
787	286
787	334
787	476
787	540
787	550
787	565
787	820
788	108
788	130
788	269
788	326
788	335
788	393
788	555
788	731
788	792
788	799
788	812
788	816
788	846
789	136
789	264
789	400
789	436
789	450
789	506
789	657
789	685
789	752
789	850
789	889
789	912
789	973
790	40
790	300
790	376
790	426
790	449
790	497
790	543
790	587
790	606
790	607
790	846
790	911
790	962
791	88
791	97
791	194
791	395
791	465
791	541
791	555
791	615
791	738
791	808
791	824
791	897
791	929
792	108
792	116
792	192
792	387
792	393
792	491
792	730
792	788
792	812
792	892
792	938
792	943
792	980
793	39
793	68
793	170
793	222
793	264
793	485
793	504
793	547
793	635
793	705
793	890
793	925
793	936
794	138
794	224
794	321
794	329
794	371
794	613
794	690
794	700
794	783
794	832
794	855
794	867
794	985
795	83
795	235
795	379
795	603
795	610
795	612
795	646
795	670
795	690
795	862
795	920
795	969
795	991
796	77
796	127
796	179
796	295
796	303
796	440
796	446
796	618
796	685
796	761
796	847
796	873
796	877
797	67
797	169
797	170
797	255
797	377
797	405
797	410
797	492
797	520
797	697
797	720
797	858
797	989
798	35
798	61
798	259
798	345
798	507
798	526
798	626
798	678
798	737
798	828
798	856
798	880
798	936
799	366
799	466
799	656
799	665
799	692
799	717
799	762
799	781
799	788
799	838
799	850
799	951
799	952
800	267
800	398
800	633
800	652
800	657
800	704
800	725
800	738
800	848
800	885
800	902
800	923
800	966
801	354
801	400
801	425
801	482
801	553
801	601
801	618
801	672
801	761
801	812
801	877
801	968
801	1000
802	201
802	202
802	411
802	490
802	492
802	558
802	583
802	707
802	820
802	835
802	842
802	905
802	910
803	253
803	396
803	455
803	467
803	506
803	644
803	741
803	749
803	753
803	774
803	918
803	919
803	945
804	70
804	154
804	180
804	319
804	371
804	447
804	493
804	522
804	543
804	594
804	607
804	878
804	983
805	20
805	256
805	284
805	416
805	488
805	629
805	671
805	721
805	724
805	747
805	755
805	856
805	908
806	41
806	111
806	226
806	325
806	447
806	454
806	475
806	493
806	509
806	679
806	884
806	947
806	989
807	52
807	139
807	242
807	281
807	319
807	441
807	525
807	549
807	684
807	907
807	933
807	982
807	993
808	94
808	127
808	268
808	326
808	343
808	384
808	456
808	620
808	638
808	649
808	687
808	791
808	999
809	48
809	50
809	167
809	328
809	340
809	392
809	441
809	508
809	581
809	627
809	748
809	821
809	823
810	132
810	146
810	230
810	530
810	534
810	618
810	662
810	746
810	818
810	855
810	907
810	922
810	963
811	110
811	152
811	226
811	259
811	261
811	527
811	648
811	720
811	771
811	818
811	823
811	972
811	975
812	3
812	12
812	211
812	387
812	393
812	448
812	695
812	718
812	788
812	792
812	801
812	877
812	892
813	37
813	95
813	103
813	255
813	262
813	288
813	314
813	462
813	490
813	626
813	831
813	940
813	967
813	974
814	106
814	197
814	221
814	234
814	439
814	509
814	511
814	524
814	568
814	577
814	637
814	775
814	888
814	912
815	22
815	196
815	544
815	582
815	599
815	654
815	696
815	881
815	898
815	901
815	904
815	928
815	988
815	996
816	250
816	317
816	335
816	367
816	387
816	430
816	434
816	452
816	611
816	642
816	788
816	855
816	892
816	906
817	19
817	239
817	281
817	379
817	407
817	516
817	537
817	633
817	689
817	727
817	859
817	951
817	966
817	971
818	58
818	91
818	229
818	322
818	392
818	528
818	622
818	666
818	738
818	810
818	811
818	845
818	862
818	922
819	41
819	187
819	242
819	319
819	427
819	466
819	621
819	629
819	683
819	857
819	896
819	911
819	949
819	961
820	72
820	93
820	203
820	247
820	299
820	334
820	479
820	627
820	690
820	787
820	802
820	860
820	948
820	994
821	67
821	252
821	330
821	473
821	530
821	593
821	714
821	723
821	809
821	825
821	836
821	861
821	931
821	954
822	165
822	190
822	365
822	388
822	408
822	650
822	694
822	742
822	745
822	754
822	860
822	905
822	940
822	984
823	43
823	50
823	85
823	338
823	340
823	375
823	379
823	616
823	676
823	748
823	771
823	809
823	811
823	873
824	62
824	206
824	349
824	382
824	475
824	541
824	697
824	698
824	738
824	760
824	770
824	791
824	865
824	929
825	67
825	332
825	442
825	461
825	472
825	530
825	633
825	636
825	706
825	714
825	821
825	861
825	894
825	901
826	8
826	149
826	164
826	560
826	595
826	600
826	665
826	688
826	745
826	835
826	872
826	884
826	907
826	924
827	160
827	214
827	288
827	307
827	542
827	657
827	751
827	766
827	864
827	906
827	948
827	950
827	958
827	962
828	35
828	142
828	177
828	198
828	320
828	345
828	348
828	572
828	678
828	746
828	798
828	833
828	956
828	958
829	5
829	233
829	240
829	491
829	514
829	528
829	550
829	681
829	690
829	691
829	715
829	730
829	851
829	1000
830	37
830	168
830	220
830	255
830	343
830	388
830	462
830	468
830	634
830	722
830	838
830	864
830	901
830	949
831	54
831	72
831	291
831	314
831	359
831	461
831	508
831	626
831	670
831	680
831	813
831	921
831	931
831	953
832	236
832	452
832	555
832	668
832	696
832	716
832	763
832	772
832	794
832	866
832	917
832	937
832	970
832	999
833	82
833	293
833	467
833	614
833	722
833	732
833	741
833	771
833	828
833	864
833	889
833	898
833	960
833	984
834	63
834	270
834	294
834	329
834	434
834	645
834	666
834	696
834	734
834	890
834	899
834	911
834	914
834	996
835	267
835	397
835	418
835	444
835	485
835	535
835	688
835	695
835	702
835	750
835	802
835	826
835	924
835	994
836	14
836	217
836	365
836	394
836	503
836	603
836	727
836	731
836	760
836	821
836	901
836	939
836	969
836	996
837	92
837	98
837	190
837	330
837	417
837	532
837	539
837	564
837	769
837	853
837	891
837	909
837	926
837	978
838	50
838	51
838	52
838	176
838	266
838	271
838	465
838	598
838	694
838	770
838	799
838	830
838	933
838	952
839	121
839	280
839	315
839	432
839	488
839	533
839	550
839	554
839	711
839	784
839	845
839	929
839	966
839	992
840	84
840	185
840	338
840	397
840	418
840	495
840	532
840	561
840	660
840	665
840	698
840	705
840	786
840	987
841	182
841	224
841	228
841	261
841	429
841	589
841	619
841	676
841	773
841	895
841	936
841	946
841	964
841	972
842	298
842	497
842	592
842	621
842	700
842	780
842	802
842	847
842	905
842	910
842	950
842	957
842	964
842	978
843	57
843	144
843	229
843	327
843	391
843	431
843	669
843	746
843	772
843	786
843	885
843	924
843	940
843	974
844	88
844	307
844	377
844	428
844	627
844	696
844	723
844	782
844	899
844	906
844	914
844	939
844	947
844	953
845	148
845	379
845	492
845	499
845	532
845	684
845	692
845	818
845	839
845	849
845	888
845	919
845	941
845	995
846	40
846	71
846	147
846	212
846	297
846	367
846	380
846	685
846	722
846	728
846	788
846	790
846	897
846	959
847	2
847	10
847	68
847	192
847	202
847	245
847	350
847	356
847	427
847	583
847	796
847	842
847	958
847	961
847	969
848	8
848	42
848	95
848	157
848	195
848	583
848	588
848	660
848	694
848	782
848	800
848	855
848	859
848	914
848	943
849	1
849	87
849	403
849	460
849	522
849	546
849	579
849	642
849	656
849	709
849	845
849	891
849	900
849	903
849	917
850	131
850	227
850	251
850	301
850	459
850	503
850	521
850	631
850	770
850	789
850	799
850	879
850	902
850	944
850	953
851	46
851	193
851	282
851	376
851	412
851	492
851	502
851	582
851	605
851	659
851	686
851	735
851	829
851	865
851	908
852	4
852	43
852	122
852	135
852	173
852	369
852	487
852	634
852	645
852	674
852	691
852	739
852	895
852	904
852	951
853	225
853	251
853	290
853	292
853	330
853	414
853	418
853	496
853	593
853	666
853	762
853	837
853	909
853	926
853	999
854	8
854	178
854	231
854	329
854	642
854	700
854	705
854	706
854	731
854	773
854	896
854	906
854	957
854	976
854	992
855	102
855	360
855	496
855	546
855	667
855	668
855	678
855	699
855	794
855	810
855	816
855	848
855	856
855	914
855	920
856	41
856	252
856	374
856	424
856	451
856	493
856	510
856	578
856	639
856	699
856	723
856	798
856	805
856	855
856	878
857	34
857	41
857	60
857	66
857	91
857	285
857	393
857	398
857	500
857	516
857	530
857	702
857	819
857	949
857	961
858	154
858	289
858	340
858	361
858	380
858	495
858	517
858	551
858	782
858	797
858	899
858	937
858	968
858	982
858	988
859	9
859	86
859	180
859	297
859	379
859	421
859	516
859	604
859	633
859	686
859	713
859	817
859	848
859	932
859	971
860	123
860	128
860	162
860	309
860	310
860	515
860	528
860	759
860	768
860	820
860	822
860	895
860	900
860	917
860	985
861	67
861	84
861	152
861	166
861	229
861	463
861	530
861	546
861	636
861	714
861	738
861	767
861	821
861	825
861	989
862	78
862	143
862	423
862	610
862	612
862	666
862	706
862	784
862	795
862	818
862	905
862	907
862	920
862	937
862	991
863	171
863	363
863	404
863	420
863	483
863	489
863	568
863	724
863	734
863	758
863	883
863	897
863	921
863	953
863	988
864	90
864	316
864	452
864	473
864	564
864	662
864	680
864	704
864	759
864	827
864	830
864	833
864	887
864	899
864	985
865	372
865	384
865	396
865	458
865	655
865	673
865	674
865	679
865	739
865	746
865	824
865	851
865	895
865	969
865	988
866	109
866	149
866	498
866	505
866	582
866	630
866	682
866	775
866	832
866	868
866	883
866	886
866	925
866	985
866	987
867	74
867	188
867	205
867	321
867	434
867	503
867	553
867	584
867	669
867	700
867	783
867	794
867	875
867	899
867	928
868	37
868	102
868	134
868	381
868	468
868	511
868	630
868	866
868	879
868	881
868	883
868	925
868	983
868	987
868	991
869	17
869	91
869	152
869	187
869	259
869	346
869	489
869	510
869	573
869	647
869	650
869	759
869	894
869	972
869	976
870	59
870	74
870	197
870	222
870	239
870	401
870	459
870	698
870	709
870	770
870	780
870	921
870	924
870	954
870	995
871	39
871	415
871	452
871	518
871	656
871	659
871	663
871	766
871	769
871	893
871	905
871	964
871	965
871	975
871	1000
872	203
872	231
872	281
872	337
872	586
872	589
872	650
872	720
872	732
872	777
872	826
872	881
872	906
872	918
872	959
873	25
873	159
873	268
873	293
873	317
873	402
873	585
873	649
873	672
873	687
873	714
873	796
873	823
873	931
873	940
874	45
874	236
874	262
874	469
874	479
874	548
874	589
874	676
874	713
874	718
874	750
874	930
874	934
874	936
874	987
875	110
875	191
875	332
875	497
875	547
875	554
875	592
875	707
875	719
875	782
875	867
875	879
875	914
875	943
875	989
876	14
876	137
876	139
876	238
876	243
876	411
876	571
876	581
876	620
876	674
876	751
876	880
876	909
876	964
876	987
877	119
877	291
877	298
877	315
877	395
877	406
877	440
877	608
877	632
877	711
877	796
877	801
877	812
877	896
877	967
878	28
878	83
878	157
878	204
878	225
878	249
878	372
878	425
878	539
878	619
878	743
878	804
878	856
878	894
878	989
879	302
879	454
879	521
879	586
879	588
879	594
879	616
879	706
879	850
879	868
879	875
879	914
879	941
879	943
879	977
880	14
880	139
880	236
880	238
880	272
880	411
880	508
880	563
880	571
880	688
880	781
880	798
880	876
880	935
880	964
881	39
881	55
881	105
881	449
881	480
881	499
881	590
881	815
881	868
881	872
881	901
881	950
881	955
881	977
882	21
882	84
882	182
882	210
882	305
882	354
882	459
882	475
882	522
882	576
882	708
882	785
882	909
882	972
882	997
883	5
883	18
883	79
883	200
883	261
883	390
883	613
883	630
883	863
883	866
883	868
883	925
883	948
883	986
883	987
884	48
884	226
884	488
884	519
884	578
884	658
884	679
884	681
884	743
884	773
884	806
884	826
884	931
884	947
884	996
885	119
885	227
885	515
885	558
885	566
885	609
885	647
885	672
885	758
885	760
885	786
885	800
885	843
885	937
885	975
886	104
886	241
886	353
886	358
886	508
886	514
886	526
886	552
886	678
886	694
886	716
886	756
886	866
886	913
886	998
887	94
887	179
887	364
887	564
887	632
887	656
887	680
887	699
887	704
887	729
887	743
887	759
887	864
887	956
887	962
887	968
888	213
888	359
888	373
888	403
888	448
888	458
888	513
888	526
888	560
888	588
888	672
888	709
888	814
888	845
888	923
888	988
889	109
889	231
889	283
889	303
889	428
889	435
889	534
889	574
889	581
889	728
889	789
889	833
889	901
889	904
889	906
889	996
890	33
890	168
890	248
890	327
890	341
890	386
890	492
890	532
890	548
890	627
890	645
890	705
890	770
890	793
890	834
890	939
891	189
891	268
891	322
891	397
891	484
891	751
891	765
891	837
891	849
891	913
891	928
891	930
891	934
891	966
891	980
891	991
892	35
892	113
892	114
892	151
892	317
892	329
892	335
892	534
892	577
892	610
892	641
892	760
892	792
892	812
892	816
892	983
893	4
893	115
893	198
893	353
893	369
893	508
893	509
893	524
893	529
893	621
893	646
893	757
893	871
893	953
893	967
893	998
894	6
894	68
894	290
894	659
894	743
894	749
894	757
894	769
894	825
894	869
894	878
894	915
894	965
894	977
894	979
894	1000
895	160
895	190
895	234
895	563
895	601
895	665
895	674
895	732
895	752
895	764
895	841
895	852
895	860
895	865
895	967
895	974
896	90
896	177
896	178
896	308
896	333
896	507
896	553
896	566
896	602
896	621
896	773
896	819
896	854
896	877
896	992
896	997
897	23
897	404
897	420
897	434
897	459
897	483
897	553
897	683
897	758
897	791
897	846
897	863
897	921
897	935
897	967
897	997
898	180
898	283
898	421
898	456
898	534
898	592
898	599
898	605
898	660
898	780
898	785
898	815
898	833
898	901
898	957
898	991
899	270
899	479
899	481
899	535
899	617
899	655
899	666
899	699
899	704
899	734
899	834
899	844
899	858
899	864
899	867
899	997
900	13
900	20
900	266
900	331
900	467
900	491
900	517
900	570
900	689
900	697
900	708
900	739
900	849
900	860
900	947
900	985
901	22
901	141
901	297
901	298
901	467
901	574
901	599
901	815
901	825
901	830
901	836
901	881
901	889
901	898
901	956
901	996
902	259
902	307
902	312
902	401
902	414
902	501
902	557
902	653
902	667
902	708
902	800
902	850
902	932
902	950
902	966
902	998
903	113
903	181
903	246
903	277
903	328
903	339
903	354
903	357
903	384
903	442
903	446
903	449
903	537
903	849
903	905
903	975
904	60
904	151
904	309
904	382
904	399
904	432
904	527
904	655
904	668
904	701
904	749
904	815
904	852
904	889
904	994
904	999
905	277
905	476
905	485
905	568
905	583
905	592
905	802
905	822
905	842
905	862
905	871
905	903
905	910
905	925
905	995
905	999
906	72
906	88
906	123
906	126
906	185
906	409
906	641
906	696
906	712
906	726
906	816
906	827
906	844
906	854
906	872
906	889
907	63
907	90
907	130
907	161
907	205
907	316
907	364
907	525
907	765
907	771
907	807
907	810
907	826
907	862
907	933
907	994
908	73
908	350
908	481
908	605
908	640
908	658
908	687
908	710
908	735
908	805
908	851
908	938
908	953
908	959
908	960
908	995
909	107
909	225
909	330
909	406
909	426
909	468
909	532
909	723
909	730
909	837
909	853
909	876
909	882
909	926
909	935
909	956
910	8
910	267
910	298
910	325
910	350
910	351
910	406
910	427
910	567
910	652
910	712
910	736
910	802
910	842
910	905
910	961
911	75
911	301
911	331
911	344
911	374
911	394
911	543
911	632
911	725
911	726
911	790
911	819
911	834
911	962
911	963
911	983
912	222
912	378
912	432
912	437
912	459
912	607
912	643
912	720
912	744
912	789
912	814
912	944
912	953
912	965
912	973
912	983
913	8
913	14
913	234
913	272
913	299
913	593
913	653
913	668
913	777
913	886
913	891
913	928
913	930
913	934
913	980
913	996
914	238
914	332
914	365
914	464
914	504
914	588
914	675
914	782
914	834
914	844
914	848
914	855
914	875
914	879
914	944
914	974
915	11
915	112
915	171
915	176
915	240
915	289
915	344
915	406
915	435
915	505
915	668
915	686
915	718
915	736
915	894
915	942
916	11
916	20
916	31
916	32
916	186
916	237
916	383
916	396
916	417
916	602
916	779
916	780
916	952
916	974
916	982
916	994
917	21
917	133
917	397
917	470
917	482
917	512
917	549
917	784
917	832
917	849
917	860
917	937
917	993
917	994
917	995
917	999
918	115
918	136
918	178
918	190
918	299
918	306
918	361
918	575
918	663
918	760
918	786
918	803
918	872
918	923
918	945
918	986
919	18
919	24
919	79
919	310
919	373
919	528
919	561
919	613
919	632
919	685
919	740
919	782
919	803
919	845
919	950
919	981
920	143
920	184
920	186
920	234
920	287
920	386
920	413
920	610
920	623
920	635
920	653
920	761
920	795
920	855
920	862
920	934
920	991
921	303
921	337
921	404
921	420
921	434
921	483
921	487
921	557
921	559
921	695
921	758
921	831
921	863
921	870
921	897
921	927
921	987
922	59
922	117
922	126
922	173
922	237
922	282
922	397
922	411
922	520
922	540
922	618
922	620
922	622
922	673
922	810
922	818
922	998
923	33
923	109
923	122
923	164
923	194
923	211
923	232
923	317
923	343
923	484
923	713
923	800
923	888
923	918
923	936
923	960
923	996
924	100
924	176
924	212
924	223
924	338
924	422
924	561
924	599
924	628
924	687
924	688
924	696
924	773
924	826
924	835
924	843
924	870
925	75
925	146
925	195
925	292
925	420
925	470
925	498
925	551
925	580
925	630
925	695
925	793
925	866
925	868
925	883
925	905
925	987
926	127
926	191
926	225
926	251
926	262
926	433
926	532
926	539
926	591
926	608
926	683
926	774
926	837
926	853
926	909
926	971
926	987
927	80
927	309
927	325
927	451
927	455
927	467
927	544
927	562
927	565
927	595
927	596
927	644
927	683
927	767
927	921
927	951
927	984
928	72
928	120
928	151
928	413
928	494
928	733
928	751
928	764
928	772
928	815
928	867
928	891
928	913
928	962
928	980
928	981
928	991
929	48
929	54
929	57
929	62
929	97
929	117
929	290
929	349
929	506
929	541
929	582
929	738
929	791
929	824
929	839
929	971
929	986
930	28
930	31
930	193
930	348
930	455
930	518
930	520
930	632
930	764
930	765
930	874
930	891
930	913
930	933
930	934
930	983
930	991
931	125
931	195
931	288
931	293
931	356
931	381
931	384
931	402
931	513
931	614
931	649
931	663
931	723
931	821
931	831
931	873
931	884
932	96
932	145
932	149
932	155
932	171
932	193
932	320
932	516
932	572
932	633
932	662
932	754
932	859
932	902
932	943
932	971
932	972
933	15
933	21
933	63
933	77
933	101
933	184
933	205
933	306
933	319
933	406
933	536
933	680
933	807
933	838
933	907
933	930
933	998
934	144
934	236
934	304
934	305
934	348
934	612
934	764
934	765
934	874
934	891
934	913
934	920
934	930
934	970
934	977
934	980
934	982
935	84
935	101
935	270
935	512
935	613
935	651
935	672
935	677
935	708
935	751
935	880
935	897
935	909
935	953
935	985
935	986
935	992
936	61
936	202
936	342
936	470
936	479
936	517
936	523
936	713
936	715
936	786
936	793
936	798
936	841
936	874
936	923
936	983
936	995
937	85
937	108
937	207
937	269
937	432
937	627
937	664
937	668
937	772
937	832
937	858
937	862
937	885
937	917
937	952
937	993
937	994
938	5
938	165
938	398
938	401
938	497
938	573
938	578
938	625
938	652
938	655
938	662
938	725
938	727
938	792
938	908
938	972
938	994
939	217
939	257
939	313
939	361
939	417
939	612
939	667
939	710
939	722
939	742
939	778
939	836
939	844
939	890
939	969
939	979
939	980
940	26
940	102
940	117
940	181
940	369
940	388
940	393
940	408
940	745
940	754
940	779
940	780
940	813
940	822
940	843
940	873
940	969
941	57
941	87
941	108
941	148
941	213
941	354
941	448
941	585
941	587
941	616
941	709
941	725
941	737
941	845
941	879
941	979
941	996
942	11
942	112
942	171
942	344
942	348
942	366
942	406
942	495
942	501
942	586
942	615
942	676
942	702
942	736
942	747
942	757
942	915
943	201
943	332
943	398
943	485
943	616
943	636
943	650
943	675
943	751
943	782
943	792
943	848
943	875
943	879
943	932
943	992
943	999
944	103
944	248
944	286
944	373
944	386
944	389
944	436
944	442
944	525
944	631
944	675
944	850
944	912
944	914
944	953
944	973
944	981
945	65
945	82
945	185
945	191
945	275
945	467
945	471
945	477
945	547
945	580
945	617
945	624
945	741
945	744
945	749
945	803
945	918
945	970
946	135
946	170
946	262
946	299
946	405
946	457
946	464
946	471
946	474
946	558
946	594
946	623
946	631
946	712
946	841
946	955
946	977
946	992
947	45
947	81
947	215
947	219
947	226
947	236
947	447
947	587
947	636
947	658
947	681
947	686
947	710
947	806
947	844
947	884
947	900
947	996
948	30
948	52
948	85
948	214
948	288
948	306
948	320
948	422
948	437
948	480
948	682
948	747
948	766
948	820
948	827
948	883
948	978
948	993
949	162
949	215
949	247
949	253
949	370
949	417
949	445
949	567
949	572
949	603
949	617
949	629
949	661
949	703
949	716
949	819
949	830
949	857
950	45
950	142
950	189
950	231
950	475
950	499
950	557
950	590
950	827
950	842
950	881
950	902
950	919
950	955
950	959
950	974
950	977
950	994
951	43
951	113
951	122
951	135
951	175
951	184
951	205
951	328
951	338
951	636
951	674
951	694
951	724
951	735
951	799
951	817
951	852
951	927
952	15
952	114
952	313
952	430
952	458
952	487
952	562
952	574
952	576
952	677
952	695
952	699
952	753
952	762
952	799
952	838
952	916
952	937
953	103
953	410
953	549
953	591
953	644
953	677
953	691
953	831
953	844
953	850
953	863
953	893
953	908
953	912
953	935
953	944
953	973
953	976
954	87
954	156
954	243
954	443
954	453
954	458
954	546
954	565
954	604
954	624
954	698
954	722
954	778
954	821
954	870
954	984
954	995
954	1000
955	56
955	142
955	150
955	318
955	407
955	467
955	499
955	586
955	590
955	631
955	635
955	681
955	713
955	881
955	946
955	950
955	977
956	164
956	168
956	386
956	518
956	519
956	612
956	635
956	683
956	693
956	701
956	724
956	765
956	781
956	828
956	887
956	901
956	909
956	973
957	48
957	83
957	178
957	285
957	305
957	316
957	323
957	409
957	425
957	533
957	652
957	660
957	710
957	842
957	854
957	898
957	980
957	989
958	46
958	104
958	109
958	214
958	282
958	320
958	414
958	439
958	480
958	584
958	600
958	747
958	766
958	827
958	828
958	847
958	971
958	996
959	71
959	212
959	218
959	336
959	367
959	404
959	408
959	461
959	555
959	575
959	685
959	712
959	753
959	846
959	872
959	908
959	950
959	973
960	1
960	96
960	232
960	376
960	412
960	502
960	557
960	605
960	638
960	658
960	700
960	735
960	767
960	833
960	908
960	923
960	989
960	996
961	140
961	141
961	285
961	339
961	389
961	445
961	495
961	596
961	677
961	706
961	712
961	734
961	769
961	819
961	847
961	857
961	910
961	997
962	140
962	154
962	161
962	300
962	371
962	374
962	543
962	574
962	607
962	614
962	641
962	790
962	827
962	887
962	911
962	928
962	976
962	983
963	91
963	117
963	146
963	173
963	229
963	277
963	323
963	405
963	506
963	553
963	575
963	608
963	622
963	663
963	775
963	810
963	911
963	972
964	68
964	163
964	320
964	380
964	480
964	597
964	659
964	679
964	757
964	767
964	841
964	842
964	871
964	876
964	880
964	965
964	973
964	1000
965	65
965	73
965	115
965	260
965	270
965	274
965	283
965	466
965	499
965	509
965	582
965	680
965	769
965	871
965	894
965	912
965	964
965	1000
966	287
966	316
966	340
966	407
966	514
966	567
966	643
966	672
966	686
966	713
966	749
966	784
966	800
966	817
966	839
966	891
966	902
966	970
966	978
967	22
967	273
967	365
967	446
967	464
967	573
967	601
967	665
967	732
967	752
967	762
967	772
967	776
967	813
967	877
967	893
967	895
967	897
967	974
968	154
968	267
968	311
968	315
968	324
968	327
968	361
968	385
968	395
968	424
968	495
968	551
968	633
968	658
968	682
968	801
968	858
968	887
968	980
969	121
969	232
969	258
969	344
969	365
969	472
969	502
969	603
969	742
969	778
969	795
969	836
969	847
969	865
969	939
969	940
969	971
969	972
969	995
970	2
970	87
970	152
970	295
970	352
970	386
970	407
970	426
970	536
970	725
970	728
970	740
970	753
970	832
970	934
970	945
970	966
970	986
970	990
971	246
971	282
971	406
971	422
971	516
971	537
971	542
971	557
971	569
971	577
971	633
971	730
971	817
971	859
971	926
971	929
971	932
971	958
971	969
972	17
972	85
972	186
972	328
972	336
972	456
972	527
972	627
972	648
972	766
972	781
972	811
972	841
972	869
972	882
972	932
972	938
972	963
972	969
973	248
973	364
973	437
973	459
973	481
973	503
973	506
973	518
973	704
973	737
973	764
973	789
973	912
973	944
973	953
973	956
973	959
973	964
973	997
974	13
974	97
974	198
974	273
974	543
974	598
974	599
974	601
974	665
974	732
974	752
974	776
974	813
974	843
974	895
974	914
974	916
974	950
974	967
975	34
975	181
975	184
975	208
975	221
975	265
975	294
975	339
975	433
975	442
975	450
975	604
975	703
975	718
975	811
975	871
975	885
975	903
975	977
976	8
976	69
976	131
976	177
976	178
976	251
976	381
976	403
976	472
976	507
976	527
976	594
976	727
976	750
976	854
976	869
976	953
976	962
976	992
977	45
977	142
977	451
977	478
977	499
977	502
977	590
977	631
977	656
977	669
977	879
977	881
977	894
977	934
977	946
977	950
977	955
977	975
977	980
978	9
978	13
978	55
978	80
978	156
978	177
978	202
978	218
978	423
978	505
978	515
978	570
978	595
978	697
978	837
978	842
978	948
978	966
978	985
979	118
979	134
979	197
979	264
979	405
979	407
979	464
979	471
979	474
979	521
979	618
979	644
979	657
979	675
979	720
979	894
979	939
979	941
979	992
980	52
980	96
980	120
980	151
980	488
980	520
980	652
980	726
980	746
980	765
980	792
980	891
980	913
980	928
980	934
980	939
980	957
980	968
980	977
981	18
981	24
981	60
981	79
981	109
981	310
981	373
981	596
981	613
981	624
981	711
981	722
981	740
981	748
981	768
981	919
981	928
981	944
981	986
982	31
982	124
982	237
982	240
982	247
982	345
982	355
982	383
982	549
982	576
982	602
982	664
982	689
982	779
982	807
982	858
982	916
982	934
982	987
983	44
983	161
983	309
983	362
983	385
983	409
983	410
983	449
983	497
983	526
983	594
983	804
983	868
983	892
983	911
983	912
983	930
983	936
983	962
984	54
984	74
984	169
984	189
984	243
984	450
984	491
984	511
984	536
984	538
984	544
984	701
984	735
984	780
984	822
984	833
984	927
984	954
984	995
985	9
985	61
985	100
985	183
985	252
985	260
985	273
985	457
985	570
985	650
985	672
985	768
985	794
985	860
985	864
985	866
985	900
985	935
985	978
986	2
986	40
986	95
986	295
986	317
986	426
986	465
986	482
986	579
986	728
986	734
986	768
986	883
986	918
986	929
986	935
986	970
986	981
986	990
987	189
987	292
987	389
987	498
987	511
987	521
987	630
987	646
987	737
987	840
987	866
987	868
987	874
987	876
987	883
987	921
987	925
987	926
987	982
988	55
988	98
988	135
988	276
988	282
988	323
988	341
988	351
988	396
988	458
988	647
988	667
988	738
988	739
988	746
988	815
988	858
988	863
988	865
988	888
989	10
989	78
989	83
989	217
989	288
989	301
989	314
989	404
989	416
989	419
989	533
989	542
989	768
989	797
989	806
989	861
989	875
989	878
989	957
989	960
990	21
990	40
990	42
990	81
990	162
990	180
990	228
990	243
990	295
990	426
990	548
990	575
990	585
990	628
990	717
990	728
990	771
990	970
990	986
990	991
991	24
991	126
991	143
991	176
991	186
991	234
991	390
991	582
991	610
991	612
991	625
991	795
991	862
991	868
991	891
991	898
991	920
991	928
991	930
991	990
992	20
992	97
992	167
992	300
992	383
992	498
992	507
992	553
992	719
992	727
992	754
992	773
992	839
992	854
992	896
992	935
992	943
992	946
992	976
992	979
993	25
993	89
993	115
993	197
993	244
993	385
993	483
993	500
993	535
993	590
993	619
993	633
993	639
993	772
993	807
993	917
993	937
993	948
993	994
993	999
994	143
994	236
994	275
994	281
994	284
994	549
994	619
994	663
994	736
994	820
994	835
994	904
994	907
994	916
994	917
994	937
994	938
994	950
994	993
994	999
995	92
995	189
995	268
995	449
995	451
995	511
995	536
995	565
995	693
995	739
995	780
995	845
995	870
995	905
995	908
995	917
995	936
995	954
995	969
995	984
996	109
996	421
996	534
996	553
996	599
996	609
996	654
996	769
996	815
996	834
996	836
996	884
996	889
996	901
996	913
996	923
996	941
996	947
996	958
996	960
997	34
997	60
997	211
997	453
997	500
997	563
997	624
997	626
997	654
997	658
997	673
997	683
997	700
997	706
997	882
997	896
997	897
997	899
997	961
997	973
998	36
998	77
998	140
998	145
998	216
998	218
998	274
998	309
998	313
998	358
998	417
998	465
998	674
998	707
998	756
998	886
998	893
998	902
998	922
998	933
999	16
999	27
999	68
999	133
999	382
999	391
999	549
999	622
999	638
999	687
999	723
999	808
999	832
999	853
999	904
999	905
999	917
999	943
999	993
999	994
1000	3
1000	10
1000	68
1000	170
1000	239
1000	254
1000	260
1000	597
1000	623
1000	637
1000	649
1000	666
1000	720
1000	801
1000	829
1000	871
1000	894
1000	954
1000	964
1000	965
