1	307
1	506
1	823
1	910
1	986
1	996
2	50
2	427
2	463
2	533
2	574
2	933
3	71
3	381
3	654
3	680
3	749
3	898
4	285
4	299
4	503
4	527
4	559
4	699
5	363
5	699
5	736
5	762
5	850
5	973
6	544
6	615
6	775
6	828
6	859
6	899
7	151
7	187
7	811
7	829
7	875
7	949
8	51
8	415
8	454
8	790
8	809
8	888
9	89
9	518
9	673
9	686
9	777
9	859
10	277
10	364
10	531
10	895
10	911
10	938
11	206
11	317
11	639
11	889
11	907
11	952
12	329
12	572
12	652
12	663
12	865
12	919
13	666
13	791
13	881
13	980
13	985
13	986
14	91
14	295
14	509
14	543
14	806
14	812
15	202
15	335
15	443
15	448
15	805
15	881
16	270
16	514
16	714
16	895
16	939
16	940
17	236
17	497
17	569
17	703
17	714
17	765
18	73
18	426
18	612
18	749
18	909
18	989
19	372
19	448
19	710
19	719
19	863
19	917
20	510
20	522
20	799
20	861
20	870
20	972
21	48
21	105
21	770
21	926
21	943
21	948
22	264
22	311
22	776
22	781
22	826
22	934
23	63
23	588
23	592
23	862
23	967
23	985
24	351
24	391
24	631
24	935
24	947
24	959
25	334
25	482
25	543
25	757
25	879
25	921
26	193
26	287
26	386
26	709
26	787
26	919
27	313
27	401
27	621
27	735
27	781
27	979
28	458
28	688
28	700
28	771
28	828
28	905
29	205
29	263
29	505
29	837
29	960
29	977
30	549
30	678
30	837
30	894
30	936
30	984
31	206
31	471
31	716
31	893
31	920
31	981
32	394
32	599
32	745
32	946
32	973
32	982
33	40
33	65
33	215
33	645
33	669
33	863
34	189
34	341
34	652
34	662
34	710
34	720
35	331
35	482
35	876
35	921
35	965
35	966
36	402
36	465
36	527
36	725
36	739
36	935
37	39
37	41
37	207
37	544
37	833
37	899
38	83
38	276
38	352
38	374
38	572
38	892
39	37
39	711
39	772
39	778
39	862
39	917
40	33
40	248
40	255
40	409
40	651
40	779
41	37
41	104
41	824
41	832
41	898
41	989
42	392
42	427
42	550
42	768
42	787
42	818
43	321
43	410
43	539
43	586
43	606
43	826
44	294
44	667
44	823
44	825
44	879
44	980
45	114
45	664
45	821
45	869
45	937
45	958
46	71
46	103
46	230
46	448
46	583
46	740
47	145
47	573
47	797
47	834
47	843
47	939
48	21
48	401
48	539
48	815
48	943
48	962
49	208
49	437
49	767
49	791
49	929
49	940
50	2
50	380
50	625
50	728
50	736
50	876
51	8
51	462
51	687
51	805
51	844
51	950
52	95
52	496
52	554
52	713
52	842
52	906
53	400
53	447
53	601
53	655
53	814
53	944
54	181
54	260
54	661
54	686
54	802
54	803
55	323
55	337
55	438
55	452
55	694
55	752
56	139
56	186
56	631
56	632
56	874
56	890
57	314
57	781
57	783
57	808
57	907
57	959
58	96
58	146
58	542
58	726
58	860
58	869
59	438
59	578
59	693
59	707
59	726
59	981
60	444
60	497
60	850
60	956
60	971
60	986
61	387
61	657
61	742
61	811
61	931
61	984
62	131
62	208
62	212
62	563
62	643
62	857
63	23
63	601
63	801
63	807
63	883
63	997
64	407
64	594
64	684
64	786
64	952
64	988
65	33
65	261
65	296
65	556
65	785
65	979
66	420
66	602
66	606
66	661
66	773
66	919
67	284
67	321
67	334
67	410
67	423
67	650
68	313
68	508
68	802
68	903
68	915
68	960
69	360
69	603
69	639
69	894
69	952
69	994
70	552
70	611
70	715
70	774
70	890
70	922
71	3
71	46
71	211
71	873
71	897
71	963
72	249
72	259
72	301
72	425
72	571
72	676
73	18
73	594
73	736
73	882
73	915
73	961
74	301
74	305
74	316
74	474
74	653
74	790
75	103
75	422
75	570
75	643
75	663
75	915
76	234
76	320
76	383
76	591
76	735
76	947
77	693
77	717
77	726
77	760
77	785
77	931
78	160
78	597
78	694
78	834
78	843
78	856
79	102
79	682
79	791
79	891
79	948
79	959
80	150
80	155
80	701
80	705
80	742
80	894
81	86
81	221
81	423
81	655
81	775
81	876
82	110
82	158
82	742
82	841
82	965
82	976
83	38
83	348
83	382
83	681
83	786
83	929
84	362
84	804
84	899
84	941
84	957
84	1000
85	143
85	319
85	674
85	707
85	837
85	947
86	81
86	111
86	117
86	774
86	880
86	925
87	413
87	415
87	517
87	672
87	909
87	989
88	583
88	873
88	885
88	957
88	965
88	998
89	9
89	340
89	489
89	572
89	728
89	926
90	436
90	670
90	739
90	807
90	886
90	906
91	14
91	195
91	487
91	812
91	985
91	993
92	642
92	685
92	859
92	903
92	955
92	992
93	112
93	381
93	515
93	527
93	803
93	884
94	264
94	371
94	626
94	653
94	724
94	894
95	52
95	117
95	416
95	451
95	681
95	853
96	58
96	290
96	479
96	536
96	958
96	960
97	423
97	720
97	728
97	747
97	916
97	983
98	210
98	213
98	353
98	446
98	786
98	897
99	138
99	431
99	724
99	809
99	993
99	999
100	338
100	520
100	700
100	890
100	941
100	1000
101	145
101	178
101	395
101	566
101	684
101	877
102	79
102	554
102	616
102	753
102	793
102	937
103	46
103	75
103	626
103	868
103	885
103	889
104	41
104	177
104	359
104	700
104	713
104	882
105	21
105	265
105	670
105	685
105	712
105	937
106	373
106	627
106	636
106	705
106	829
106	830
107	212
107	407
107	600
107	641
107	864
107	881
108	215
108	540
108	580
108	656
108	826
108	931
109	485
109	761
109	797
109	860
109	873
109	951
110	82
110	173
110	628
110	763
110	888
110	996
111	86
111	315
111	458
111	845
111	969
111	990
112	93
112	135
112	248
112	517
112	580
112	931
113	129
113	157
113	637
113	696
113	699
113	769
114	45
114	400
114	592
114	757
114	869
114	985
115	473
115	493
115	566
115	710
115	875
115	899
116	292
116	485
116	847
116	872
116	992
116	994
117	86
117	95
117	434
117	458
117	648
117	905
118	335
118	598
118	804
118	877
118	930
118	959
119	284
119	321
119	343
119	480
119	662
119	947
120	270
120	379
120	601
120	819
120	840
120	961
121	385
121	638
121	747
121	938
121	986
121	990
122	218
122	322
122	436
122	457
122	486
122	725
123	553
123	716
123	751
123	802
123	805
123	863
124	222
124	676
124	723
124	844
124	914
124	968
125	162
125	614
125	667
125	855
125	929
125	947
126	422
126	424
126	595
126	674
126	736
126	972
127	228
127	569
127	788
127	828
127	923
127	981
128	593
128	655
128	736
128	774
128	809
128	915
129	113
129	208
129	599
129	748
129	769
129	906
130	207
130	389
130	423
130	611
130	720
130	762
131	62
131	500
131	632
131	789
131	800
131	969
132	180
132	263
132	440
132	723
132	815
132	968
133	658
133	769
133	770
133	810
133	874
133	943
134	161
134	336
134	410
134	705
134	989
134	995
135	112
135	529
135	781
135	888
135	965
135	978
136	176
136	259
136	343
136	571
136	813
136	872
137	410
137	552
137	625
137	924
137	966
137	991
138	99
138	362
138	415
138	792
138	870
138	901
139	56
139	373
139	421
139	526
139	681
139	883
140	371
140	400
140	483
140	503
140	507
140	869
141	196
141	546
141	696
141	833
141	871
141	881
142	221
142	225
142	343
142	521
142	553
142	577
143	85
143	523
143	574
143	837
143	898
143	937
144	199
144	772
144	804
144	824
144	875
144	898
145	47
145	101
145	694
145	810
145	843
145	972
146	58
146	484
146	542
146	865
146	902
146	929
147	476
147	524
147	772
147	794
147	862
147	898
148	367
148	501
148	578
148	650
148	813
148	942
149	214
149	316
149	615
149	710
149	863
149	897
150	80
150	176
150	279
150	769
150	885
150	957
151	7
151	637
151	929
151	943
151	960
151	963
152	180
152	466
152	621
152	643
152	690
152	785
153	291
153	485
153	670
153	691
153	866
153	994
154	291
154	481
154	685
154	749
154	875
154	978
155	80
155	395
155	504
155	558
155	835
155	994
156	230
156	498
156	508
156	801
156	861
156	891
157	113
157	357
157	387
157	531
157	676
157	682
158	82
158	159
158	570
158	603
158	833
158	867
159	158
159	328
159	584
159	904
159	911
159	988
160	78
160	696
160	730
160	920
160	981
160	988
161	134
161	457
161	587
161	865
161	916
161	994
162	125
162	175
162	341
162	563
162	921
162	949
163	329
163	598
163	693
163	752
163	816
163	858
164	192
164	472
164	576
164	644
164	809
164	822
165	531
165	835
165	936
165	937
165	974
165	977
166	348
166	361
166	385
166	432
166	892
166	980
167	204
167	411
167	510
167	736
167	915
167	939
168	377
168	557
168	609
168	637
168	822
168	939
169	273
169	418
169	688
169	692
169	733
169	942
170	439
170	444
170	718
170	858
170	922
170	977
171	366
171	567
171	655
171	791
171	856
171	894
172	362
172	461
172	742
172	755
172	949
172	973
173	110
173	267
173	355
173	546
173	608
173	880
174	216
174	659
174	672
174	712
174	734
174	821
175	162
175	258
175	365
175	645
175	830
175	865
176	136
176	150
176	385
176	540
176	781
176	931
177	104
177	616
177	668
177	774
177	982
177	984
178	101
178	326
178	626
178	719
178	842
178	863
179	182
179	274
179	669
179	807
179	824
179	906
180	132
180	152
180	187
180	768
180	825
180	911
181	54
181	635
181	702
181	767
181	770
181	998
182	179
182	203
182	245
182	259
182	548
182	725
183	218
183	523
183	564
183	649
183	679
183	948
184	221
184	781
184	831
184	887
184	892
184	948
185	760
185	787
185	892
185	895
185	982
185	984
186	56
186	512
186	599
186	664
186	938
186	990
187	7
187	180
187	624
187	893
187	904
187	973
188	316
188	422
188	780
188	838
188	885
188	939
189	34
189	194
189	623
189	782
189	947
189	965
190	321
190	385
190	489
190	861
190	867
190	936
191	579
191	640
191	820
191	860
191	912
191	981
192	164
192	605
192	697
192	857
192	883
192	993
193	26
193	205
193	794
193	876
193	940
193	985
194	189
194	316
194	360
194	733
194	801
194	808
195	91
195	252
195	612
195	941
195	982
195	1000
196	141
196	213
196	275
196	555
196	833
196	836
197	242
197	488
197	554
197	626
197	678
197	810
198	444
198	448
198	676
198	684
198	774
198	840
199	144
199	679
199	691
199	903
199	985
199	991
200	630
200	651
200	785
200	864
200	880
200	958
201	490
201	529
201	816
201	856
201	867
201	984
202	15
202	454
202	751
202	866
202	896
202	998
203	182
203	400
203	433
203	481
203	612
203	748
204	167
204	294
204	332
204	556
204	627
204	837
205	29
205	193
205	551
205	739
205	961
205	984
206	11
206	31
206	536
206	664
206	760
206	952
207	37
207	130
207	475
207	587
207	728
207	983
208	49
208	62
208	129
208	623
208	732
208	948
209	255
209	296
209	329
209	391
209	645
209	757
210	98
210	215
210	358
210	387
210	761
210	994
211	71
211	616
211	621
211	706
211	758
211	816
212	62
212	107
212	725
212	904
212	910
212	990
213	98
213	196
213	267
213	608
213	642
213	928
214	149
214	656
214	697
214	859
214	868
214	971
215	33
215	108
215	210
215	254
215	794
215	985
216	174
216	378
216	475
216	637
216	925
216	979
217	288
217	492
217	651
217	823
217	824
217	887
218	122
218	183
218	557
218	826
218	954
218	955
219	244
219	313
219	318
219	430
219	792
219	892
220	274
220	507
220	555
220	717
220	718
220	762
220	1000
221	81
221	142
221	184
221	263
221	324
221	333
221	968
222	124
222	254
222	425
222	528
222	609
222	978
222	995
223	257
223	261
223	489
223	643
223	661
223	676
223	773
224	254
224	295
224	342
224	431
224	748
224	841
224	925
225	142
225	268
225	596
225	619
225	796
225	852
225	983
226	323
226	498
226	580
226	583
226	775
226	913
226	973
227	412
227	520
227	671
227	715
227	795
227	885
227	904
228	127
228	282
228	647
228	704
228	767
228	855
228	970
229	288
229	309
229	442
229	485
229	645
229	757
229	840
230	46
230	156
230	410
230	581
230	593
230	833
230	874
231	239
231	380
231	583
231	611
231	682
231	876
231	962
232	413
232	469
232	780
232	799
232	925
232	958
232	975
233	388
233	438
233	478
233	494
233	502
233	760
233	770
234	76
234	322
234	597
234	653
234	702
234	883
234	890
235	270
235	512
235	533
235	661
235	766
235	803
235	974
236	17
236	654
236	730
236	763
236	878
236	881
236	886
237	451
237	491
237	634
237	665
237	674
237	780
237	965
238	280
238	390
238	431
238	526
238	611
238	658
238	982
239	231
239	516
239	523
239	559
239	668
239	940
239	996
240	264
240	382
240	511
240	582
240	599
240	671
240	780
241	331
241	354
241	572
241	658
241	749
241	854
241	975
242	197
242	548
242	639
242	873
242	937
242	978
242	990
243	353
243	502
243	554
243	662
243	767
243	951
243	982
244	219
244	295
244	445
244	676
244	678
244	771
244	844
245	182
245	247
245	420
245	523
245	524
245	752
245	956
246	845
246	855
246	916
246	949
246	954
246	987
246	993
247	245
247	342
247	360
247	414
247	524
247	743
247	990
248	40
248	112
248	255
248	363
248	652
248	757
248	883
249	72
249	262
249	530
249	678
249	730
249	813
249	829
250	427
250	534
250	638
250	818
250	819
250	940
250	969
251	263
251	293
251	317
251	393
251	916
251	945
251	959
252	195
252	402
252	889
252	894
252	910
252	940
252	1000
253	341
253	589
253	619
253	813
253	913
253	944
253	967
254	215
254	222
254	224
254	368
254	657
254	851
254	903
255	40
255	209
255	248
255	474
255	757
255	811
255	913
256	688
256	739
256	765
256	840
256	957
256	961
256	986
257	223
257	348
257	420
257	773
257	925
257	927
257	930
258	175
258	406
258	452
258	767
258	812
258	859
258	950
259	72
259	136
259	182
259	336
259	356
259	425
259	575
260	54
260	478
260	590
260	771
260	826
260	854
260	954
261	65
261	223
261	566
261	620
261	631
261	632
261	794
262	249
262	346
262	371
262	534
262	784
262	929
262	998
263	29
263	132
263	221
263	251
263	649
263	966
263	969
264	22
264	94
264	240
264	356
264	814
264	926
264	970
265	105
265	273
265	440
265	750
265	755
265	919
265	959
266	420
266	546
266	733
266	806
266	877
266	911
266	963
267	173
267	213
267	655
267	734
267	786
267	806
267	987
268	225
268	658
268	671
268	679
268	753
268	759
268	983
269	576
269	787
269	825
269	826
269	879
269	935
269	976
270	16
270	120
270	235
270	285
270	590
270	915
270	975
271	310
271	359
271	717
271	724
271	766
271	814
271	992
272	306
272	367
272	463
272	567
272	657
272	753
272	908
273	169
273	265
273	309
273	358
273	506
273	945
273	993
274	179
274	220
274	393
274	569
274	939
274	941
274	1000
275	196
275	432
275	526
275	528
275	607
275	700
275	710
276	38
276	302
276	456
276	572
276	768
276	781
276	936
277	10
277	418
277	601
277	625
277	705
277	798
277	857
278	673
278	756
278	800
278	835
278	859
278	864
278	936
279	150
279	394
279	419
279	684
279	896
279	926
279	978
280	238
280	363
280	483
280	544
280	618
280	874
280	936
281	286
281	380
281	789
281	966
281	968
281	979
281	981
282	228
282	531
282	557
282	572
282	676
282	816
282	978
283	424
283	486
283	556
283	712
283	761
283	820
283	896
284	67
284	119
284	605
284	650
284	809
284	857
284	988
285	4
285	270
285	343
285	466
285	577
285	586
285	976
286	281
286	540
286	739
286	840
286	932
286	961
286	973
287	26
287	408
287	704
287	806
287	888
287	970
287	974
288	217
288	229
288	349
288	533
288	649
288	834
288	984
289	617
289	674
289	678
289	846
289	869
289	885
289	957
290	96
290	437
290	551
290	737
290	811
290	839
290	955
291	153
291	154
291	375
291	580
291	705
291	853
291	878
292	116
292	334
292	772
292	804
292	862
292	951
292	986
293	251
293	436
293	458
293	654
293	782
293	804
293	862
294	44
294	204
294	354
294	521
294	627
294	826
294	894
295	14
295	224
295	244
295	525
295	846
295	857
295	877
296	65
296	209
296	383
296	631
296	632
296	812
296	885
297	313
297	547
297	563
297	775
297	924
297	963
297	981
298	564
298	708
298	811
298	925
298	942
298	946
298	964
299	4
299	401
299	766
299	852
299	937
299	965
299	970
300	303
300	389
300	612
300	812
300	889
300	950
300	954
301	72
301	74
301	571
301	778
301	831
301	896
301	946
302	276
302	504
302	683
302	717
302	865
302	925
302	975
303	300
303	361
303	569
303	714
303	724
303	765
303	855
304	476
304	507
304	644
304	732
304	869
304	922
304	978
305	74
305	326
305	790
305	837
305	914
305	928
305	957
306	272
306	464
306	593
306	687
306	891
306	908
306	969
307	1
307	348
307	532
307	585
307	682
307	712
307	821
308	328
308	382
308	446
308	582
308	756
308	830
308	888
309	229
309	273
309	376
309	403
309	609
309	755
309	804
310	271
310	454
310	795
310	936
310	993
310	997
310	999
311	22
311	320
311	397
311	680
311	878
311	947
311	955
312	379
312	544
312	566
312	869
312	896
312	899
312	924
313	27
313	68
313	219
313	297
313	640
313	778
313	785
314	57
314	344
314	710
314	808
314	909
314	976
314	981
315	111
315	604
315	709
315	779
315	801
315	866
315	905
316	74
316	149
316	188
316	194
316	515
316	939
316	951
317	11
317	251
317	809
317	829
317	916
317	933
317	995
318	219
318	465
318	641
318	738
318	817
318	945
318	996
319	85
319	370
319	430
319	582
319	681
319	707
319	760
320	76
320	311
320	731
320	744
320	763
320	976
320	987
321	43
321	67
321	119
321	190
321	514
321	518
321	586
322	122
322	234
322	358
322	527
322	604
322	720
322	735
323	55
323	226
323	375
323	570
323	661
323	769
323	773
324	221
324	359
324	713
324	773
324	932
324	953
324	983
325	466
325	588
325	590
325	681
325	803
325	807
325	814
326	178
326	305
326	391
326	454
326	790
326	815
326	889
327	450
327	607
327	671
327	743
327	795
327	805
327	907
328	159
328	308
328	344
328	511
328	545
328	582
328	916
329	12
329	163
329	209
329	402
329	488
329	873
329	952
330	588
330	624
330	640
330	714
330	766
330	849
330	987
331	35
331	241
331	429
331	805
331	930
331	956
331	997
332	204
332	568
332	792
332	869
332	964
332	967
332	990
333	221
333	598
333	646
333	783
333	828
333	846
333	986
334	25
334	67
334	292
334	410
334	586
334	593
334	755
335	15
335	118
335	456
335	524
335	683
335	716
335	805
336	134
336	259
336	377
336	879
336	905
336	964
336	972
337	55
337	373
337	639
337	640
337	818
337	848
337	870
338	100
338	349
338	663
338	720
338	735
338	964
338	995
339	415
339	687
339	709
339	757
339	842
339	882
339	989
340	89
340	430
340	490
340	657
340	790
340	830
340	865
341	34
341	162
341	253
341	350
341	777
341	872
341	980
342	224
342	247
342	425
342	488
342	585
342	665
342	964
343	119
343	136
343	142
343	285
343	526
343	714
343	765
344	314
344	328
344	369
344	485
344	670
344	844
344	858
345	511
345	545
345	667
345	832
345	914
345	929
345	962
346	262
346	395
346	652
346	693
346	868
346	932
346	969
347	506
347	568
347	692
347	909
347	974
347	989
347	995
348	83
348	166
348	257
348	307
348	519
348	786
348	906
349	288
349	338
349	515
349	815
349	927
349	933
349	942
350	341
350	772
350	799
350	804
350	862
350	899
350	923
351	24
351	398
351	564
351	727
351	974
351	996
351	998
352	38
352	572
352	658
352	759
352	794
352	901
352	963
353	98
353	243
353	367
353	679
353	784
353	819
353	966
354	241
354	294
354	456
354	658
354	758
354	851
354	867
355	173
355	504
355	594
355	602
355	618
355	684
355	831
356	259
356	264
356	358
356	389
356	659
356	727
356	974
357	157
357	428
357	535
357	841
357	947
357	963
357	986
358	210
358	273
358	322
358	356
358	503
358	993
358	999
359	104
359	271
359	324
359	730
359	796
359	841
359	868
360	69
360	194
360	247
360	524
360	685
360	878
360	904
361	166
361	303
361	571
361	813
361	893
361	907
361	942
362	84
362	138
362	172
362	451
362	741
362	872
362	897
363	5
363	248
363	280
363	649
363	818
363	913
363	973
364	10
364	407
364	590
364	722
364	809
364	862
364	933
365	175
365	654
365	741
365	815
365	958
365	964
365	975
366	171
366	666
366	716
366	907
366	921
366	923
366	962
367	148
367	272
367	353
367	385
367	527
367	594
367	747
368	254
368	513
368	646
368	647
368	785
368	925
368	927
369	344
369	462
369	532
369	672
369	821
369	863
369	987
370	319
370	374
370	612
370	707
370	726
370	827
370	833
370	859
371	94
371	140
371	262
371	396
371	670
371	801
371	856
371	894
372	19
372	433
372	530
372	622
372	635
372	842
372	890
372	929
373	106
373	139
373	337
373	561
373	584
373	633
373	989
373	997
374	38
374	370
374	560
374	671
374	700
374	715
374	940
374	956
375	291
375	323
375	801
375	836
375	838
375	858
375	905
375	953
376	309
376	718
376	734
376	791
376	843
376	895
376	927
376	972
377	168
377	336
377	562
377	683
377	914
377	972
377	995
377	1000
378	216
378	504
378	700
378	723
378	727
378	780
378	970
378	974
379	120
379	312
379	493
379	511
379	666
379	935
379	956
379	959
380	50
380	231
380	281
380	480
380	706
380	778
380	855
380	968
381	3
381	93
381	455
381	532
381	644
381	824
381	912
381	930
382	83
382	240
382	308
382	438
382	478
382	511
382	646
382	675
383	76
383	296
383	396
383	591
383	619
383	666
383	871
383	963
384	416
384	494
384	591
384	653
384	693
384	935
384	954
384	994
385	121
385	166
385	176
385	190
385	367
385	679
385	771
385	966
386	26
386	406
386	462
386	687
386	712
386	737
386	796
386	953
387	61
387	157
387	210
387	701
387	731
387	795
387	908
387	994
388	233
388	490
388	544
388	577
388	726
388	760
388	895
388	942
389	130
389	300
389	356
389	753
389	796
389	908
389	957
389	994
390	238
390	395
390	488
390	589
390	744
390	944
390	976
390	991
391	24
391	209
391	326
391	670
391	718
391	880
391	895
391	932
392	42
392	447
392	592
392	624
392	818
392	893
392	907
392	955
393	251
393	274
393	769
393	797
393	810
393	823
393	840
393	894
394	32
394	279
394	584
394	789
394	811
394	878
394	926
394	933
395	101
395	155
395	346
395	390
395	461
395	544
395	604
395	896
396	371
396	383
396	494
396	585
396	666
396	679
396	696
396	751
397	311
397	513
397	540
397	631
397	654
397	824
397	898
397	912
398	351
398	476
398	583
398	750
398	970
398	974
398	990
398	999
399	626
399	722
399	832
399	866
399	880
399	885
399	957
399	990
400	53
400	114
400	140
400	203
400	582
400	644
400	645
400	943
401	27
401	48
401	299
401	450
401	553
401	686
401	781
401	969
402	36
402	252
402	329
402	516
402	550
402	762
402	912
402	941
403	309
403	517
403	533
403	609
403	665
403	891
403	909
403	989
404	422
404	655
404	717
404	830
404	852
404	865
404	903
404	935
405	575
405	617
405	626
405	644
405	688
405	729
405	885
405	957
406	258
406	386
406	457
406	482
406	589
406	768
406	866
406	923
407	64
407	107
407	364
407	460
407	510
407	576
407	831
407	938
408	287
408	484
408	568
408	660
408	670
408	790
408	835
408	879
409	40
409	420
409	486
409	639
409	782
409	878
409	927
409	941
410	43
410	67
410	134
410	137
410	230
410	334
410	469
410	746
411	167
411	413
411	474
411	564
411	595
411	649
411	938
411	948
412	227
412	444
412	461
412	575
412	604
412	814
412	827
412	933
413	87
413	232
413	411
413	495
413	817
413	967
413	990
413	996
414	247
414	501
414	514
414	641
414	820
414	923
414	942
414	945
415	8
415	87
415	138
415	339
415	559
415	787
415	842
415	978
416	95
416	384
416	422
416	479
416	834
416	932
416	969
416	990
417	446
417	451
417	474
417	705
417	835
417	897
417	934
417	979
418	169
418	277
418	553
418	822
418	851
418	903
418	945
418	970
419	279
419	615
419	690
419	705
419	819
419	842
419	853
419	921
420	66
420	245
420	257
420	266
420	409
420	690
420	773
420	803
421	139
421	602
421	622
421	625
421	688
421	864
421	904
421	928
422	75
422	126
422	188
422	404
422	416
422	610
422	739
422	915
423	67
423	81
423	97
423	130
423	718
423	917
423	980
423	983
424	126
424	283
424	571
424	726
424	736
424	820
424	853
424	860
425	72
425	222
425	259
425	342
425	560
425	788
425	813
425	942
426	18
426	498
426	621
426	696
426	699
426	823
426	877
426	952
427	2
427	42
427	250
427	435
427	752
427	843
427	884
427	933
428	357
428	455
428	562
428	628
428	648
428	691
428	870
428	901
429	331
429	675
429	708
429	723
429	807
429	916
429	950
429	963
430	219
430	319
430	340
430	475
430	693
430	717
430	830
430	847
431	99
431	224
431	238
431	646
431	754
431	885
431	961
431	964
432	166
432	275
432	578
432	631
432	668
432	777
432	880
432	963
433	203
433	372
433	638
433	665
433	846
433	883
433	993
433	999
434	117
434	641
434	653
434	725
434	835
434	864
434	897
434	933
435	427
435	464
435	528
435	648
435	841
435	872
435	982
435	984
436	90
436	122
436	293
436	512
436	764
436	807
436	870
436	972
437	49
437	290
437	529
437	847
437	861
437	900
437	917
437	977
438	55
438	59
438	233
438	382
438	467
438	693
438	964
438	973
439	170
439	579
439	633
439	845
439	855
439	914
439	954
439	970
440	132
440	265
440	564
440	571
440	856
440	918
440	946
440	980
441	562
441	616
441	617
441	642
441	713
441	730
441	881
441	886
442	229
442	496
442	551
442	640
442	711
442	795
442	993
442	999
443	15
443	701
443	717
443	821
443	827
443	914
443	918
443	946
444	60
444	170
444	198
444	412
444	575
444	604
444	737
444	792
445	244
445	511
445	525
445	543
445	698
445	820
445	835
445	973
446	98
446	308
446	417
446	741
446	770
446	806
446	897
446	967
447	53
447	392
447	479
447	706
447	750
447	891
447	930
447	998
448	15
448	19
448	46
448	198
448	740
448	859
448	910
448	939
449	478
449	687
449	723
449	776
449	796
449	835
449	891
449	953
450	327
450	401
450	459
450	637
450	822
450	937
450	979
450	993
451	95
451	237
451	362
451	417
451	592
451	685
451	741
451	949
452	55
452	258
452	521
452	708
452	846
452	943
452	950
452	998
453	545
453	631
453	633
453	641
453	691
453	798
453	888
453	949
454	8
454	202
454	310
454	326
454	657
454	790
454	930
454	943
455	381
455	428
455	558
455	654
455	744
455	824
455	881
455	991
456	276
456	335
456	354
456	658
456	757
456	764
456	855
456	903
457	122
457	161
457	406
457	486
457	633
457	734
457	818
457	988
458	28
458	111
458	117
458	293
458	771
458	862
458	913
458	971
459	450
459	659
459	691
459	720
459	728
459	755
459	778
459	991
460	407
460	682
460	684
460	788
460	816
460	831
460	906
460	935
461	172
461	395
461	412
461	561
461	575
461	922
461	975
461	995
462	51
462	369
462	386
462	648
462	713
462	772
462	827
462	953
463	2
463	272
463	468
463	522
463	673
463	783
463	818
463	955
464	306
464	435
464	539
464	597
464	615
464	841
464	883
464	934
465	36
465	318
465	607
465	636
465	718
465	849
465	858
465	892
466	152
466	285
466	325
466	577
466	733
466	883
466	900
466	941
467	438
467	580
467	630
467	764
467	769
467	810
467	876
467	943
468	463
468	510
468	530
468	582
468	637
468	783
468	875
468	994
469	232
469	410
469	548
469	602
469	708
469	719
469	958
469	975
470	622
470	679
470	713
470	804
470	818
470	831
470	895
470	970
471	31
471	606
471	862
471	879
471	882
471	898
471	917
471	927
472	164
472	705
472	799
472	823
472	857
472	900
472	941
472	993
473	115
473	634
473	710
473	719
473	746
473	863
473	879
473	944
474	74
474	255
474	411
474	417
474	601
474	741
474	807
474	897
475	207
475	216
475	430
475	555
475	568
475	629
475	780
475	922
476	147
476	304
476	398
476	761
476	777
476	820
476	860
476	971
477	536
477	687
477	722
477	742
477	745
477	788
477	913
477	957
478	233
478	260
478	382
478	449
478	590
478	745
478	761
478	803
479	96
479	416
479	447
479	814
479	861
479	868
479	906
479	968
480	119
480	380
480	619
480	682
480	758
480	816
480	850
480	956
481	154
481	203
481	693
481	749
481	812
481	871
481	875
481	950
482	25
482	35
482	406
482	667
482	729
482	822
482	885
482	968
483	140
483	280
483	547
483	598
483	643
483	793
483	861
483	947
484	146
484	408
484	552
484	554
484	730
484	731
484	882
484	917
485	109
485	116
485	153
485	229
485	344
485	694
485	714
485	895
486	122
486	283
486	409
486	457
486	547
486	650
486	699
486	939
487	91
487	525
487	543
487	698
487	726
487	798
487	821
487	981
488	197
488	329
488	342
488	390
488	624
488	725
488	739
488	740
489	89
489	190
489	223
489	503
489	746
489	779
489	910
489	995
490	201
490	340
490	388
490	539
490	760
490	797
490	867
490	934
491	237
491	500
491	558
491	563
491	621
491	690
491	912
491	947
492	217
492	567
492	604
492	652
492	764
492	779
492	887
492	943
493	115
493	379
493	737
493	823
493	892
493	900
493	982
493	984
494	233
494	384
494	396
494	653
494	664
494	666
494	677
494	849
494	890
495	413
495	537
495	806
495	824
495	840
495	898
495	912
495	928
495	954
496	52
496	442
496	546
496	806
496	904
496	905
496	911
496	948
496	997
497	17
497	60
497	534
497	586
497	691
497	779
497	798
497	845
497	871
498	156
498	226
498	426
498	517
498	526
498	610
498	752
498	987
498	1000
499	609
499	610
499	624
499	629
499	877
499	908
499	970
499	987
499	994
500	131
500	491
500	768
500	810
500	924
500	934
500	972
500	981
500	988
501	148
501	414
501	571
501	684
501	715
501	793
501	834
501	942
501	951
502	233
502	243
502	615
502	656
502	709
502	755
502	806
502	853
502	860
503	4
503	140
503	358
503	489
503	577
503	746
503	906
503	926
503	976
504	155
504	302
504	355
504	378
504	510
504	721
504	856
504	880
504	894
505	29
505	511
505	595
505	683
505	727
505	832
505	900
505	915
505	997
506	1
506	273
506	347
506	655
506	763
506	792
506	802
506	816
506	996
507	140
507	220
507	304
507	583
507	637
507	644
507	776
507	782
507	869
508	68
508	156
508	624
508	637
508	704
508	752
508	932
508	965
508	987
509	14
509	538
509	587
509	613
509	650
509	677
509	708
509	914
509	928
510	20
510	167
510	407
510	468
510	504
510	832
510	900
510	903
510	984
511	240
511	328
511	345
511	379
511	382
511	445
511	505
511	582
511	830
512	186
512	235
512	436
512	580
512	849
512	922
512	938
512	983
512	998
513	368
513	397
513	516
513	560
513	576
513	664
513	851
513	949
513	991
514	16
514	321
514	414
514	629
514	813
514	899
514	903
514	908
514	942
515	93
515	316
515	349
515	522
515	675
515	884
515	888
515	918
515	933
516	239
516	402
516	513
516	562
516	587
516	748
516	889
516	952
516	961
517	87
517	112
517	403
517	498
517	549
517	604
517	728
517	749
517	989
518	9
518	321
518	729
518	730
518	788
518	803
518	805
518	828
518	893
519	348
519	531
519	711
519	719
519	721
519	807
519	902
519	936
519	986
520	100
520	227
520	571
520	736
520	743
520	778
520	866
520	905
520	996
521	142
521	294
521	452
521	569
521	714
521	741
521	758
521	765
521	937
522	20
522	463
522	515
522	526
522	549
522	585
522	699
522	846
522	875
523	143
523	183
523	239
523	245
523	595
523	596
523	732
523	948
523	952
524	147
524	245
524	247
524	335
524	360
524	752
524	757
524	947
524	993
525	295
525	445
525	487
525	543
525	673
525	754
525	806
525	867
525	985
526	139
526	238
526	275
526	343
526	498
526	522
526	585
526	925
526	964
527	4
527	36
527	93
527	322
527	367
527	877
527	884
527	887
527	933
528	222
528	275
528	435
528	562
528	590
528	648
528	754
528	870
528	901
529	135
529	201
529	437
529	539
529	644
529	811
529	906
529	934
529	997
530	249
530	372
530	468
530	693
530	755
530	829
530	862
530	977
530	998
531	10
531	157
531	165
531	282
531	519
531	662
531	676
531	692
531	897
532	307
532	369
532	381
532	712
532	713
532	821
532	942
532	966
532	983
533	2
533	235
533	288
533	403
533	673
533	840
533	884
533	921
533	933
534	250
534	262
534	497
534	589
534	680
534	759
534	798
534	806
534	950
535	357
535	550
535	579
535	713
535	822
535	832
535	930
535	963
535	986
536	96
536	206
536	477
536	556
536	632
536	865
536	943
536	944
536	949
537	495
537	682
537	706
537	751
537	849
537	922
537	946
537	969
537	976
538	509
538	617
538	897
538	906
538	930
538	935
538	950
538	956
538	959
539	43
539	48
539	464
539	490
539	529
539	581
539	761
539	843
539	934
540	108
540	176
540	286
540	397
540	643
540	742
540	815
540	926
540	931
541	577
541	624
541	747
541	750
541	769
541	878
541	976
541	978
541	997
542	58
542	146
542	666
542	707
542	778
542	799
542	823
542	989
542	998
543	14
543	25
543	445
543	487
543	525
543	669
543	952
543	981
543	989
544	6
544	37
544	280
544	312
544	388
544	395
544	566
544	899
544	931
545	328
545	345
545	453
545	664
545	804
545	867
545	944
545	946
545	991
546	141
546	173
546	266
546	496
546	600
546	701
546	946
546	996
546	999
547	297
547	483
547	486
547	672
547	675
547	683
547	759
547	936
547	957
548	182
548	242
548	469
548	732
548	740
548	847
548	858
548	860
548	915
549	30
549	517
549	522
549	598
549	645
549	776
549	784
549	846
549	875
550	42
550	402
550	535
550	762
550	807
550	936
550	941
550	976
550	1000
551	205
551	290
551	442
551	739
551	754
551	787
551	812
551	814
551	887
552	70
552	137
552	484
552	597
552	614
552	698
552	706
552	849
552	938
553	123
553	142
553	401
553	418
553	640
553	696
553	784
553	790
553	833
554	52
554	102
554	197
554	243
554	484
554	662
554	667
554	758
554	886
555	196
555	220
555	475
555	598
555	634
555	639
555	672
555	780
555	814
556	65
556	204
556	283
556	536
556	635
556	728
556	853
556	929
556	998
557	168
557	218
557	282
557	694
557	834
557	843
557	887
557	932
557	951
558	155
558	455
558	491
558	590
558	625
558	750
558	851
558	945
558	980
559	4
559	239
559	415
559	611
559	699
559	773
559	936
559	965
559	968
560	374
560	425
560	513
560	630
560	700
560	743
560	753
560	890
560	910
561	373
561	461
561	593
561	618
561	753
561	819
561	856
561	994
561	995
562	377
562	428
562	441
562	516
562	528
562	613
562	870
562	901
562	928
563	62
563	162
563	297
563	491
563	613
563	621
563	690
563	828
563	842
564	183
564	298
564	351
564	411
564	440
564	854
564	896
564	908
564	984
565	688
565	799
565	815
565	823
565	833
565	835
565	876
565	958
565	975
566	101
566	115
566	261
566	312
566	544
566	720
566	886
566	899
566	957
567	171
567	272
567	492
567	837
567	856
567	894
567	902
567	983
567	998
568	332
568	347
568	408
568	475
568	629
568	829
568	882
568	884
568	988
569	17
569	127
569	274
569	303
569	521
569	741
569	815
569	907
569	995
570	75
570	158
570	323
570	720
570	761
570	798
570	841
570	875
570	934
571	72
571	136
571	301
571	361
571	424
571	440
571	501
571	520
571	867
572	12
572	38
572	89
572	241
572	276
572	282
572	352
572	606
572	861
573	47
573	587
573	633
573	726
573	733
573	817
573	829
573	927
573	997
574	2
574	143
574	744
574	780
574	789
574	861
574	887
574	912
574	937
575	259
575	405
575	412
575	444
575	461
575	592
575	604
575	665
575	944
576	164
576	269
576	407
576	513
576	608
576	709
576	810
576	853
576	919
577	142
577	285
577	388
577	466
577	503
577	541
577	596
577	803
577	838
578	59
578	148
578	432
578	594
578	667
578	677
578	759
578	777
578	980
579	191
579	439
579	535
579	724
579	766
579	847
579	890
579	987
579	992
580	108
580	112
580	226
580	291
580	467
580	512
580	742
580	857
580	931
581	230
581	539
581	771
581	774
581	833
581	852
581	906
581	931
581	967
582	240
582	308
582	319
582	328
582	400
582	468
582	511
582	723
582	978
583	46
583	88
583	226
583	231
583	398
583	507
583	722
583	913
583	973
584	159
584	373
584	394
584	650
584	756
584	803
584	883
584	945
584	965
585	307
585	342
585	396
585	522
585	526
585	709
585	727
585	811
585	964
586	43
586	285
586	321
586	334
586	497
586	644
586	734
586	928
586	988
587	161
587	207
587	509
587	516
587	573
587	645
587	756
587	852
587	962
588	23
588	325
588	330
588	592
588	719
588	745
588	791
588	813
588	985
589	253
589	390
589	406
589	534
589	664
589	689
589	807
589	949
589	962
590	260
590	270
590	325
590	364
590	478
590	528
590	558
590	638
590	804
591	76
591	383
591	384
591	653
591	684
591	701
591	763
591	847
591	908
591	932
592	23
592	114
592	392
592	451
592	575
592	588
592	786
592	791
592	938
592	985
593	128
593	230
593	306
593	334
593	561
593	701
593	805
593	860
593	911
593	994
594	64
594	73
594	355
594	367
594	578
594	684
594	772
594	831
594	842
594	971
595	126
595	411
595	505
595	523
595	654
595	704
595	732
595	749
595	948
595	982
596	225
596	523
596	577
596	598
596	611
596	634
596	728
596	867
596	908
596	983
597	78
597	234
597	464
597	552
597	605
597	841
597	848
597	867
597	890
597	934
598	118
598	163
598	333
598	483
598	549
598	555
598	596
598	846
598	875
598	926
599	32
599	129
599	186
599	240
599	647
599	657
599	748
599	952
599	965
599	966
600	107
600	546
600	775
600	806
600	880
600	904
600	907
600	911
600	920
600	961
601	53
601	63
601	120
601	277
601	474
601	754
601	840
601	897
601	918
601	961
602	66
602	355
602	421
602	469
602	721
602	799
602	951
602	958
602	975
602	983
603	69
603	158
603	795
603	819
603	878
603	907
603	926
603	956
603	976
603	978
604	315
604	322
604	395
604	412
604	444
604	492
604	517
604	575
604	754
604	902
605	192
605	284
605	597
605	705
605	809
605	845
605	858
605	863
605	908
605	981
606	43
606	66
606	471
606	572
606	702
606	733
606	743
606	852
606	928
606	997
607	275
607	327
607	465
607	743
607	793
607	801
607	886
607	890
607	915
607	964
608	173
608	213
608	576
608	634
608	679
608	806
608	856
608	904
608	967
608	980
609	168
609	222
609	309
609	403
609	499
609	646
609	841
609	945
609	949
609	968
610	422
610	498
610	499
610	648
610	877
610	891
610	930
610	933
610	945
610	987
611	70
611	130
611	231
611	238
611	559
611	596
611	722
611	728
611	755
611	983
612	18
612	195
612	203
612	300
612	370
612	676
612	708
612	815
612	901
612	950
613	509
613	562
613	563
613	633
613	688
613	800
613	852
613	872
613	889
613	996
614	125
614	552
614	799
614	818
614	823
614	825
614	831
614	839
614	914
614	980
615	6
615	149
615	419
615	464
615	502
615	656
615	787
615	827
615	861
615	945
616	102
616	177
616	211
616	441
616	682
616	736
616	744
616	816
616	868
616	983
617	289
617	405
617	441
617	538
617	626
617	790
617	836
617	910
617	925
617	957
618	280
618	355
618	561
618	753
618	776
618	842
618	920
618	924
618	971
618	988
619	225
619	253
619	383
619	480
619	668
619	827
619	892
619	896
619	918
619	973
620	261
620	674
620	773
620	792
620	815
620	825
620	827
620	896
620	918
620	959
621	27
621	152
621	211
621	426
621	491
621	563
621	643
621	793
621	947
621	972
622	372
622	421
622	470
622	623
622	638
622	708
622	747
622	818
622	822
622	944
623	189
623	208
623	622
623	630
623	651
623	686
623	711
623	785
623	842
623	973
624	187
624	330
624	392
624	488
624	499
624	508
624	541
624	780
624	784
624	992
625	50
625	137
625	277
625	421
625	558
625	659
625	876
625	936
625	962
625	966
626	94
626	103
626	178
626	197
626	399
626	405
626	617
626	671
626	920
626	1000
627	106
627	204
627	294
627	698
627	729
627	740
627	746
627	829
627	875
627	929
628	110
628	428
628	668
628	731
628	751
628	763
628	844
628	866
628	956
628	986
629	475
629	499
629	514
629	568
629	651
629	710
629	738
629	882
629	917
629	937
630	200
630	467
630	560
630	623
630	686
630	726
630	785
630	848
630	874
630	946
631	24
631	56
631	261
631	296
631	397
631	432
631	453
631	632
631	635
631	840
632	56
632	131
632	261
632	296
632	536
632	631
632	719
632	745
632	941
632	972
633	373
633	439
633	453
633	457
633	573
633	613
633	688
633	874
633	910
633	920
634	237
634	473
634	555
634	596
634	608
634	640
634	702
634	915
634	965
634	979
635	181
635	372
635	556
635	631
635	753
635	805
635	837
635	942
635	979
635	998
636	106
636	465
636	640
636	725
636	736
636	858
636	873
636	954
636	979
636	993
637	113
637	151
637	168
637	216
637	450
637	468
637	507
637	508
637	919
637	965
638	121
638	250
638	433
638	590
638	622
638	784
638	814
638	819
638	872
638	982
639	11
639	69
639	242
639	337
639	409
639	555
639	647
639	680
639	756
639	889
640	191
640	313
640	330
640	337
640	442
640	553
640	634
640	636
640	967
640	975
641	107
641	318
641	414
641	434
641	453
641	767
641	835
641	859
641	897
641	970
642	92
642	213
642	441
642	651
642	724
642	762
642	795
642	847
642	884
642	992
643	62
643	75
643	152
643	223
643	483
643	540
643	621
643	690
643	886
643	987
644	164
644	304
644	381
644	400
644	405
644	507
644	529
644	586
644	820
644	869
645	33
645	175
645	209
645	229
645	400
645	549
645	587
645	757
645	884
645	912
646	333
646	368
646	382
646	431
646	609
646	811
646	861
646	899
646	925
646	964
647	228
647	368
647	599
647	639
647	797
647	832
647	869
647	876
647	889
647	952
648	117
648	428
648	435
648	462
648	528
648	610
648	794
648	870
648	901
648	967
649	183
649	263
649	288
649	363
649	411
649	732
649	803
649	914
649	948
649	972
650	67
650	148
650	284
650	486
650	509
650	584
650	700
650	733
650	928
650	958
651	40
651	200
651	217
651	623
651	629
651	642
651	683
651	686
651	785
651	968
652	12
652	34
652	248
652	346
652	492
652	702
652	783
652	799
652	848
652	979
653	74
653	94
653	234
653	384
653	434
653	494
653	591
653	666
653	764
653	788
653	858
654	3
654	236
654	293
654	365
654	397
654	455
654	595
654	717
654	898
654	912
654	938
655	53
655	81
655	128
655	171
655	267
655	404
655	506
655	763
655	793
655	891
655	969
656	108
656	214
656	502
656	615
656	731
656	787
656	851
656	853
656	868
656	873
656	919
657	61
657	254
657	272
657	340
657	454
657	599
657	750
657	930
657	935
657	956
657	959
658	133
658	238
658	241
658	268
658	352
658	354
658	456
658	715
658	734
658	743
658	909
659	174
659	356
659	459
659	625
659	664
659	672
659	739
659	871
659	938
659	949
659	991
660	408
660	673
660	738
660	773
660	777
660	812
660	856
660	866
660	879
660	917
660	933
661	54
661	66
661	223
661	235
661	323
661	726
661	773
661	783
661	801
661	845
661	992
662	34
662	119
662	243
662	531
662	554
662	676
662	686
662	769
662	790
662	898
662	938
663	12
663	75
663	338
663	688
663	779
663	843
663	864
663	883
663	887
663	922
663	957
664	45
664	186
664	206
664	494
664	513
664	545
664	589
664	659
664	747
664	800
664	915
665	237
665	342
665	403
665	433
665	575
665	691
665	795
665	902
665	935
665	993
665	999
666	13
666	366
666	379
666	383
666	396
666	494
666	542
666	653
666	830
666	845
666	951
667	44
667	125
667	345
667	482
667	554
667	578
667	695
667	797
667	825
667	826
667	934
668	177
668	239
668	432
668	619
668	628
668	822
668	896
668	914
668	934
668	962
668	966
669	33
669	179
669	543
669	733
669	790
669	793
669	891
669	932
669	965
669	969
669	992
670	90
670	105
670	153
670	344
670	371
670	391
670	408
670	866
670	880
670	895
670	974
671	227
671	240
671	268
671	327
671	374
671	626
671	680
671	702
671	715
671	953
671	1000
672	87
672	174
672	369
672	547
672	555
672	659
672	712
672	765
672	821
672	890
672	908
673	9
673	278
673	463
673	525
673	533
673	660
673	709
673	711
673	859
673	864
673	924
674	85
674	126
674	237
674	289
674	620
674	685
674	854
674	879
674	929
674	946
674	962
675	382
675	429
675	515
675	547
675	791
675	872
675	892
675	953
675	982
675	984
676	72
676	124
676	157
676	198
676	223
676	244
676	282
676	531
676	612
676	662
676	826
677	494
677	509
677	578
677	744
677	782
677	836
677	916
677	926
677	928
677	972
677	995
678	30
678	197
678	244
678	249
678	289
678	737
678	744
678	754
678	937
678	947
678	960
679	183
679	199
679	268
679	353
679	385
679	396
679	470
679	608
679	786
679	819
679	930
680	3
680	311
680	534
680	639
680	671
680	752
680	759
680	830
680	838
680	939
680	940
681	83
681	95
681	139
681	319
681	325
681	786
681	792
681	807
681	900
681	906
681	959
682	79
682	157
682	231
682	307
682	460
682	480
682	537
682	616
682	695
682	758
682	906
683	302
683	335
683	377
683	505
683	547
683	651
683	837
683	861
683	900
683	904
683	999
684	64
684	101
684	198
684	279
684	355
684	460
684	501
684	591
684	594
684	817
684	831
685	92
685	105
685	154
685	360
685	451
685	674
685	888
685	899
685	947
685	955
685	960
686	9
686	54
686	401
686	623
686	630
686	651
686	662
686	711
686	785
686	792
686	926
687	51
687	306
687	339
687	386
687	449
687	477
687	782
687	795
687	953
687	954
687	995
688	28
688	169
688	256
688	405
688	421
688	565
688	613
688	633
688	663
688	871
688	985
689	589
689	705
689	711
689	721
689	738
689	836
689	902
689	933
689	963
689	974
689	986
690	152
690	419
690	420
690	491
690	563
690	643
690	699
690	751
690	779
690	954
690	959
691	153
691	199
691	428
691	453
691	459
691	497
691	665
691	772
691	801
691	924
691	944
692	169
692	347
692	531
692	722
692	748
692	749
692	909
692	916
692	983
692	989
692	991
693	59
693	77
693	163
693	346
693	384
693	430
693	438
693	481
693	530
693	707
693	872
694	55
694	78
694	145
694	485
694	557
694	699
694	834
694	843
694	849
694	913
694	977
695	667
695	682
695	731
695	761
695	777
695	823
695	825
695	950
695	953
695	980
695	995
696	113
696	141
696	160
696	396
696	426
696	553
696	738
696	752
696	848
696	877
696	989
697	192
697	214
697	706
697	746
697	759
697	802
697	810
697	920
697	971
697	981
697	988
698	445
698	487
698	552
698	627
698	706
698	718
698	737
698	771
698	817
698	857
698	938
699	4
699	5
699	113
699	426
699	486
699	522
699	559
699	690
699	694
699	875
699	979
700	28
700	100
700	104
700	275
700	374
700	378
700	560
700	650
700	796
700	865
700	982
701	80
701	387
701	443
701	546
701	591
701	593
701	746
701	824
701	874
701	908
701	994
702	181
702	234
702	606
702	634
702	652
702	671
702	735
702	779
702	783
702	812
702	887
703	17
703	704
703	716
703	731
703	768
703	864
703	905
703	907
703	921
703	968
703	978
704	228
704	287
704	508
704	595
704	703
704	727
704	805
704	838
704	872
704	946
704	974
705	80
705	106
705	134
705	277
705	291
705	417
705	419
705	472
705	605
705	689
705	809
705	857
706	211
706	380
706	447
706	537
706	552
706	697
706	698
706	718
706	755
706	849
706	880
706	922
707	59
707	85
707	319
707	370
707	542
707	693
707	768
707	808
707	879
707	895
707	949
707	964
708	298
708	429
708	452
708	469
708	509
708	612
708	622
708	765
708	798
708	812
708	916
708	950
709	26
709	315
709	339
709	502
709	576
709	585
709	673
709	732
709	820
709	919
709	932
709	943
710	19
710	34
710	115
710	149
710	275
710	314
710	473
710	629
710	719
710	863
710	940
710	984
711	39
711	442
711	519
711	623
711	673
711	686
711	689
711	902
711	950
711	963
711	966
711	986
712	105
712	174
712	283
712	307
712	386
712	532
712	672
712	726
712	821
712	854
712	900
712	999
713	52
713	104
713	324
713	441
713	462
713	470
713	532
713	535
713	796
713	835
713	896
713	953
714	16
714	17
714	303
714	330
714	343
714	485
714	521
714	716
714	759
714	765
714	780
714	982
715	70
715	227
715	374
715	501
715	658
715	671
715	764
715	845
715	890
715	897
715	962
715	996
716	31
716	123
716	335
716	366
716	703
716	714
716	751
716	777
716	805
716	935
716	965
716	971
717	77
717	220
717	271
717	302
717	404
717	430
717	443
717	654
717	802
717	830
717	865
717	963
718	170
718	220
718	376
718	391
718	423
718	465
718	698
718	706
718	724
718	768
718	922
718	938
719	19
719	178
719	469
719	473
719	519
719	588
719	632
719	710
719	863
719	911
719	918
719	961
720	34
720	97
720	130
720	322
720	338
720	459
720	566
720	570
720	735
720	869
720	887
720	922
721	504
721	519
721	602
721	689
721	735
721	891
721	899
721	902
721	929
721	930
721	963
721	986
722	364
722	399
722	477
722	583
722	611
722	692
722	723
722	745
722	825
722	866
722	882
722	913
723	124
723	132
723	378
723	429
723	449
723	582
723	722
723	735
723	933
723	966
723	968
723	970
724	94
724	99
724	271
724	303
724	579
724	642
724	718
724	766
724	847
724	864
724	901
724	992
725	36
725	122
725	182
725	212
725	434
725	488
725	636
725	873
725	921
725	930
725	940
725	958
726	58
726	59
726	77
726	370
726	388
726	424
726	487
726	573
726	630
726	661
726	712
726	760
727	351
727	356
727	378
727	505
727	585
727	704
727	755
727	876
727	886
727	968
727	970
727	979
728	50
728	89
728	97
728	207
728	459
728	517
728	556
728	596
728	611
728	808
728	894
728	983
729	405
729	482
729	518
729	627
729	788
729	792
729	828
729	847
729	876
729	907
729	965
729	978
730	160
730	236
730	249
730	359
730	441
730	484
730	518
730	839
730	874
730	881
730	886
730	911
731	320
731	387
731	484
731	628
731	656
731	695
731	703
731	777
731	893
731	921
731	923
731	988
732	208
732	304
732	523
732	548
732	595
732	649
732	709
732	819
732	852
732	873
732	942
732	948
733	169
733	194
733	266
733	466
733	573
733	606
733	650
733	669
733	738
733	770
733	819
733	864
734	174
734	267
734	376
734	457
734	586
734	658
734	782
734	795
734	808
734	925
734	927
734	995
735	27
735	76
735	322
735	338
735	702
735	720
735	721
735	723
735	779
735	902
735	912
735	916
736	5
736	50
736	73
736	126
736	128
736	167
736	424
736	520
736	616
736	636
736	838
736	915
737	290
737	386
737	444
737	493
737	678
737	698
737	745
737	876
737	888
737	955
737	960
737	972
738	318
738	629
738	660
738	689
738	696
738	733
738	784
738	870
738	879
738	882
738	917
738	941
739	36
739	90
739	205
739	256
739	286
739	422
739	488
739	551
739	659
739	781
739	926
739	961
740	46
740	448
740	488
740	548
740	627
740	743
740	765
740	825
740	858
740	876
740	954
740	986
741	362
741	365
741	446
741	451
741	474
741	521
741	569
741	832
741	897
741	920
741	923
741	984
742	61
742	80
742	82
742	172
742	477
742	540
742	580
742	747
742	765
742	881
742	917
742	931
743	247
743	327
743	520
743	560
743	606
743	607
743	658
743	740
743	821
743	890
743	914
743	981
744	320
744	390
744	455
744	574
744	616
744	677
744	678
744	813
744	865
744	960
744	971
744	997
745	32
745	477
745	478
745	588
745	632
745	722
745	737
745	782
745	811
745	913
745	928
745	973
746	410
746	473
746	489
746	503
746	627
746	697
746	701
746	790
746	802
746	808
746	878
746	978
747	97
747	121
747	367
747	541
747	622
747	664
747	742
747	818
747	819
747	851
747	884
747	934
748	129
748	203
748	224
748	516
748	599
748	692
748	749
748	772
748	948
748	952
748	974
748	985
749	3
749	18
749	154
749	241
749	481
749	517
749	595
749	692
749	748
749	767
749	909
749	989
750	265
750	398
750	447
750	541
750	558
750	657
750	822
750	883
750	888
750	903
750	935
750	945
751	123
751	202
751	396
751	537
751	628
751	690
751	716
751	775
751	805
751	907
751	909
751	937
752	55
752	163
752	245
752	427
752	498
752	508
752	524
752	680
752	696
752	756
752	809
752	987
753	102
753	268
753	272
753	389
753	560
753	561
753	618
753	635
753	756
753	861
753	908
753	994
754	431
754	525
754	528
754	551
754	601
754	604
754	678
754	840
754	846
754	901
754	914
754	961
755	172
755	265
755	309
755	334
755	459
755	502
755	530
755	611
755	706
755	727
755	851
755	903
756	278
756	308
756	584
756	587
756	639
756	752
756	753
756	852
756	883
756	910
756	987
756	997
757	25
757	114
757	209
757	229
757	248
757	255
757	339
757	456
757	524
757	645
757	817
757	860
758	211
758	354
758	480
758	521
758	554
758	682
758	775
758	812
758	816
758	848
758	853
758	921
759	268
759	352
759	534
759	547
759	578
759	680
759	697
759	714
759	798
759	850
759	951
759	1000
760	77
760	185
760	206
760	233
760	319
760	388
760	490
760	726
760	791
760	798
760	850
760	968
761	109
761	210
761	283
761	476
761	478
761	539
761	570
761	695
761	820
761	860
761	878
761	895
762	5
762	130
762	220
762	402
762	550
762	642
762	793
762	859
762	894
762	895
762	941
762	1000
763	110
763	236
763	320
763	506
763	591
763	628
763	655
763	789
763	844
763	880
763	936
763	957
764	436
764	456
764	467
764	492
764	653
764	715
764	770
764	797
764	810
764	816
764	940
764	943
765	17
765	256
765	303
765	343
765	521
765	672
765	708
765	714
765	740
765	742
765	955
765	985
766	235
766	271
766	299
766	330
766	579
766	724
766	847
766	869
766	955
766	974
766	992
766	996
767	49
767	181
767	228
767	243
767	258
767	641
767	749
767	845
767	873
767	939
767	940
767	951
768	42
768	180
768	276
768	406
768	500
768	703
768	707
768	718
768	907
768	920
768	923
768	987
769	113
769	129
769	133
769	150
769	323
769	393
769	467
769	541
769	662
769	770
769	943
769	962
769	977
770	21
770	133
770	181
770	233
770	446
770	733
770	764
770	769
770	797
770	818
770	882
770	943
770	991
771	28
771	244
771	260
771	385
771	458
771	581
771	698
771	774
771	808
771	841
771	865
771	871
771	884
772	39
772	144
772	147
772	292
772	350
772	462
772	594
772	691
772	748
772	789
772	804
772	862
772	953
773	66
773	223
773	257
773	323
773	324
773	420
773	559
773	620
773	660
773	661
773	870
773	909
773	985
774	70
774	86
774	128
774	177
774	198
774	581
774	771
774	801
774	829
774	836
774	876
774	886
774	905
775	6
775	81
775	226
775	297
775	600
775	751
775	758
775	800
775	927
775	971
775	981
775	988
775	989
776	22
776	449
776	507
776	549
776	618
776	786
776	826
776	845
776	855
776	896
776	954
776	963
776	988
777	9
777	341
777	432
777	476
777	578
777	660
777	695
777	716
777	731
777	814
777	980
777	988
777	994
778	39
778	301
778	313
778	380
778	459
778	520
778	542
778	784
778	847
778	848
778	865
778	877
778	987
779	40
779	315
779	489
779	492
779	497
779	663
779	690
779	702
779	735
779	867
779	887
779	943
779	982
780	188
780	232
780	237
780	240
780	378
780	475
780	555
780	574
780	624
780	714
780	781
780	904
780	965
781	22
781	27
781	57
781	135
781	176
781	184
781	276
781	401
781	739
781	780
781	924
781	960
781	979
782	189
782	293
782	409
782	507
782	677
782	687
782	734
782	745
782	866
782	909
782	917
782	927
782	995
783	57
783	333
783	463
783	468
783	652
783	661
783	702
783	829
783	846
783	875
783	879
783	893
783	953
784	262
784	353
784	549
784	553
784	624
784	638
784	738
784	778
784	848
784	877
784	893
784	913
784	934
785	65
785	77
785	152
785	200
785	313
785	368
785	623
785	630
785	651
785	686
785	840
785	952
785	998
786	64
786	83
786	98
786	267
786	348
786	592
786	679
786	681
786	776
786	807
786	854
786	883
786	906
787	26
787	42
787	185
787	269
787	415
787	551
787	615
787	656
787	844
787	919
787	936
787	980
787	983
788	127
788	425
788	460
788	477
788	518
788	653
788	729
788	830
788	903
788	917
788	921
788	923
788	943
789	131
789	281
789	394
789	574
789	763
789	772
789	797
789	857
789	888
789	913
789	937
789	947
789	960
790	8
790	74
790	305
790	326
790	340
790	408
790	454
790	553
790	617
790	662
790	669
790	746
790	842
791	13
791	49
791	79
791	171
791	376
791	588
791	592
791	675
791	760
791	794
791	874
791	925
791	985
792	138
792	219
792	332
792	444
792	506
792	620
792	681
792	686
792	729
792	956
792	967
792	970
792	996
793	102
793	483
793	501
793	607
793	621
793	655
793	669
793	762
793	808
793	814
793	868
793	932
793	974
794	147
794	193
794	215
794	261
794	352
794	648
794	791
794	799
794	821
794	825
794	841
794	929
794	985
795	227
795	310
795	327
795	387
795	442
795	603
795	642
795	665
795	687
795	734
795	912
795	993
795	999
796	225
796	359
796	386
796	389
796	449
796	700
796	713
796	865
796	916
796	946
796	953
796	992
796	997
797	47
797	109
797	393
797	490
797	647
797	667
797	764
797	770
797	789
797	810
797	943
797	952
797	992
798	277
798	453
798	487
798	497
798	534
798	570
798	708
798	759
798	760
798	850
798	951
798	992
798	995
799	20
799	232
799	350
799	472
799	542
799	565
799	602
799	614
799	652
799	794
799	815
799	975
799	996
800	131
800	278
800	613
800	664
800	775
800	801
800	841
800	848
800	855
800	920
800	924
800	971
800	988
801	63
801	156
801	194
801	315
801	371
801	375
801	607
801	661
801	691
801	774
801	800
801	807
801	871
802	54
802	68
802	123
802	506
802	697
802	717
802	746
802	851
802	910
802	941
802	967
802	990
802	996
803	54
803	93
803	235
803	325
803	420
803	478
803	518
803	577
803	584
803	649
803	848
803	904
803	946
804	84
804	118
804	144
804	292
804	293
804	309
804	350
804	470
804	545
804	590
804	772
804	862
804	977
805	15
805	51
805	123
805	327
805	331
805	335
805	518
805	593
805	635
805	704
805	716
805	751
805	924
806	14
806	266
806	267
806	287
806	446
806	495
806	496
806	502
806	525
806	534
806	600
806	608
806	911
806	919
807	63
807	90
807	179
807	325
807	429
807	436
807	474
807	519
807	550
807	589
807	681
807	786
807	801
807	906
808	57
808	194
808	314
808	707
808	728
808	734
808	746
808	771
808	793
808	870
808	878
808	947
808	976
808	978
809	8
809	99
809	128
809	164
809	284
809	317
809	364
809	605
809	705
809	752
809	824
809	829
809	857
809	911
810	133
810	145
810	197
810	393
810	467
810	500
810	576
810	697
810	764
810	797
810	849
810	934
810	995
810	999
811	7
811	61
811	255
811	290
811	298
811	394
811	529
811	585
811	646
811	745
811	923
811	925
811	964
811	1000
812	14
812	91
812	258
812	296
812	300
812	481
812	551
812	660
812	702
812	708
812	758
812	926
812	950
812	983
813	136
813	148
813	249
813	253
813	361
813	425
813	514
813	588
813	744
813	889
813	923
813	928
813	942
813	958
814	53
814	264
814	271
814	325
814	412
814	479
814	551
814	555
814	638
814	777
814	793
814	891
814	932
814	969
815	48
815	132
815	326
815	349
815	365
815	540
815	565
815	569
815	612
815	620
815	799
815	958
815	975
815	980
816	163
816	201
816	211
816	282
816	460
816	480
816	506
816	616
816	758
816	764
816	822
816	839
816	882
816	986
817	318
817	413
817	573
817	684
817	698
817	757
817	824
817	888
817	910
817	932
817	967
817	975
817	987
817	990
818	42
818	250
818	337
818	363
818	392
818	457
818	463
818	470
818	614
818	622
818	747
818	770
818	819
818	949
819	120
819	250
819	353
819	419
819	561
819	603
819	638
819	679
819	732
819	733
819	747
819	818
819	833
819	934
820	191
820	283
820	414
820	424
820	445
820	476
820	644
820	709
820	761
820	860
820	878
820	892
820	913
820	918
821	45
821	174
821	307
821	369
821	443
821	487
821	532
821	672
821	712
821	743
821	794
821	929
821	959
821	991
822	164
822	168
822	418
822	450
822	482
822	535
822	622
822	668
822	750
822	816
822	827
822	851
822	945
822	999
823	1
823	44
823	217
823	393
823	426
823	472
823	493
823	542
823	565
823	614
823	695
823	825
823	918
823	980
824	41
824	144
824	179
824	217
824	381
824	397
824	455
824	495
824	701
824	809
824	817
824	857
824	912
824	969
825	44
825	180
825	269
825	614
825	620
825	667
825	695
825	722
825	740
825	794
825	823
825	890
825	944
825	960
826	22
826	43
826	108
826	218
826	260
826	269
826	294
826	667
826	676
826	776
826	855
826	948
826	954
826	958
827	370
827	412
827	443
827	462
827	615
827	619
827	620
827	822
827	852
827	854
827	910
827	914
827	931
827	962
828	6
828	28
828	127
828	333
828	518
828	563
828	729
828	839
828	879
828	907
828	911
828	913
828	921
828	944
829	7
829	106
829	249
829	317
829	530
829	568
829	573
829	627
829	774
829	783
829	809
829	955
829	978
829	998
830	106
830	175
830	308
830	340
830	404
830	430
830	511
830	666
830	680
830	717
830	788
830	832
830	865
830	916
831	184
831	301
831	355
831	407
831	460
831	470
831	594
831	614
831	684
831	833
831	861
831	917
831	959
831	985
832	41
832	345
832	399
832	505
832	510
832	535
832	647
832	741
832	830
832	866
832	900
832	936
832	972
832	977
833	37
833	141
833	158
833	196
833	230
833	370
833	553
833	565
833	581
833	819
833	831
833	836
833	871
833	988
834	47
834	78
834	288
834	416
834	501
834	557
834	694
834	843
834	854
834	917
834	961
834	976
834	989
834	990
835	155
835	165
835	278
835	408
835	417
835	434
835	445
835	449
835	565
835	641
835	713
835	859
835	864
835	930
836	196
836	375
836	617
836	677
836	689
836	774
836	833
836	871
836	893
836	895
836	924
836	933
836	960
836	962
837	29
837	30
837	85
837	143
837	204
837	305
837	567
837	635
837	683
837	846
837	850
837	900
837	936
837	977
838	188
838	375
838	577
838	680
838	704
838	736
838	850
838	857
838	859
838	911
838	917
838	939
838	951
838	977
839	290
839	614
839	730
839	816
839	828
839	863
839	874
839	881
839	886
839	949
839	966
839	977
840	120
840	198
840	229
840	256
840	286
840	393
840	495
840	533
840	601
840	631
840	754
840	785
840	848
840	961
841	82
841	224
841	357
841	359
841	435
841	464
841	570
841	597
841	609
841	771
841	794
841	800
841	867
841	934
842	52
842	178
842	339
842	372
842	415
842	419
842	563
842	594
842	618
842	623
842	790
842	853
842	919
842	981
843	47
843	78
843	145
843	376
843	427
843	539
843	557
843	663
843	694
843	834
843	903
843	944
843	948
843	976
844	51
844	124
844	244
844	344
844	628
844	763
844	787
844	846
844	853
844	866
844	873
844	880
844	895
844	920
845	111
845	246
845	439
845	497
845	605
845	661
845	666
845	715
845	767
845	776
845	855
845	915
845	954
845	957
846	289
846	295
846	333
846	433
846	452
846	522
846	549
846	598
846	754
846	783
846	837
846	844
846	875
846	962
847	116
847	430
847	437
847	548
847	579
847	591
847	642
847	724
847	729
847	766
847	778
847	850
847	853
847	991
847	992
848	337
848	597
848	630
848	652
848	696
848	758
848	778
848	784
848	800
848	803
848	840
848	877
848	886
848	987
848	1000
849	330
849	465
849	494
849	512
849	537
849	552
849	694
849	706
849	810
849	856
849	885
849	887
849	913
849	922
849	938
850	5
850	60
850	480
850	759
850	760
850	798
850	837
850	838
850	847
850	884
850	898
850	940
850	945
850	951
850	955
851	254
851	354
851	418
851	513
851	558
851	656
851	747
851	755
851	802
851	822
851	862
851	884
851	903
851	996
851	999
852	225
852	299
852	404
852	581
852	587
852	606
852	613
852	732
852	756
852	827
852	878
852	928
852	956
852	991
852	997
853	95
853	291
853	419
853	424
853	502
853	556
853	576
853	656
853	758
853	842
853	844
853	847
853	867
853	912
853	919
854	241
854	260
854	564
854	674
854	712
854	786
854	827
854	834
854	882
854	897
854	918
854	946
854	961
854	962
854	993
855	125
855	228
855	246
855	303
855	380
855	439
855	456
855	776
855	800
855	826
855	845
855	868
855	924
855	945
855	954
856	78
856	171
856	201
856	371
856	440
856	504
856	561
856	567
856	608
856	660
856	849
856	893
856	894
856	909
856	975
857	62
857	192
857	277
857	284
857	295
857	472
857	580
857	698
857	705
857	789
857	809
857	824
857	838
857	887
857	901
858	163
858	170
858	344
858	375
858	465
858	548
858	605
858	636
858	653
858	740
858	862
858	873
858	905
858	951
858	1000
859	6
859	9
859	92
859	214
859	258
859	278
859	370
859	448
859	641
859	673
859	762
859	835
859	838
859	864
859	918
860	58
860	109
860	191
860	424
860	476
860	502
860	548
860	593
860	757
860	761
860	820
860	892
860	950
860	973
860	990
861	20
861	156
861	190
861	437
861	479
861	483
861	572
861	574
861	615
861	646
861	683
861	753
861	831
861	870
861	977
862	23
862	39
862	147
862	292
862	293
862	350
862	364
862	458
862	471
862	530
862	772
862	804
862	851
862	858
862	881
863	19
863	33
863	123
863	149
863	178
863	369
863	473
863	605
863	710
863	719
863	839
863	881
863	935
863	936
863	960
864	107
864	200
864	278
864	421
864	434
864	663
864	673
864	703
864	724
864	733
864	835
864	859
864	886
864	893
864	942
865	12
865	146
865	161
865	175
865	302
865	340
865	404
865	536
865	700
865	717
865	744
865	771
865	778
865	796
865	830
866	153
866	202
866	315
866	399
866	406
866	520
866	628
866	660
866	670
866	722
866	782
866	832
866	844
866	880
866	895
867	158
867	190
867	201
867	354
867	490
867	525
867	545
867	571
867	596
867	597
867	779
867	841
867	853
867	934
867	948
868	103
868	214
868	346
868	359
868	479
868	616
868	656
868	793
868	855
868	891
868	920
868	922
868	932
868	969
868	986
869	45
869	58
869	114
869	140
869	289
869	304
869	312
869	332
869	507
869	644
869	647
869	720
869	766
869	953
869	955
870	20
870	138
870	337
870	428
870	436
870	528
870	562
870	648
870	738
870	773
870	808
870	861
870	901
870	905
870	960
871	141
871	383
871	481
871	497
871	659
871	688
871	771
871	801
871	833
871	836
871	873
871	905
871	918
871	937
871	939
872	116
872	136
872	341
872	362
872	435
872	613
872	638
872	675
872	693
872	704
872	892
872	982
872	984
872	999
873	71
873	88
873	109
873	242
873	329
873	636
873	656
873	725
873	732
873	767
873	844
873	858
873	871
873	931
873	975
874	56
874	133
874	230
874	280
874	630
874	633
874	701
874	730
874	791
874	839
874	881
874	886
874	921
875	7
875	115
875	144
875	154
875	468
875	481
875	522
875	549
875	570
875	598
875	627
875	699
875	783
875	846
875	980
876	35
876	50
876	81
876	193
876	231
876	467
876	565
876	625
876	647
876	727
876	729
876	737
876	740
876	774
876	966
876	968
877	101
877	118
877	266
877	295
877	426
877	499
877	527
877	610
877	696
877	778
877	784
877	848
877	890
877	959
877	969
877	985
878	236
878	291
878	311
878	360
878	394
878	409
878	541
878	603
878	746
878	761
878	808
878	820
878	852
878	889
878	992
878	994
879	25
879	44
879	269
879	336
879	408
879	471
879	473
879	660
879	674
879	707
879	738
879	783
879	828
879	882
879	892
879	917
880	86
880	173
880	200
880	391
880	399
880	432
880	504
880	600
880	670
880	706
880	763
880	844
880	866
880	895
880	897
880	901
881	13
881	15
881	107
881	141
881	236
881	441
881	455
881	730
881	742
881	839
881	862
881	863
881	874
881	882
881	886
881	978
882	73
882	104
882	339
882	471
882	484
882	568
882	629
882	722
882	738
882	770
882	816
882	854
882	879
882	881
882	917
882	984
883	63
883	139
883	192
883	234
883	248
883	433
883	464
883	466
883	584
883	663
883	750
883	756
883	786
883	928
883	974
883	997
884	93
884	427
884	515
884	527
884	533
884	568
884	642
884	645
884	747
884	771
884	850
884	851
884	885
884	902
884	933
884	948
885	88
885	103
885	150
885	188
885	227
885	289
885	296
885	399
885	405
885	431
885	482
885	849
885	884
885	902
885	941
885	957
886	90
886	236
886	441
886	554
886	566
886	607
886	643
886	727
886	730
886	774
886	839
886	848
886	864
886	874
886	881
886	999
887	184
887	217
887	492
887	527
887	551
887	557
887	574
887	663
887	702
887	720
887	779
887	849
887	857
887	899
887	940
887	977
888	8
888	110
888	135
888	287
888	308
888	453
888	515
888	685
888	737
888	750
888	789
888	817
888	937
888	947
888	955
888	973
889	11
889	103
889	252
889	300
889	326
889	516
889	613
889	639
889	647
889	813
889	878
889	944
889	952
889	955
889	964
889	967
890	56
890	70
890	100
890	234
890	372
890	494
890	560
890	579
890	597
890	607
890	672
890	715
890	743
890	825
890	877
890	973
891	79
891	156
891	306
891	403
891	447
891	449
891	610
891	655
891	669
891	721
891	814
891	868
891	915
891	922
891	932
891	969
892	38
892	166
892	184
892	185
892	219
892	465
892	493
892	619
892	675
892	820
892	860
892	872
892	879
892	941
892	982
892	984
893	31
893	187
893	361
893	392
893	518
893	731
893	783
893	784
893	836
893	856
893	864
893	907
893	921
893	923
893	927
893	961
894	30
894	69
894	80
894	94
894	171
894	252
894	294
894	371
894	393
894	504
894	567
894	728
894	762
894	856
894	952
894	965
895	10
895	16
895	185
895	376
895	388
895	391
895	470
895	485
895	670
895	707
895	761
895	762
895	836
895	844
895	866
895	880
896	202
896	279
896	283
896	301
896	312
896	395
896	564
896	619
896	620
896	668
896	713
896	776
896	946
896	958
896	961
896	962
897	71
897	98
897	149
897	362
897	417
897	434
897	446
897	474
897	531
897	538
897	601
897	641
897	715
897	741
897	854
897	880
898	3
898	41
898	143
898	144
898	147
898	397
898	471
898	495
898	654
898	662
898	850
898	899
898	901
898	912
898	918
898	994
899	6
899	37
899	84
899	115
899	312
899	350
899	514
899	544
899	566
899	646
899	685
899	721
899	887
899	898
899	938
899	963
900	437
900	466
900	472
900	493
900	505
900	510
900	681
900	683
900	712
900	832
900	837
900	907
900	952
900	977
900	979
900	1000
901	138
901	352
901	428
901	528
901	562
901	612
901	648
901	724
901	754
901	857
901	870
901	880
901	898
901	907
901	939
901	972
902	146
902	519
902	567
902	604
902	665
902	689
902	711
902	721
902	735
902	884
902	885
902	925
902	963
902	967
902	986
902	995
903	68
903	92
903	199
903	254
903	404
903	418
903	456
903	510
903	514
903	750
903	755
903	788
903	843
903	851
903	931
903	945
904	159
904	187
904	212
904	227
904	360
904	421
904	496
904	600
904	608
904	683
904	780
904	803
904	911
904	923
904	970
904	973
905	28
905	117
905	315
905	336
905	375
905	496
905	520
905	703
905	774
905	858
905	870
905	871
905	925
905	949
905	977
905	998
906	52
906	90
906	129
906	179
906	348
906	460
906	479
906	503
906	529
906	538
906	581
906	681
906	682
906	786
906	807
906	944
907	11
907	57
907	327
907	361
907	366
907	392
907	569
907	600
907	603
907	703
907	729
907	751
907	768
907	828
907	893
907	900
907	901
908	272
908	306
908	387
908	389
908	499
908	514
908	564
908	591
908	596
908	605
908	672
908	701
908	753
908	919
908	953
908	964
908	994
909	18
909	87
909	314
909	347
909	403
909	658
909	692
909	749
909	751
909	773
909	782
909	856
909	931
909	950
909	961
909	979
909	989
910	1
910	212
910	252
910	448
910	489
910	560
910	617
910	633
910	756
910	802
910	817
910	827
910	911
910	967
910	990
910	992
910	996
911	10
911	159
911	180
911	266
911	496
911	593
911	600
911	719
911	730
911	806
911	809
911	828
911	838
911	904
911	910
911	921
911	997
912	191
912	381
912	397
912	402
912	491
912	495
912	574
912	645
912	654
912	735
912	795
912	824
912	853
912	898
912	930
912	958
912	971
913	226
913	253
913	255
913	363
913	458
913	477
913	583
913	694
913	722
913	745
913	784
913	789
913	820
913	828
913	849
913	973
913	977
914	124
914	305
914	345
914	377
914	439
914	443
914	509
914	614
914	649
914	668
914	743
914	754
914	827
914	918
914	946
914	952
914	962
915	68
915	73
915	75
915	128
915	167
915	270
915	422
915	505
915	548
915	607
915	634
915	664
915	736
915	845
915	891
915	987
915	993
916	97
916	161
916	246
916	251
916	317
916	328
916	429
916	677
916	692
916	708
916	735
916	796
916	830
916	927
916	929
916	960
916	995
917	19
917	39
917	423
917	437
917	471
917	484
917	629
917	660
917	738
917	742
917	782
917	788
917	831
917	834
917	838
917	879
917	882
918	440
918	443
918	515
918	601
918	619
918	620
918	719
918	820
918	823
918	854
918	859
918	871
918	898
918	914
918	962
918	966
918	981
919	12
919	26
919	66
919	265
919	576
919	637
919	656
919	709
919	787
919	806
919	842
919	853
919	908
919	956
919	964
919	982
919	984
920	31
920	160
920	600
920	618
920	626
920	633
920	697
920	741
920	768
920	800
920	844
920	868
920	924
920	954
920	971
920	979
920	980
921	25
921	35
921	162
921	366
921	419
921	533
921	703
921	725
921	731
921	758
921	788
921	828
921	874
921	893
921	911
921	972
921	980
922	70
922	170
922	304
922	461
922	475
922	512
922	537
922	663
922	706
922	718
922	720
922	849
922	868
922	891
922	938
922	948
922	991
923	127
923	350
923	366
923	406
923	414
923	731
923	741
923	768
923	788
923	811
923	813
923	893
923	904
923	926
923	928
923	954
923	959
924	137
924	297
924	312
924	500
924	618
924	673
924	691
924	781
924	800
924	805
924	836
924	855
924	920
924	927
924	956
924	971
924	981
925	86
925	216
925	224
925	232
925	257
925	298
925	302
925	368
925	526
925	617
925	646
925	734
925	791
925	811
925	902
925	905
925	964
926	21
926	89
926	264
926	279
926	394
926	503
926	540
926	598
926	603
926	677
926	686
926	739
926	812
926	923
926	927
926	976
926	978
927	257
927	349
927	368
927	376
927	409
927	471
927	573
927	734
927	775
927	782
927	893
927	916
927	924
927	926
927	972
927	985
927	993
928	213
928	305
928	421
928	495
928	509
928	562
928	586
928	606
928	650
928	677
928	745
928	813
928	852
928	883
928	923
928	968
928	997
929	49
929	83
929	125
929	146
929	151
929	262
929	345
929	372
929	556
929	627
929	674
929	721
929	794
929	821
929	916
929	932
929	998
930	118
930	257
930	331
930	381
930	447
930	454
930	535
930	538
930	610
930	657
930	679
930	721
930	725
930	835
930	912
930	935
930	956
930	959
931	61
931	77
931	108
931	112
931	176
931	540
931	544
931	580
931	581
931	742
931	827
931	873
931	903
931	909
931	942
931	945
931	961
931	970
932	286
932	324
932	346
932	391
932	416
932	508
932	557
932	591
932	669
932	709
932	793
932	814
932	817
932	868
932	891
932	929
932	975
932	996
933	2
933	317
933	349
933	364
933	394
933	412
933	427
933	434
933	515
933	527
933	533
933	610
933	660
933	689
933	723
933	836
933	884
933	962
934	22
934	417
934	464
934	490
934	500
934	529
934	539
934	570
934	597
934	667
934	668
934	747
934	784
934	810
934	819
934	841
934	867
934	940
935	24
935	36
935	269
935	379
935	384
935	404
935	460
935	538
935	657
935	665
935	716
935	750
935	863
935	930
935	956
935	959
935	975
935	987
936	30
936	165
936	190
936	276
936	278
936	280
936	310
936	519
936	547
936	550
936	559
936	625
936	763
936	787
936	832
936	837
936	863
936	977
937	45
937	102
937	105
937	143
937	165
937	242
937	299
937	450
937	521
937	574
937	629
937	678
937	751
937	789
937	871
937	888
937	953
937	960
938	10
938	121
938	186
938	407
938	411
938	512
938	552
938	592
938	654
938	659
938	662
938	698
938	718
938	849
938	899
938	922
938	958
938	977
939	16
939	47
939	167
939	168
939	188
939	274
939	316
939	448
939	486
939	680
939	767
939	838
939	871
939	901
939	940
939	979
939	992
939	997
940	16
940	49
940	193
940	239
940	250
940	252
940	374
940	680
940	710
940	725
940	764
940	767
940	850
940	887
940	934
940	939
940	951
940	969
941	84
941	100
941	195
941	274
941	402
941	409
941	466
941	472
941	550
941	632
941	738
941	762
941	802
941	885
941	892
941	945
941	957
941	1000
942	148
942	169
942	298
942	349
942	361
942	388
942	414
942	425
942	501
942	514
942	532
942	635
942	732
942	813
942	864
942	931
942	950
942	985
943	21
943	48
943	133
943	151
943	400
943	452
943	454
943	467
943	492
943	536
943	709
943	764
943	769
943	770
943	779
943	788
943	797
943	984
944	53
944	253
944	390
944	473
944	536
944	545
944	575
944	622
944	691
944	825
944	828
944	843
944	889
944	906
944	946
944	949
944	991
944	992
945	251
945	273
945	318
945	414
945	418
945	558
945	584
945	609
945	610
945	615
945	750
945	822
945	850
945	855
945	903
945	931
945	941
945	991
946	32
946	298
946	301
946	440
946	443
946	537
946	545
946	546
946	630
946	674
946	704
946	796
946	803
946	854
946	896
946	914
946	944
946	966
947	24
947	76
947	85
947	119
947	125
947	189
947	311
947	357
947	483
947	491
947	524
947	621
947	678
947	685
947	789
947	808
947	888
947	955
948	21
948	79
948	183
948	184
948	208
948	411
948	496
948	523
948	595
948	649
948	732
948	748
948	826
948	843
948	867
948	884
948	922
948	966
949	7
949	162
949	172
949	246
949	451
949	453
949	513
949	536
949	589
949	609
949	659
949	707
949	818
949	839
949	905
949	944
949	981
949	991
950	51
950	258
950	300
950	429
950	452
950	481
950	534
950	538
950	612
950	695
950	708
950	711
950	812
950	860
950	909
950	942
950	968
950	983
951	109
951	243
951	292
951	316
951	501
951	557
951	602
951	666
951	759
951	767
951	798
951	838
951	850
951	858
951	940
951	972
951	976
951	986
952	11
952	64
952	69
952	206
952	329
952	426
952	516
952	523
952	543
952	599
952	647
952	748
952	785
952	797
952	889
952	894
952	900
952	914
953	324
953	375
953	386
953	449
953	462
953	671
953	675
953	687
953	695
953	713
953	772
953	783
953	796
953	869
953	908
953	937
953	954
953	956
954	218
954	246
954	260
954	300
954	384
954	439
954	495
954	636
954	687
954	690
954	740
954	776
954	826
954	845
954	855
954	920
954	923
954	953
955	92
955	218
955	290
955	311
955	392
955	463
955	685
955	737
955	765
955	766
955	829
955	850
955	869
955	888
955	889
955	947
955	960
955	996
956	60
956	245
956	331
956	374
956	379
956	480
956	538
956	603
956	628
956	657
956	792
956	852
956	919
956	924
956	930
956	935
956	953
956	959
957	84
957	88
957	150
957	256
957	289
957	305
957	389
957	399
957	405
957	477
957	547
957	566
957	617
957	663
957	763
957	845
957	885
957	941
958	45
958	96
958	200
958	232
958	365
958	469
958	565
958	602
958	650
958	725
958	813
958	815
958	826
958	896
958	912
958	938
958	964
958	975
958	997
959	24
959	57
959	79
959	118
959	251
959	265
959	379
959	538
959	620
959	657
959	681
959	690
959	821
959	831
959	877
959	923
959	930
959	935
959	956
960	29
960	68
960	96
960	151
960	678
960	685
960	737
960	744
960	781
960	789
960	825
960	836
960	863
960	870
960	916
960	937
960	955
960	980
960	993
961	73
961	120
961	205
961	256
961	286
961	431
961	516
961	600
961	601
961	719
961	739
961	754
961	834
961	840
961	854
961	893
961	896
961	909
961	931
962	48
962	231
962	345
962	366
962	587
962	589
962	625
962	668
962	674
962	715
962	769
962	827
962	836
962	846
962	854
962	896
962	914
962	918
962	933
963	71
963	151
963	266
963	297
963	352
963	357
963	383
963	429
963	432
963	535
963	689
963	711
963	717
963	721
963	776
963	899
963	902
963	974
963	986
964	298
964	332
964	336
964	338
964	342
964	365
964	431
964	438
964	526
964	585
964	607
964	646
964	707
964	811
964	889
964	908
964	919
964	925
964	958
965	35
965	82
965	88
965	135
965	189
965	237
965	299
965	508
965	559
965	584
965	599
965	634
965	637
965	669
965	716
965	729
965	780
965	894
965	979
966	35
966	137
966	263
966	281
966	353
966	385
966	532
966	599
966	625
966	668
966	711
966	723
966	839
966	876
966	918
966	946
966	948
966	968
966	988
967	23
967	253
967	332
967	413
967	446
967	581
967	608
967	640
967	648
967	792
967	802
967	817
967	889
967	902
967	910
967	969
967	980
967	989
967	990
968	124
968	132
968	221
968	281
968	380
968	479
968	482
968	559
968	609
968	651
968	703
968	723
968	727
968	760
968	876
968	928
968	950
968	966
968	991
969	111
969	131
969	250
969	263
969	306
969	346
969	401
969	416
969	537
969	655
969	669
969	814
969	824
969	868
969	877
969	891
969	940
969	967
969	970
970	228
970	264
970	287
970	299
970	378
970	398
970	418
970	439
970	470
970	499
970	641
970	723
970	727
970	792
970	904
970	931
970	969
970	974
970	990
971	60
971	214
971	458
971	476
971	594
971	618
971	697
971	716
971	744
971	775
971	800
971	912
971	920
971	924
971	974
971	988
971	990
971	991
971	992
972	20
972	126
972	145
972	336
972	376
972	377
972	436
972	500
972	621
972	632
972	649
972	677
972	737
972	832
972	901
972	921
972	927
972	951
972	995
973	5
973	32
973	172
973	187
973	226
973	286
973	363
973	438
973	445
973	583
973	619
973	623
973	745
973	860
973	888
973	890
973	904
973	913
973	997
974	165
974	235
974	287
974	347
974	351
974	356
974	378
974	398
974	670
974	689
974	704
974	748
974	766
974	793
974	883
974	963
974	970
974	971
974	978
975	232
975	241
975	270
975	302
975	365
975	461
975	469
975	565
975	602
975	640
975	799
975	815
975	817
975	856
975	873
975	932
975	935
975	958
975	983
976	82
976	269
976	285
976	314
976	320
976	390
976	503
976	537
976	541
976	550
976	603
976	808
976	834
976	843
976	926
976	951
976	978
976	991
976	1000
977	29
977	165
977	170
977	437
977	530
977	694
977	769
977	804
977	832
977	837
977	838
977	839
977	861
977	887
977	900
977	905
977	913
977	936
977	938
978	135
978	154
978	222
978	242
978	279
978	282
978	304
978	415
978	541
978	582
978	603
978	703
978	729
978	746
978	808
978	829
978	881
978	926
978	974
978	976
979	27
979	65
979	216
979	281
979	417
979	450
979	634
979	635
979	636
979	652
979	699
979	727
979	781
979	900
979	909
979	920
979	939
979	965
979	987
979	998
980	13
980	44
980	166
980	341
980	423
980	440
980	558
980	578
980	608
980	614
980	695
980	777
980	787
980	815
980	823
980	875
980	920
980	921
980	960
980	967
981	31
981	59
981	127
981	160
981	191
981	281
981	297
981	314
981	487
981	500
981	543
981	605
981	697
981	743
981	775
981	842
981	918
981	924
981	949
981	988
982	32
982	177
982	185
982	195
982	238
982	243
982	435
982	493
982	595
982	638
982	675
982	700
982	714
982	779
982	872
982	892
982	919
982	984
982	988
982	989
983	97
983	207
983	225
983	268
983	324
983	423
983	512
983	532
983	567
983	596
983	602
983	611
983	616
983	692
983	728
983	787
983	812
983	950
983	975
983	992
984	30
984	61
984	177
984	185
984	201
984	205
984	288
984	435
984	493
984	510
984	564
984	675
984	710
984	741
984	872
984	882
984	892
984	919
984	943
984	982
985	13
985	23
985	91
985	114
985	193
985	199
985	215
985	525
985	588
985	592
985	688
985	748
985	765
985	773
985	791
985	794
985	831
985	877
985	927
985	942
986	1
986	13
986	60
986	121
986	256
986	292
986	333
986	357
986	519
986	535
986	628
986	689
986	711
986	721
986	740
986	816
986	868
986	902
986	951
986	963
987	246
987	267
987	320
987	330
987	369
987	498
987	499
987	508
987	579
987	610
987	643
987	752
987	756
987	768
987	778
987	817
987	848
987	915
987	935
987	979
988	64
988	159
988	160
988	284
988	457
988	500
988	568
988	586
988	618
988	697
988	731
988	775
988	776
988	777
988	800
988	833
988	966
988	971
988	981
988	982
989	18
989	41
989	87
989	134
989	339
989	347
989	373
989	403
989	517
989	542
989	543
989	692
989	696
989	749
989	775
989	834
989	909
989	967
989	982
989	999
990	111
990	121
990	186
990	212
990	242
990	247
990	332
990	398
990	399
990	413
990	416
990	802
990	817
990	834
990	860
990	910
990	967
990	970
990	971
990	996
991	137
991	199
991	390
991	455
991	459
991	513
991	545
991	659
991	692
991	770
991	821
991	847
991	852
991	922
991	944
991	945
991	949
991	968
991	971
991	976
992	92
992	116
992	271
992	579
992	624
992	642
992	661
992	669
992	724
992	766
992	796
992	797
992	798
992	847
992	878
992	910
992	939
992	944
992	971
992	983
993	91
993	99
993	192
993	246
993	273
993	310
993	358
993	433
993	442
993	450
993	472
993	524
993	636
993	665
993	795
993	854
993	915
993	927
993	960
993	999
994	69
994	116
994	153
994	155
994	161
994	210
994	384
994	387
994	389
994	468
994	499
994	561
994	593
994	701
994	753
994	777
994	878
994	898
994	908
994	999
995	134
995	222
995	317
995	338
995	347
995	377
995	461
995	489
995	561
995	569
995	677
995	687
995	695
995	734
995	782
995	798
995	810
995	902
995	916
995	972
996	1
996	110
996	239
996	318
996	351
996	413
996	506
996	520
996	546
996	613
996	715
996	766
996	792
996	799
996	802
996	851
996	910
996	932
996	955
996	990
997	63
997	310
997	331
997	373
997	496
997	505
997	529
997	541
997	573
997	606
997	744
997	756
997	796
997	852
997	883
997	911
997	928
997	939
997	958
997	973
998	88
998	181
998	202
998	262
998	351
998	447
998	452
998	512
998	530
998	542
998	556
998	567
998	635
998	785
998	829
998	905
998	929
998	979
998	999
998	1000
999	99
999	310
999	358
999	398
999	433
999	442
999	546
999	665
999	683
999	712
999	795
999	810
999	822
999	851
999	872
999	886
999	989
999	993
999	994
999	998
1000	84
1000	100
1000	195
1000	220
1000	252
1000	274
1000	377
1000	498
1000	550
1000	626
1000	671
1000	759
1000	762
1000	811
1000	848
1000	858
1000	900
1000	941
1000	976
1000	998
