1	431
1	486
1	541
1	705
1	779
1	809
2	48
2	406
2	623
2	932
2	945
2	989
3	123
3	191
3	559
3	805
3	862
3	980
4	45
4	165
4	353
4	610
4	866
4	952
5	38
5	39
5	477
5	501
5	508
5	521
6	55
6	665
6	745
6	787
6	815
6	873
7	282
7	494
7	664
7	757
7	915
7	921
8	453
8	677
8	723
8	787
8	800
8	880
9	175
9	556
9	636
9	752
9	927
9	959
10	50
10	91
10	377
10	659
10	780
10	879
11	72
11	266
11	466
11	501
11	933
11	934
12	86
12	111
12	492
12	728
12	775
12	962
13	32
13	57
13	155
13	208
13	744
13	920
14	404
14	513
14	719
14	756
14	922
14	931
15	353
15	409
15	557
15	610
15	618
15	934
16	27
16	62
16	129
16	414
16	455
16	877
17	192
17	214
17	230
17	294
17	443
17	738
18	135
18	482
18	621
18	709
18	731
18	864
19	52
19	238
19	278
19	285
19	456
19	579
20	307
20	377
20	414
20	596
20	649
20	988
21	206
21	286
21	660
21	790
21	839
21	981
22	301
22	430
22	453
22	526
22	609
22	738
23	184
23	672
23	712
23	841
23	849
23	891
24	119
24	242
24	743
24	782
24	806
24	832
25	360
25	431
25	734
25	781
25	852
25	947
26	145
26	505
26	647
26	698
26	822
26	966
27	16
27	319
27	378
27	414
27	527
27	996
28	84
28	300
28	349
28	697
28	755
28	814
29	35
29	205
29	259
29	340
29	455
29	716
30	174
30	221
30	313
30	653
30	955
30	958
31	482
31	486
31	716
31	833
31	872
31	981
32	13
32	66
32	429
32	437
32	715
32	932
33	103
33	423
33	469
33	674
33	709
33	871
34	355
34	495
34	508
34	958
34	961
34	974
35	29
35	445
35	655
35	797
35	856
35	960
36	66
36	87
36	171
36	239
36	326
36	429
37	89
37	733
37	753
37	769
37	798
37	901
38	5
38	475
38	722
38	786
38	793
38	818
39	5
39	163
39	490
39	683
39	761
39	824
40	447
40	560
40	575
40	647
40	650
40	700
41	79
41	261
41	494
41	669
41	706
41	794
42	203
42	685
42	925
42	937
42	947
42	979
43	270
43	325
43	458
43	529
43	800
43	856
44	106
44	632
44	762
44	803
44	834
44	942
45	4
45	303
45	405
45	877
45	901
45	936
46	381
46	466
46	747
46	878
46	917
46	930
47	252
47	688
47	883
47	949
47	993
47	995
48	2
48	395
48	658
48	784
48	829
48	907
49	500
49	504
49	539
49	604
49	794
49	895
50	10
50	126
50	371
50	509
50	646
50	978
51	92
51	217
51	299
51	463
51	832
51	926
52	19
52	565
52	577
52	663
52	740
52	911
53	494
53	525
53	550
53	959
53	995
53	998
54	55
54	70
54	357
54	512
54	735
54	991
55	6
55	54
55	644
55	723
55	787
55	932
56	241
56	254
56	536
56	734
56	765
56	781
57	13
57	493
57	683
57	749
57	811
57	838
58	167
58	373
58	610
58	686
58	756
58	874
59	155
59	322
59	372
59	563
59	676
59	814
60	144
60	345
60	440
60	669
60	759
60	792
61	638
61	699
61	717
61	774
61	893
61	970
62	16
62	289
62	696
62	743
62	793
62	938
63	224
63	463
63	643
63	705
63	895
63	940
64	196
64	356
64	653
64	730
64	752
64	776
65	122
65	620
65	692
65	717
65	753
65	761
66	32
66	36
66	83
66	438
66	734
66	914
67	205
67	698
67	705
67	797
67	898
67	967
68	73
68	204
68	283
68	411
68	879
68	990
69	212
69	252
69	256
69	817
69	914
69	952
70	54
70	339
70	354
70	384
70	530
70	546
71	460
71	485
71	565
71	790
71	878
71	977
72	11
72	283
72	467
72	503
72	778
72	899
73	68
73	78
73	356
73	715
73	788
73	999
74	161
74	712
74	768
74	861
74	902
74	951
75	289
75	606
75	921
75	945
75	950
75	977
76	574
76	760
76	764
76	829
76	950
76	999
77	96
77	257
77	416
77	513
77	686
77	964
78	73
78	381
78	626
78	660
78	799
78	830
79	41
79	345
79	751
79	755
79	958
79	980
80	267
80	400
80	489
80	586
80	894
80	964
81	490
81	703
81	851
81	872
81	896
81	961
82	104
82	501
82	773
82	894
82	905
82	988
83	66
83	271
83	326
83	505
83	799
83	869
84	28
84	284
84	884
84	911
84	935
84	971
85	133
85	137
85	277
85	625
85	699
85	913
86	12
86	217
86	522
86	746
86	759
86	957
87	36
87	207
87	612
87	623
87	650
87	844
88	130
88	451
88	584
88	706
88	788
88	903
89	37
89	335
89	549
89	769
89	798
89	878
90	338
90	374
90	575
90	600
90	811
90	895
91	10
91	117
91	414
91	619
91	681
91	995
92	51
92	389
92	570
92	837
92	845
92	908
93	493
93	624
93	714
93	842
93	898
93	991
94	350
94	542
94	633
94	652
94	689
94	985
95	378
95	534
95	826
95	901
95	940
95	949
96	77
96	643
96	766
96	942
96	972
96	987
97	295
97	630
97	762
97	802
97	839
97	981
98	349
98	523
98	607
98	796
98	864
98	913
99	218
99	519
99	597
99	815
99	842
99	872
100	175
100	224
100	322
100	379
100	663
100	800
101	244
101	606
101	897
101	920
101	955
101	986
102	163
102	359
102	515
102	569
102	810
102	911
103	33
103	159
103	189
103	718
103	791
103	863
104	82
104	555
104	605
104	713
104	932
104	989
105	457
105	540
105	792
105	907
105	927
105	991
106	44
106	639
106	685
106	848
106	878
106	928
107	537
107	569
107	600
107	874
107	893
107	970
108	408
108	503
108	706
108	803
108	896
108	999
109	278
109	409
109	635
109	740
109	911
109	985
110	119
110	251
110	585
110	747
110	839
110	915
111	12
111	394
111	422
111	568
111	670
111	760
112	388
112	616
112	666
112	691
112	720
112	897
113	382
113	461
113	496
113	827
113	947
113	980
114	167
114	530
114	689
114	733
114	861
114	963
115	254
115	439
115	777
115	786
115	852
115	906
116	348
116	602
116	636
116	695
116	775
116	882
117	91
117	283
117	429
117	592
117	876
117	912
118	441
118	477
118	500
118	617
118	820
118	827
119	24
119	110
119	168
119	627
119	730
119	979
120	520
120	540
120	738
120	807
120	813
120	973
121	331
121	558
121	581
121	798
121	801
121	988
122	65
122	263
122	486
122	651
122	882
122	942
123	3
123	129
123	241
123	854
123	869
123	979
124	816
124	829
124	916
124	929
124	936
124	945
125	354
125	715
125	743
125	890
125	928
125	961
126	50
126	290
126	394
126	419
126	851
126	910
127	192
127	336
127	931
127	945
127	960
127	989
128	306
128	701
128	836
128	859
128	900
128	913
129	16
129	123
129	333
129	658
129	757
129	967
130	88
130	534
130	583
130	674
130	710
130	753
131	137
131	389
131	436
131	686
131	731
131	845
132	277
132	459
132	471
132	592
132	716
132	857
133	85
133	186
133	523
133	683
133	796
133	875
134	202
134	330
134	512
134	617
134	834
134	991
135	18
135	174
135	512
135	540
135	570
135	704
136	308
136	521
136	673
136	746
136	751
136	826
137	85
137	131
137	538
137	605
137	663
137	995
138	291
138	443
138	595
138	749
138	909
138	951
139	335
139	369
139	428
139	437
139	474
139	682
140	241
140	437
140	457
140	639
140	810
140	974
141	571
141	842
141	870
141	898
141	948
141	981
142	257
142	438
142	696
142	763
142	918
142	956
143	438
143	472
143	729
143	743
143	857
143	994
144	60
144	290
144	457
144	534
144	906
144	916
145	26
145	152
145	502
145	880
145	907
145	910
146	509
146	690
146	867
146	891
146	942
146	990
147	480
147	508
147	795
147	866
147	874
147	990
148	236
148	393
148	738
148	905
148	961
148	974
149	173
149	714
149	779
149	929
149	952
149	978
150	499
150	593
150	664
150	797
150	922
150	961
151	254
151	288
151	531
151	841
151	866
151	894
152	145
152	183
152	216
152	716
152	740
152	975
153	681
153	735
153	860
153	935
153	982
153	985
154	732
154	736
154	897
154	926
154	977
154	1000
155	13
155	59
155	582
155	620
155	807
155	811
156	302
156	427
156	873
156	882
156	928
156	967
157	351
157	469
157	522
157	818
157	826
157	951
158	219
158	397
158	755
158	758
158	908
158	977
159	103
159	497
159	653
159	685
159	725
159	988
160	401
160	727
160	820
160	962
160	979
160	996
161	74
161	641
161	747
161	767
161	868
161	871
162	420
162	563
162	630
162	781
162	800
162	948
163	39
163	102
163	614
163	740
163	815
163	834
164	407
164	549
164	815
164	846
164	912
164	930
165	4
165	224
165	238
165	443
165	908
165	918
166	169
166	582
166	635
166	688
166	761
166	947
167	58
167	114
167	587
167	621
167	873
167	894
168	119
168	311
168	414
168	500
168	663
168	718
169	166
169	472
169	872
169	880
169	911
169	928
170	424
170	749
170	750
170	818
170	921
170	995
171	36
171	430
171	617
171	622
171	729
171	847
172	532
172	596
172	736
172	778
172	788
172	943
173	149
173	337
173	697
173	708
173	766
173	948
174	30
174	135
174	186
174	327
174	382
174	958
175	9
175	100
175	325
175	720
175	874
175	993
176	370
176	506
176	600
176	641
176	964
176	965
177	401
177	669
177	782
177	785
177	813
177	832
178	221
178	498
178	817
178	885
178	956
178	997
179	273
179	291
179	495
179	545
179	742
179	789
180	198
180	541
180	686
180	796
180	912
180	968
181	435
181	661
181	811
181	863
181	916
181	922
182	430
182	480
182	531
182	651
182	724
182	931
183	152
183	216
183	782
183	863
183	880
183	923
184	23
184	471
184	788
184	845
184	855
184	975
185	239
185	358
185	747
185	952
185	978
185	992
186	133
186	174
186	374
186	422
186	459
186	864
187	439
187	515
187	722
187	748
187	759
187	931
188	251
188	255
188	428
188	515
188	543
188	824
189	103
189	328
189	391
189	465
189	920
189	941
190	391
190	428
190	646
190	746
190	799
190	830
191	3
191	299
191	554
191	780
191	791
191	863
192	17
192	127
192	226
192	537
192	641
192	929
193	249
193	391
193	478
193	558
193	627
193	756
194	454
194	467
194	682
194	941
194	946
194	963
195	600
195	670
195	763
195	868
195	900
195	964
196	64
196	520
196	771
196	798
196	908
196	977
197	368
197	589
197	593
197	890
197	927
197	962
198	180
198	477
198	518
198	729
198	776
198	855
199	248
199	386
199	734
199	772
199	926
199	962
200	383
200	502
200	513
200	886
200	984
200	995
201	536
201	615
201	711
201	803
201	813
201	852
202	134
202	547
202	816
202	877
202	911
202	960
203	42
203	277
203	360
203	416
203	621
203	767
204	68
204	420
204	668
204	736
204	945
204	957
205	29
205	67
205	237
205	367
205	672
205	812
206	21
206	541
206	578
206	744
206	782
206	973
207	87
207	308
207	475
207	576
207	912
207	990
208	13
208	238
208	324
208	751
208	840
208	908
209	368
209	837
209	843
209	844
209	913
209	920
210	482
210	543
210	591
210	765
210	781
210	982
211	367
211	385
211	682
211	726
211	731
211	959
212	69
212	260
212	261
212	574
212	718
212	932
213	456
213	677
213	767
213	890
213	894
213	961
214	17
214	277
214	284
214	407
214	758
214	761
215	425
215	576
215	599
215	651
215	775
215	915
216	152
216	183
216	365
216	612
216	880
216	922
216	923
217	51
217	86
217	289
217	309
217	402
217	718
217	819
218	99
218	222
218	369
218	519
218	572
218	730
218	916
219	158
219	379
219	450
219	649
219	802
219	847
219	969
220	251
220	352
220	399
220	432
220	705
220	761
220	847
221	30
221	178
221	310
221	606
221	804
221	813
221	982
222	218
222	397
222	575
222	650
222	821
222	883
222	996
223	278
223	385
223	612
223	870
223	898
223	963
223	993
224	63
224	100
224	165
224	692
224	784
224	947
224	960
225	489
225	763
225	858
225	885
225	939
225	953
225	990
226	192
226	452
226	489
226	697
226	830
226	869
226	964
227	516
227	528
227	631
227	660
227	666
227	753
227	799
228	331
228	488
228	696
228	716
228	737
228	765
228	772
229	582
229	665
229	766
229	773
229	867
229	920
229	967
230	17
230	325
230	431
230	544
230	568
230	874
230	877
231	490
231	613
231	700
231	742
231	822
231	853
231	966
232	322
232	449
232	672
232	674
232	880
232	896
232	932
233	259
233	423
233	463
233	566
233	580
233	669
233	988
234	476
234	729
234	773
234	921
234	935
234	942
234	954
235	276
235	460
235	505
235	564
235	633
235	781
235	941
236	148
236	352
236	610
236	684
236	927
236	939
236	999
237	205
237	619
237	740
237	748
237	888
237	915
237	931
238	19
238	165
238	208
238	304
238	583
238	689
238	774
239	36
239	185
239	588
239	635
239	700
239	821
239	884
240	462
240	609
240	610
240	619
240	681
240	752
240	866
241	56
241	123
241	140
241	345
241	495
241	510
241	630
242	24
242	555
242	651
242	702
242	807
242	825
242	959
243	365
243	371
243	608
243	789
243	814
243	887
243	893
244	101
244	253
244	473
244	658
244	825
244	888
244	941
245	252
245	510
245	591
245	731
245	738
245	782
245	865
246	281
246	314
246	421
246	532
246	602
246	972
246	978
247	426
247	556
247	578
247	628
247	652
247	769
247	975
248	199
248	280
248	796
248	804
248	875
248	936
248	945
249	193
249	424
249	671
249	684
249	764
249	937
249	974
250	499
250	552
250	918
250	924
250	931
250	962
250	981
251	110
251	188
251	220
251	417
251	428
251	598
251	807
252	47
252	69
252	245
252	694
252	815
252	819
252	976
253	244
253	600
253	743
253	797
253	894
253	915
253	974
254	56
254	115
254	151
254	486
254	493
254	936
254	982
255	188
255	284
255	543
255	598
255	682
255	827
255	993
256	69
256	281
256	465
256	504
256	844
256	878
256	966
257	77
257	142
257	445
257	589
257	590
257	655
257	989
258	472
258	536
258	631
258	664
258	808
258	818
258	875
259	29
259	233
259	364
259	395
259	711
259	776
259	824
260	212
260	468
260	665
260	802
260	810
260	917
260	927
261	41
261	212
261	311
261	539
261	613
261	780
261	968
262	274
262	336
262	593
262	830
262	885
262	942
262	972
263	122
263	422
263	540
263	603
263	619
263	625
263	673
264	393
264	399
264	405
264	450
264	458
264	800
264	883
265	458
265	533
265	592
265	796
265	862
265	944
265	996
266	11
266	496
266	499
266	502
266	608
266	824
266	905
267	80
267	679
267	750
267	793
267	834
267	919
267	978
268	399
268	677
268	695
268	775
268	865
268	943
268	986
269	302
269	638
269	692
269	888
269	917
269	940
269	967
270	43
270	298
270	447
270	643
270	882
270	977
270	989
271	83
271	286
271	290
271	786
271	807
271	966
271	973
272	311
272	334
272	423
272	433
272	528
272	730
272	977
273	179
273	363
273	599
273	752
273	762
273	937
273	981
274	262
274	650
274	741
274	757
274	792
274	854
274	860
275	333
275	433
275	488
275	628
275	657
275	720
275	749
276	235
276	372
276	674
276	758
276	873
276	887
276	985
277	85
277	132
277	203
277	214
277	693
277	839
277	994
278	19
278	109
278	223
278	323
278	324
278	727
278	911
279	400
279	498
279	591
279	634
279	657
279	763
279	985
280	248
280	294
280	566
280	582
280	864
280	906
280	982
281	246
281	256
281	330
281	432
281	731
281	794
281	937
282	7
282	306
282	678
282	794
282	859
282	892
282	988
283	68
283	72
283	117
283	304
283	687
283	874
283	893
284	84
284	214
284	255
284	586
284	868
284	877
284	884
285	19
285	724
285	738
285	845
285	890
285	903
285	989
286	21
286	271
286	841
286	874
286	970
286	973
286	985
287	327
287	366
287	572
287	673
287	755
287	821
287	940
288	151
288	333
288	573
288	620
288	721
288	811
288	841
289	62
289	75
289	217
289	398
289	459
289	892
289	945
290	126
290	144
290	271
290	550
290	607
290	906
290	920
291	138
291	179
291	482
291	813
291	839
291	956
291	981
292	529
292	746
292	771
292	926
292	964
292	980
292	996
293	581
293	585
293	688
293	743
293	831
293	888
293	913
294	17
294	280
294	426
294	691
294	751
294	849
294	906
295	97
295	303
295	521
295	611
295	924
295	948
295	983
296	523
296	601
296	654
296	757
296	785
296	859
296	864
297	607
297	751
297	817
297	897
297	922
297	955
297	986
298	270
298	462
298	574
298	661
298	810
298	866
298	966
299	51
299	191
299	393
299	448
299	639
299	819
299	957
300	28
300	445
300	578
300	721
300	816
300	880
300	942
301	22
301	335
301	556
301	705
301	809
301	859
301	884
302	156
302	269
302	556
302	829
302	868
302	906
302	907
303	45
303	295
303	507
303	758
303	802
303	935
303	937
304	238
304	283
304	570
304	640
304	866
304	962
304	970
305	502
305	615
305	638
305	716
305	776
305	929
305	985
306	128
306	282
306	481
306	538
306	859
306	913
306	966
307	20
307	391
307	479
307	604
307	757
307	819
307	940
308	136
308	207
308	532
308	603
308	731
308	780
308	845
309	217
309	398
309	637
309	735
309	754
309	778
309	871
310	221
310	352
310	384
310	408
310	684
310	796
310	939
311	168
311	261
311	272
311	487
311	527
311	539
311	973
312	343
312	552
312	780
312	787
312	817
312	821
312	871
313	30
313	382
313	411
313	667
313	832
313	877
313	918
314	246
314	318
314	655
314	844
314	850
314	891
314	972
315	347
315	499
315	522
315	725
315	739
315	872
315	970
316	365
316	405
316	703
316	709
316	710
316	774
316	971
317	633
317	715
317	733
317	763
317	953
317	955
317	958
318	314
318	512
318	654
318	663
318	712
318	753
318	861
319	27
319	442
319	549
319	584
319	946
319	980
319	996
320	337
320	634
320	642
320	647
320	775
320	789
320	967
321	612
321	718
321	790
321	853
321	876
321	885
321	962
322	59
322	100
322	232
322	402
322	442
322	690
322	897
323	278
323	338
323	454
323	621
323	806
323	963
323	975
324	208
324	278
324	441
324	805
324	849
324	926
324	965
325	43
325	175
325	230
325	447
325	561
325	749
325	998
326	36
326	83
326	429
326	679
326	961
326	994
326	995
327	174
327	287
327	366
327	367
327	685
327	799
327	974
328	189
328	583
328	728
328	745
328	849
328	894
328	962
329	334
329	544
329	574
329	694
329	816
329	960
329	987
330	134
330	281
330	389
330	588
330	683
330	738
330	765
331	121
331	228
331	450
331	475
331	521
331	673
331	765
332	364
332	476
332	505
332	584
332	711
332	743
332	929
333	129
333	275
333	288
333	599
333	607
333	840
333	847
334	272
334	329
334	640
334	667
334	746
334	957
334	984
335	89
335	139
335	301
335	615
335	622
335	734
335	850
336	127
336	262
336	398
336	423
336	643
336	805
336	807
337	173
337	320
337	388
337	395
337	405
337	406
337	677
338	90
338	323
338	485
338	644
338	717
338	878
338	989
339	70
339	550
339	916
339	922
339	951
339	953
339	968
340	29
340	446
340	492
340	728
340	824
340	886
340	969
341	712
341	732
341	841
341	863
341	872
341	950
341	996
342	425
342	575
342	647
342	923
342	950
342	992
342	996
343	312
343	356
343	477
343	821
343	824
343	946
343	998
344	566
344	609
344	660
344	759
344	873
344	891
344	950
345	60
345	79
345	241
345	415
345	685
345	688
345	806
346	364
346	600
346	689
346	796
346	887
346	969
346	985
347	315
347	450
347	682
347	683
347	871
347	957
347	983
348	116
348	715
348	941
348	952
348	979
348	982
348	990
349	28
349	98
349	445
349	880
349	893
349	973
349	981
350	94
350	437
350	592
350	639
350	724
350	870
350	986
351	157
351	411
351	534
351	675
351	765
351	786
351	826
352	220
352	236
352	310
352	410
352	470
352	497
352	859
353	4
353	15
353	652
353	661
353	699
353	866
353	924
354	70
354	125
354	374
354	456
354	672
354	695
354	719
355	34
355	434
355	558
355	882
355	941
355	981
355	989
356	64
356	73
356	343
356	595
356	730
356	831
356	877
357	54
357	682
357	729
357	795
357	834
357	990
357	991
358	185
358	550
358	551
358	632
358	775
358	843
358	936
359	102
359	379
359	454
359	659
359	814
359	857
359	947
360	25
360	203
360	825
360	854
360	904
360	943
360	950
361	431
361	518
361	698
361	834
361	858
361	921
361	966
362	386
362	393
362	528
362	730
362	774
362	820
362	944
363	273
363	385
363	390
363	473
363	503
363	721
363	987
364	259
364	332
364	346
364	475
364	521
364	620
364	673
365	216
365	243
365	316
365	403
365	409
365	930
365	934
366	287
366	327
366	561
366	739
366	806
366	829
366	846
367	205
367	211
367	327
367	672
367	785
367	824
367	891
368	197
368	209
368	424
368	426
368	558
368	727
368	890
369	139
369	218
369	394
369	481
369	640
369	666
369	709
370	176
370	520
370	676
370	685
370	804
370	944
370	964
370	1000
371	50
371	243
371	412
371	624
371	691
371	890
371	897
371	983
372	59
372	276
372	584
372	724
372	875
372	899
372	937
372	999
373	58
373	416
373	421
373	771
373	865
373	873
373	978
373	980
374	90
374	186
374	354
374	543
374	572
374	670
374	825
374	968
375	376
375	466
375	483
375	731
375	790
375	848
375	850
375	995
376	375
376	606
376	827
376	850
376	896
376	932
376	962
376	972
377	10
377	20
377	804
377	863
377	881
377	890
377	895
377	915
378	27
378	95
378	411
378	418
378	674
378	747
378	903
378	986
379	100
379	219
379	359
379	418
379	458
379	496
379	798
379	947
380	468
380	529
380	552
380	590
380	662
380	948
380	960
380	993
381	46
381	78
381	466
381	536
381	545
381	631
381	660
381	830
382	113
382	174
382	313
382	532
382	622
382	798
382	973
382	994
383	200
383	449
383	513
383	731
383	824
383	857
383	946
383	978
384	70
384	310
384	473
384	866
384	894
384	920
384	962
384	989
385	211
385	223
385	363
385	422
385	516
385	699
385	882
385	885
386	199
386	362
386	713
386	734
386	772
386	852
386	934
386	999
387	502
387	563
387	708
387	773
387	845
387	865
387	948
387	971
388	112
388	337
388	420
388	469
388	561
388	710
388	800
388	946
389	92
389	131
389	330
389	633
389	786
389	845
389	905
389	998
390	363
390	484
390	521
390	550
390	677
390	793
390	858
390	879
391	189
391	190
391	193
391	307
391	436
391	863
391	914
391	952
392	719
392	800
392	803
392	869
392	911
392	961
392	968
392	992
393	148
393	264
393	299
393	362
393	587
393	595
393	651
393	986
394	111
394	126
394	369
394	434
394	593
394	611
394	707
394	777
395	48
395	259
395	337
395	642
395	647
395	667
395	709
395	822
396	473
396	548
396	562
396	604
396	928
396	956
396	992
396	998
397	158
397	222
397	576
397	614
397	799
397	853
397	858
397	899
398	289
398	309
398	336
398	476
398	520
398	643
398	699
398	849
399	220
399	264
399	268
399	479
399	747
399	761
399	892
399	993
400	80
400	279
400	690
400	762
400	857
400	899
400	947
400	994
401	160
401	177
401	784
401	814
401	823
401	828
401	969
401	991
402	217
402	322
402	475
402	562
402	773
402	952
402	969
402	991
403	365
403	627
403	783
403	845
403	886
403	890
403	917
403	947
404	14
404	425
404	488
404	514
404	543
404	601
404	719
404	893
405	45
405	264
405	316
405	337
405	536
405	551
405	642
405	647
406	2
406	337
406	511
406	662
406	752
406	765
406	945
406	989
407	164
407	214
407	497
407	619
407	698
407	797
407	812
407	970
408	108
408	310
408	492
408	565
408	726
408	922
408	994
408	999
409	15
409	109
409	365
409	547
409	787
409	888
409	934
409	971
410	352
410	568
410	589
410	590
410	655
410	661
410	700
410	781
411	68
411	313
411	351
411	378
411	433
411	674
411	793
411	795
412	371
412	588
412	668
412	676
412	758
412	794
412	828
412	959
413	507
413	633
413	779
413	861
413	865
413	945
413	955
413	967
414	16
414	20
414	27
414	91
414	168
414	487
414	509
414	780
415	345
415	416
415	587
415	747
415	792
415	818
415	875
415	926
416	77
416	203
416	373
416	415
416	421
416	680
416	686
416	822
417	251
417	440
417	614
417	629
417	650
417	727
417	818
417	875
418	378
418	379
418	614
418	626
418	657
418	787
418	790
418	813
419	126
419	658
419	755
419	783
419	829
419	851
419	884
419	907
420	162
420	204
420	388
420	561
420	575
420	822
420	845
420	991
421	246
421	373
421	416
421	659
421	686
421	750
421	806
421	989
422	111
422	186
422	263
422	385
422	571
422	585
422	750
422	929
423	33
423	233
423	272
423	336
423	884
423	938
423	971
423	974
424	170
424	249
424	368
424	487
424	592
424	632
424	645
424	925
425	215
425	342
425	404
425	667
425	700
425	788
425	847
425	915
426	247
426	294
426	368
426	530
426	650
426	755
426	848
426	977
427	156
427	429
427	507
427	837
427	845
427	896
427	927
427	928
428	139
428	188
428	190
428	251
428	550
428	598
428	878
428	987
429	32
429	36
429	117
429	326
429	427
429	465
429	848
429	902
430	22
430	171
430	182
430	447
430	651
430	693
430	759
430	931
431	1
431	25
431	230
431	361
431	519
431	750
431	891
431	938
432	220
432	281
432	479
432	522
432	552
432	630
432	699
432	761
433	272
433	275
433	411
433	448
433	466
433	528
433	794
433	935
434	355
434	394
434	589
434	636
434	732
434	828
434	914
434	941
435	181
435	563
435	678
435	701
435	739
435	786
435	788
435	859
436	131
436	391
436	619
436	846
436	887
436	897
436	952
436	985
437	32
437	139
437	140
437	350
437	471
437	510
437	630
437	951
438	66
438	142
438	143
438	442
438	679
438	696
438	721
438	900
439	115
439	187
439	634
439	662
439	915
439	931
439	932
439	937
440	60
440	417
440	493
440	587
440	690
440	760
440	808
440	980
441	118
441	324
441	636
441	645
441	693
441	785
441	822
441	966
442	319
442	322
442	438
442	594
442	805
442	828
442	862
442	999
443	17
443	138
443	165
443	497
443	646
443	698
443	708
443	797
444	505
444	580
444	588
444	762
444	892
444	899
444	959
444	991
445	35
445	257
445	300
445	349
445	538
445	686
445	817
445	880
446	340
446	612
446	730
446	798
446	831
446	833
446	844
446	868
447	40
447	270
447	325
447	430
447	537
447	648
447	944
447	989
448	299
448	433
448	451
448	459
448	484
448	595
448	730
448	984
449	232
449	383
449	670
449	696
449	721
449	739
449	803
449	906
450	219
450	264
450	331
450	347
450	503
450	594
450	709
450	969
451	88
451	448
451	689
451	838
451	841
451	903
451	943
451	979
452	226
452	510
452	703
452	845
452	857
452	891
452	956
452	998
453	8
453	22
453	487
453	506
453	526
453	531
453	560
453	651
454	194
454	323
454	359
454	481
454	598
454	714
454	914
454	958
455	16
455	29
455	490
455	496
455	858
455	919
455	947
455	952
456	19
456	213
456	354
456	577
456	652
456	798
456	900
456	965
457	105
457	140
457	144
457	553
457	706
457	796
457	864
457	958
458	43
458	264
458	265
458	379
458	657
458	868
458	930
458	956
459	132
459	186
459	289
459	448
459	760
459	827
459	841
459	882
460	71
460	235
460	496
460	602
460	899
460	917
460	934
460	999
461	113
461	499
461	755
461	857
461	860
461	868
461	978
461	994
462	240
462	298
462	661
462	719
462	731
462	798
462	880
462	884
463	51
463	63
463	233
463	578
463	803
463	861
463	917
463	975
464	526
464	888
464	896
464	910
464	951
464	953
464	954
464	967
465	189
465	256
465	429
465	547
465	601
465	756
465	804
465	819
466	11
466	46
466	375
466	381
466	433
466	733
466	812
466	993
467	72
467	194
467	584
467	653
467	801
467	852
467	938
467	988
468	260
468	380
468	513
468	702
468	786
468	803
468	949
468	980
469	33
469	157
469	388
469	485
469	542
469	629
469	697
469	864
470	352
470	480
470	508
470	554
470	641
470	777
470	859
470	944
470	951
471	132
471	184
471	437
471	597
471	736
471	783
471	828
471	903
471	914
472	143
472	169
472	258
472	771
472	836
472	857
472	863
472	977
472	994
473	244
473	363
473	384
473	396
473	525
473	766
473	781
473	869
473	974
474	139
474	546
474	710
474	759
474	801
474	844
474	908
474	963
474	978
475	38
475	207
475	331
475	364
475	402
475	585
475	673
475	675
475	898
476	234
476	332
476	398
476	540
476	707
476	918
476	929
476	951
476	952
477	5
477	118
477	198
477	343
477	559
477	570
477	771
477	837
477	991
478	193
478	559
478	621
478	665
478	702
478	704
478	723
478	787
478	791
479	307
479	399
479	432
479	570
479	590
479	632
479	761
479	926
479	990
480	147
480	182
480	470
480	538
480	691
480	728
480	919
480	939
480	945
481	306
481	369
481	454
481	673
481	687
481	699
481	710
481	890
481	963
482	18
482	31
482	210
482	291
482	727
482	839
482	886
482	919
482	981
483	375
483	498
483	569
483	602
483	643
483	644
483	669
483	850
483	972
484	390
484	448
484	525
484	554
484	601
484	632
484	684
484	894
484	939
485	71
485	338
485	469
485	567
485	703
485	863
485	901
485	976
485	995
486	1
486	31
486	122
486	254
486	514
486	581
486	625
486	760
486	970
487	311
487	414
487	424
487	453
487	536
487	555
487	615
487	711
487	887
488	228
488	275
488	404
488	548
488	608
488	628
488	640
488	648
488	720
489	80
489	225
489	226
489	558
489	624
489	769
489	868
489	949
489	959
490	39
490	81
490	231
490	455
490	539
490	763
490	857
490	945
490	994
491	539
491	627
491	779
491	828
491	838
491	888
491	946
491	983
491	991
492	12
492	340
492	408
492	728
492	737
492	745
492	834
492	887
492	972
493	57
493	93
493	254
493	440
493	620
493	720
493	811
493	850
493	951
494	7
494	41
494	53
494	677
494	767
494	768
494	789
494	794
494	971
495	34
495	179
495	241
495	568
495	682
495	683
495	716
495	911
495	921
496	113
496	266
496	379
496	455
496	460
496	517
496	677
496	783
496	994
497	159
497	352
497	407
497	443
497	641
497	698
497	791
497	797
497	875
498	178
498	279
498	483
498	709
498	710
498	781
498	849
498	950
498	963
499	150
499	250
499	266
499	315
499	461
499	678
499	701
499	739
499	895
500	49
500	118
500	168
500	509
500	696
500	734
500	780
500	907
500	947
501	5
501	11
501	82
501	518
501	580
501	669
501	759
501	782
501	832
502	145
502	200
502	266
502	305
502	387
502	716
502	776
502	870
502	976
503	72
503	108
503	363
503	450
503	706
503	932
503	937
503	955
503	999
504	49
504	256
504	539
504	668
504	704
504	737
504	746
504	780
504	889
505	26
505	83
505	235
505	332
505	444
505	619
505	735
505	836
505	985
506	176
506	453
506	563
506	604
506	705
506	809
506	883
506	893
507	303
507	413
507	427
507	665
507	740
507	834
507	919
507	946
507	967
508	5
508	34
508	147
508	470
508	561
508	684
508	765
508	848
508	939
509	50
509	146
509	414
509	500
509	620
509	624
509	625
509	641
509	980
510	241
510	245
510	437
510	452
510	577
510	630
510	639
510	753
510	860
511	406
511	558
511	591
511	656
511	732
511	756
511	891
511	914
511	941
512	54
512	134
512	135
512	318
512	808
512	820
512	868
512	872
512	897
513	14
513	77
513	200
513	383
513	468
513	636
513	695
513	776
513	829
514	404
514	486
514	533
514	558
514	723
514	760
514	819
514	882
514	964
515	102
515	187
515	188
515	646
515	690
515	740
515	768
515	911
515	927
516	227
516	385
516	694
516	740
516	781
516	815
516	903
516	922
516	930
517	496
517	741
517	794
517	817
517	855
517	885
517	892
517	956
517	997
518	198
518	361
518	501
518	553
518	559
518	597
518	743
518	978
518	982
519	99
519	218
519	431
519	556
519	572
519	650
519	670
519	780
519	836
520	120
520	196
520	370
520	398
520	605
520	622
520	779
520	961
520	1000
521	5
521	136
521	295
521	331
521	364
521	390
521	541
521	598
521	737
522	86
522	157
522	315
522	432
522	836
522	892
522	901
522	925
522	959
523	98
523	133
523	296
523	547
523	574
523	811
523	812
523	833
523	878
524	545
524	548
524	608
524	655
524	809
524	867
524	891
524	956
524	998
525	53
525	473
525	484
525	741
525	836
525	846
525	884
525	959
525	974
526	22
526	453
526	464
526	531
526	642
526	651
526	895
526	916
526	922
527	27
527	311
527	533
527	889
527	891
527	923
527	928
527	940
527	998
528	227
528	272
528	362
528	433
528	595
528	612
528	660
528	941
528	965
529	43
529	292
529	380
529	656
529	687
529	691
529	813
529	820
529	856
530	70
530	114
530	426
530	621
530	709
530	710
530	788
530	809
530	824
531	151
531	182
531	453
531	526
531	651
531	733
531	767
531	838
531	974
532	172
532	246
532	308
532	382
532	622
532	656
532	798
532	952
532	985
533	265
533	514
533	527
533	576
533	579
533	584
533	867
533	915
533	988
534	95
534	130
534	144
534	351
534	683
534	826
534	828
534	892
534	960
535	544
535	808
535	816
535	818
535	839
535	875
535	926
535	996
535	1000
536	56
536	201
536	258
536	381
536	405
536	487
536	777
536	817
536	893
537	107
537	192
537	447
537	618
537	648
537	833
537	895
537	945
537	989
538	137
538	306
538	445
538	480
538	654
538	736
538	753
538	829
538	992
539	49
539	261
539	311
539	490
539	491
539	504
539	615
539	645
539	994
540	105
540	120
540	135
540	263
540	476
540	570
540	820
540	851
540	990
541	1
541	180
541	206
541	521
541	607
541	623
541	796
541	958
541	995
542	94
542	469
542	734
542	783
542	865
542	870
542	876
542	931
542	948
543	188
543	210
543	255
543	374
543	404
543	598
543	708
543	947
543	982
544	230
544	329
544	535
544	579
544	653
544	801
544	977
544	982
544	988
545	179
545	381
545	524
545	573
545	919
545	925
545	962
545	981
545	999
546	70
546	474
546	611
546	714
546	748
546	802
546	842
546	870
546	898
547	202
547	409
547	465
547	523
547	623
547	665
547	697
547	878
547	894
548	396
548	488
548	524
548	606
548	687
548	799
548	838
548	924
548	928
549	89
549	164
549	319
549	703
549	799
549	835
549	851
549	930
549	960
550	53
550	290
550	339
550	358
550	390
550	428
550	863
550	977
550	995
551	358
551	405
551	557
551	571
551	607
551	695
551	726
551	887
551	957
552	250
552	312
552	380
552	432
552	572
552	659
552	897
552	918
552	924
553	457
553	518
553	579
553	591
553	623
553	668
553	797
553	934
553	958
554	191
554	470
554	484
554	740
554	882
554	914
554	939
554	963
554	966
555	104
555	242
555	487
555	794
555	802
555	909
555	916
555	936
555	949
556	9
556	247
556	301
556	302
556	519
556	688
556	691
556	744
556	829
557	15
557	551
557	571
557	581
557	746
557	777
557	837
557	925
557	957
558	121
558	193
558	355
558	368
558	489
558	511
558	514
558	889
558	914
559	3
559	477
559	478
559	518
559	917
559	929
559	948
559	952
559	978
560	40
560	453
560	621
560	627
560	854
560	860
560	901
560	971
560	979
561	325
561	366
561	388
561	420
561	508
561	573
561	701
561	899
561	997
562	396
562	402
562	649
562	750
562	828
562	932
562	961
562	967
562	969
562	997
563	59
563	162
563	387
563	435
563	506
563	564
563	705
563	809
563	849
564	235
564	563
564	598
564	654
564	663
564	753
564	830
564	832
564	862
564	988
565	52
565	71
565	408
565	701
565	770
565	881
565	932
565	949
565	961
565	999
566	233
566	280
566	344
566	637
566	669
566	759
566	927
566	954
566	972
566	985
567	485
567	693
567	742
567	819
567	822
567	859
567	963
567	965
567	966
567	999
568	111
568	230
568	410
568	495
568	578
568	589
568	711
568	793
568	834
568	945
569	102
569	107
569	483
569	594
569	925
569	937
569	939
569	950
569	956
569	992
570	92
570	135
570	304
570	477
570	479
570	540
570	742
570	820
570	842
570	883
571	141
571	422
571	551
571	557
571	573
571	746
571	810
571	854
571	957
571	975
572	218
572	287
572	374
572	519
572	552
572	575
572	650
572	777
572	971
572	974
573	288
573	545
573	561
573	571
573	762
573	833
573	919
573	981
573	984
573	988
574	76
574	212
574	298
574	329
574	523
574	703
574	829
574	850
574	906
574	907
575	40
575	90
575	222
575	342
575	420
575	572
575	650
575	659
575	769
575	978
576	207
576	215
576	397
576	533
576	584
576	855
576	876
576	910
576	912
576	976
577	52
577	456
577	510
577	761
577	874
577	879
577	938
577	971
577	987
577	996
578	206
578	247
578	300
578	463
578	568
578	595
578	823
578	869
578	886
578	943
579	19
579	533
579	544
579	553
579	584
579	801
579	938
579	973
579	996
579	1000
580	233
580	444
580	501
580	662
580	663
580	669
580	759
580	784
580	880
580	987
581	121
581	293
581	486
581	557
581	612
581	681
581	778
581	835
581	879
581	987
582	155
582	166
582	229
582	280
582	606
582	616
582	804
582	842
582	865
582	982
583	130
583	238
583	328
583	659
583	668
583	680
583	756
583	788
583	924
583	955
584	88
584	319
584	332
584	372
584	467
584	533
584	576
584	579
584	617
584	988
585	110
585	293
585	422
585	475
585	652
585	747
585	770
585	814
585	857
585	876
586	80
586	284
586	600
586	609
586	657
586	759
586	861
586	881
586	893
586	984
587	167
587	393
587	415
587	440
587	672
587	722
587	808
587	852
587	875
587	877
588	239
588	330
588	412
588	444
588	715
588	742
588	801
588	816
588	836
588	892
589	197
589	257
589	410
589	434
589	568
589	655
589	700
589	749
589	933
589	945
590	257
590	380
590	410
590	479
590	655
590	700
590	800
590	812
590	874
590	972
591	210
591	245
591	279
591	511
591	553
591	606
591	716
591	730
591	763
591	982
592	117
592	132
592	265
592	350
592	424
592	634
592	916
592	923
592	925
592	950
593	150
593	197
593	262
593	394
593	631
593	664
593	671
593	707
593	885
593	916
594	442
594	450
594	569
594	649
594	814
594	905
594	923
594	953
594	979
594	987
595	138
595	356
595	393
595	448
595	528
595	578
595	886
595	889
595	913
595	994
596	20
596	172
596	616
596	630
596	678
596	792
596	855
596	862
596	926
596	996
597	99
597	471
597	518
597	689
597	743
597	804
597	886
597	901
597	929
597	978
598	251
598	255
598	428
598	454
598	521
598	543
598	564
598	692
598	718
598	921
599	215
599	273
599	333
599	616
599	659
599	766
599	791
599	797
599	840
599	918
600	90
600	107
600	176
600	195
600	253
600	346
600	586
600	617
600	746
600	769
601	296
601	404
601	465
601	484
601	615
601	764
601	851
601	859
601	864
601	913
602	116
602	246
602	460
602	483
602	611
602	825
602	850
602	919
602	959
602	972
603	263
603	308
603	628
603	691
603	695
603	717
603	787
603	893
603	933
603	934
604	49
604	307
604	396
604	506
604	784
604	847
604	895
604	936
604	954
604	992
605	104
605	137
605	520
605	790
605	862
605	876
605	895
605	914
605	949
605	973
606	75
606	101
606	221
606	376
606	548
606	582
606	591
606	759
606	946
606	953
607	98
607	290
607	297
607	333
607	541
607	551
607	829
607	888
607	906
607	907
608	243
608	266
608	488
608	524
608	660
608	784
608	871
608	899
608	902
608	934
609	22
609	240
609	344
609	586
609	641
609	688
609	741
609	769
609	879
609	964
610	4
610	15
610	58
610	236
610	240
610	661
610	664
610	788
610	866
610	927
611	295
611	394
611	546
611	602
611	664
611	671
611	707
611	764
611	768
611	869
612	87
612	216
612	223
612	321
612	446
612	528
612	581
612	735
612	831
612	844
613	231
613	261
613	618
613	842
613	925
613	928
613	956
613	975
613	989
613	998
614	163
614	397
614	417
614	418
614	638
614	762
614	853
614	876
614	912
614	929
615	201
615	305
615	335
615	487
615	539
615	601
615	643
615	830
615	846
615	847
616	112
616	582
616	596
616	599
616	910
616	914
616	926
616	965
616	984
616	992
617	118
617	134
617	171
617	584
617	600
617	727
617	958
617	963
617	991
617	996
618	15
618	537
618	613
618	832
618	925
618	928
618	934
618	951
618	978
618	998
619	91
619	237
619	240
619	263
619	407
619	436
619	505
619	763
619	887
619	985
620	65
620	155
620	288
620	364
620	493
620	509
620	811
620	936
620	961
620	963
621	18
621	167
621	203
621	323
621	478
621	530
621	560
621	714
621	774
621	884
622	171
622	335
622	382
622	520
622	532
622	701
622	723
622	798
622	861
622	896
623	2
623	87
623	541
623	547
623	553
623	680
623	754
623	796
623	806
623	958
624	93
624	371
624	489
624	509
624	691
624	702
624	720
624	769
624	933
624	995
625	85
625	263
625	486
625	509
625	699
625	730
625	835
625	837
625	856
625	944
626	78
626	418
626	649
626	666
626	786
626	793
626	895
626	944
626	949
626	973
627	119
627	193
627	403
627	491
627	560
627	665
627	725
627	854
627	904
627	979
628	247
628	275
628	488
628	603
628	717
628	756
628	807
628	933
628	955
628	967
629	417
629	469
629	644
629	671
629	708
629	734
629	793
629	800
629	865
629	948
630	97
630	162
630	241
630	432
630	437
630	510
630	596
630	639
630	905
630	963
631	227
631	258
631	381
631	593
631	696
631	799
631	830
631	837
631	909
631	998
632	44
632	358
632	424
632	479
632	484
632	759
632	839
632	919
632	950
632	981
633	94
633	235
633	317
633	389
633	413
633	689
633	737
633	861
633	882
633	887
634	279
634	320
634	439
634	592
634	640
634	715
634	902
634	941
634	953
634	990
635	109
635	166
635	239
635	656
635	754
635	774
635	888
635	889
635	898
635	998
636	9
636	116
636	434
636	441
636	513
636	646
636	677
636	695
636	807
636	846
637	309
637	566
637	640
637	815
637	821
637	867
637	871
637	884
637	907
637	920
638	61
638	269
638	305
638	614
638	707
638	838
638	866
638	896
638	967
638	975
639	106
639	140
639	299
639	350
639	510
639	630
639	767
639	840
639	854
639	858
640	304
640	334
640	369
640	488
640	634
640	637
640	874
640	893
640	920
640	970
641	161
641	176
641	192
641	470
641	497
641	509
641	609
641	795
641	855
641	960
642	320
642	395
642	405
642	526
642	647
642	793
642	860
642	879
642	945
642	996
643	63
643	96
643	270
643	336
643	398
643	483
643	615
643	648
643	963
643	965
644	55
644	338
644	483
644	629
644	692
644	895
644	899
644	904
644	931
644	954
645	424
645	441
645	539
645	673
645	885
645	904
645	925
645	950
645	954
645	999
646	50
646	190
646	443
646	515
646	636
646	656
646	677
646	695
646	775
646	908
647	26
647	40
647	320
647	342
647	395
647	405
647	642
647	671
647	713
647	992
648	447
648	488
648	537
648	643
648	732
648	864
648	880
648	967
648	980
648	989
648	996
649	20
649	219
649	562
649	594
649	626
649	825
649	848
649	874
649	886
649	962
649	969
650	40
650	87
650	222
650	274
650	417
650	426
650	519
650	572
650	575
650	864
650	934
651	122
651	182
651	215
651	242
651	393
651	430
651	453
651	526
651	531
651	685
651	809
652	94
652	247
652	353
652	456
652	585
652	770
652	815
652	856
652	876
652	900
652	998
653	30
653	64
653	159
653	467
653	544
653	672
653	775
653	826
653	828
653	941
653	988
654	296
654	318
654	538
654	564
654	663
654	722
654	725
654	753
654	761
654	879
654	921
655	35
655	257
655	314
655	410
655	524
655	589
655	590
655	700
655	876
655	878
655	909
656	511
656	529
656	532
656	635
656	646
656	726
656	774
656	821
656	906
656	921
656	971
657	275
657	279
657	418
657	458
657	586
657	690
657	713
657	790
657	825
657	826
657	841
658	48
658	129
658	244
658	419
658	701
658	742
658	754
658	822
658	906
658	907
658	992
659	10
659	359
659	421
659	552
659	575
659	583
659	599
659	861
659	905
659	918
659	924
660	21
660	78
660	227
660	344
660	381
660	528
660	608
660	673
660	760
660	830
660	976
661	181
661	298
661	353
661	410
661	462
661	610
661	765
661	811
661	848
661	866
661	890
662	380
662	406
662	439
662	580
662	789
662	821
662	910
662	922
662	933
662	936
662	995
663	52
663	100
663	137
663	168
663	318
663	564
663	580
663	654
663	724
663	733
663	981
664	7
664	150
664	258
664	593
664	610
664	611
664	671
664	707
664	739
664	814
664	857
665	6
665	229
665	260
665	478
665	507
665	547
665	627
665	723
665	787
665	832
665	851
666	112
666	227
666	369
666	626
666	712
666	781
666	817
666	833
666	849
666	872
666	960
667	313
667	334
667	395
667	425
667	768
667	782
667	785
667	827
667	832
667	833
667	987
668	204
668	412
668	504
668	553
668	583
668	726
668	840
668	918
668	919
668	922
668	924
669	41
669	60
669	177
669	233
669	483
669	501
669	566
669	580
669	729
669	791
669	867
670	111
670	195
670	374
670	449
670	519
670	696
670	721
670	805
670	840
670	908
670	983
671	249
671	593
671	611
671	629
671	647
671	664
671	693
671	707
671	919
671	979
671	987
672	23
672	205
672	232
672	354
672	367
672	587
672	653
672	741
672	893
672	899
672	932
673	136
673	263
673	287
673	331
673	364
673	475
673	481
673	645
673	660
673	717
673	937
674	33
674	130
674	232
674	276
674	378
674	411
674	776
674	826
674	856
674	871
674	890
675	351
675	475
675	698
675	802
675	817
675	831
675	883
675	885
675	938
675	957
675	997
676	59
676	370
676	412
676	694
676	740
676	823
676	855
676	908
676	960
676	977
676	1000
677	8
677	213
677	268
677	337
677	390
677	494
677	496
677	636
677	646
677	775
677	966
678	282
678	435
678	499
678	596
678	701
678	722
678	739
678	767
678	866
678	913
678	968
679	267
679	326
679	438
679	842
679	870
679	895
679	898
679	909
679	943
680	416
680	583
680	623
680	683
680	721
680	737
680	750
680	793
680	921
680	937
680	966
681	91
681	153
681	240
681	581
681	745
681	751
681	835
681	854
681	860
681	866
681	979
682	139
682	194
682	211
682	255
682	347
682	357
682	495
682	683
682	700
682	793
682	877
683	39
683	57
683	133
683	330
683	347
683	495
683	534
683	680
683	682
683	735
683	789
684	236
684	249
684	310
684	484
684	508
684	694
684	722
684	772
684	835
684	935
684	939
685	42
685	106
685	159
685	327
685	345
685	370
685	651
685	799
685	806
685	858
685	949
686	58
686	77
686	131
686	180
686	416
686	421
686	445
686	691
686	738
686	746
686	870
687	283
687	481
687	529
687	548
687	694
687	747
687	813
687	856
687	975
687	979
687	993
688	47
688	166
688	293
688	345
688	556
688	609
688	803
688	814
688	886
688	975
688	987
689	94
689	114
689	238
689	346
689	451
689	597
689	633
689	883
689	887
689	985
689	986
690	146
690	322
690	400
690	440
690	515
690	657
690	713
690	786
690	820
690	973
690	981
691	112
691	294
691	371
691	480
691	529
691	556
691	603
691	624
691	686
691	805
691	933
692	65
692	224
692	269
692	598
692	644
692	820
692	889
692	940
692	942
692	954
692	962
693	277
693	430
693	441
693	567
693	671
693	742
693	841
693	939
693	965
693	966
693	987
694	252
694	329
694	516
694	676
694	684
694	687
694	750
694	936
694	970
694	972
694	993
695	116
695	268
695	354
695	513
695	551
695	603
695	636
695	646
695	721
695	985
695	987
696	62
696	142
696	228
696	438
696	449
696	500
696	631
696	670
696	721
696	952
696	974
697	28
697	173
697	226
697	469
697	547
697	780
697	790
697	865
697	878
697	948
697	981
698	26
698	67
698	361
698	407
698	443
698	497
698	675
698	797
698	831
698	936
698	951
699	61
699	85
699	353
699	385
699	398
699	432
699	481
699	625
699	787
699	840
699	882
700	40
700	231
700	239
700	410
700	425
700	589
700	590
700	655
700	682
700	714
700	762
701	128
701	435
701	499
701	561
701	565
701	622
701	658
701	678
701	739
701	840
701	977
702	242
702	468
702	478
702	624
702	706
702	713
702	775
702	776
702	786
702	855
702	949
703	81
703	316
703	452
703	485
703	549
703	574
703	755
703	774
703	821
703	871
703	873
704	135
704	478
704	504
704	753
704	861
704	902
704	909
704	951
704	962
704	974
704	983
705	1
705	63
705	67
705	220
705	301
705	506
705	563
705	726
705	809
705	899
705	994
706	41
706	88
706	108
706	457
706	503
706	702
706	707
706	741
706	783
706	855
706	903
707	394
707	476
707	593
707	611
707	638
707	664
707	671
707	706
707	726
707	969
707	995
708	173
708	387
708	443
708	543
708	629
708	760
708	799
708	903
708	907
708	948
708	997
709	18
709	33
709	316
709	369
709	395
709	450
709	498
709	530
709	812
709	863
709	923
709	975
710	130
710	316
710	388
710	474
710	481
710	498
710	530
710	814
710	881
710	963
710	972
710	984
711	201
711	259
711	332
711	487
711	568
711	800
711	846
711	847
711	876
711	919
711	939
711	972
712	23
712	74
712	318
712	341
712	666
712	785
712	833
712	841
712	900
712	907
712	939
712	959
713	104
713	386
713	647
713	657
713	690
713	702
713	774
713	807
713	851
713	857
713	918
713	949
714	93
714	149
714	454
714	546
714	621
714	700
714	805
714	836
714	862
714	964
714	965
714	984
715	32
715	73
715	125
715	317
715	348
715	588
715	634
715	720
715	731
715	811
715	886
715	953
716	29
716	31
716	132
716	152
716	228
716	305
716	495
716	502
716	591
716	776
716	824
716	948
717	61
717	65
717	338
717	603
717	628
717	673
717	736
717	764
717	881
717	940
717	944
717	954
718	103
718	168
718	212
718	217
718	321
718	598
718	733
718	812
718	819
718	836
718	859
718	920
719	14
719	354
719	392
719	404
719	462
719	748
719	758
719	834
719	869
719	925
719	931
719	976
720	112
720	175
720	275
720	488
720	493
720	624
720	715
720	728
720	758
720	810
720	924
720	933
721	288
721	300
721	363
721	438
721	449
721	670
721	680
721	695
721	696
721	831
721	860
721	882
722	38
722	187
722	587
722	654
722	678
722	684
722	757
722	823
722	908
722	977
722	998
722	1000
723	8
723	55
723	478
723	514
723	622
723	665
723	752
723	762
723	787
723	866
723	877
723	910
724	182
724	285
724	350
724	372
724	663
724	778
724	858
724	899
724	902
724	910
724	932
724	996
725	159
725	315
725	627
725	654
725	786
725	792
725	827
725	840
725	870
725	897
725	955
725	986
726	211
726	408
726	551
726	656
726	668
726	705
726	707
726	778
726	899
726	939
726	973
726	999
727	160
727	278
727	368
727	417
727	482
727	617
727	728
727	737
727	744
727	823
727	881
727	962
728	12
728	328
728	340
728	480
728	492
728	720
728	727
728	745
728	840
728	917
728	962
728	990
729	143
729	171
729	198
729	234
729	357
729	669
729	820
729	843
729	923
729	933
729	973
729	991
730	64
730	119
730	218
730	272
730	356
730	362
730	446
730	448
730	591
730	625
730	817
730	881
731	18
731	131
731	211
731	245
731	281
731	308
731	375
731	383
731	462
731	715
731	738
731	927
732	154
732	341
732	434
732	511
732	648
732	756
732	791
732	810
732	864
732	904
732	914
732	941
733	37
733	114
733	317
733	466
733	531
733	663
733	718
733	737
733	812
733	819
733	878
733	951
734	25
734	56
734	66
734	199
734	335
734	386
734	500
734	542
734	629
734	781
734	881
734	989
735	54
735	153
735	309
735	505
735	612
735	683
735	823
735	831
735	844
735	896
735	940
736	154
736	172
736	204
736	471
736	538
736	717
736	820
736	855
736	886
736	903
736	943
736	1000
737	228
737	492
737	504
737	521
737	633
737	680
737	727
737	733
737	745
737	812
737	962
737	990
738	17
738	22
738	120
738	148
738	245
738	285
738	330
738	686
738	731
738	845
738	864
738	967
739	315
739	366
739	435
739	449
739	499
739	664
739	678
739	701
739	799
739	917
739	934
739	937
740	52
740	109
740	152
740	163
740	237
740	507
740	515
740	516
740	554
740	676
740	911
740	925
741	274
741	517
741	525
741	609
741	672
741	706
741	794
741	798
741	802
741	883
741	885
741	997
742	179
742	231
742	567
742	570
742	588
742	658
742	693
742	822
742	843
742	872
742	966
742	993
743	24
743	62
743	125
743	143
743	253
743	293
743	332
743	518
743	597
743	748
743	944
743	978
744	13
744	206
744	556
744	727
744	752
744	809
744	834
744	860
744	886
744	904
744	927
744	946
745	6
745	328
745	492
745	681
745	728
745	737
745	774
745	778
745	837
745	900
745	934
745	962
746	86
746	136
746	190
746	292
746	334
746	504
746	557
746	571
746	600
746	686
746	823
746	957
747	46
747	110
747	161
747	185
747	378
747	399
747	415
747	585
747	687
747	770
747	858
747	987
748	187
748	237
748	546
748	719
748	743
748	754
748	783
748	785
748	824
748	902
748	915
748	931
749	57
749	138
749	170
749	275
749	325
749	589
749	835
749	861
749	902
749	909
749	951
749	998
750	170
750	267
750	421
750	422
750	431
750	562
750	680
750	694
750	877
750	923
750	948
750	991
751	79
751	136
751	208
751	294
751	297
751	681
751	806
751	848
751	852
751	921
751	944
751	969
752	9
752	64
752	240
752	273
752	406
752	723
752	744
752	803
752	890
752	905
752	973
752	975
753	37
753	65
753	130
753	227
753	318
753	510
753	538
753	564
753	654
753	704
753	922
753	933
754	309
754	623
754	635
754	658
754	748
754	766
754	774
754	819
754	873
754	884
754	940
754	971
755	28
755	79
755	158
755	287
755	419
755	426
755	461
755	703
755	806
755	822
755	846
755	848
756	14
756	58
756	193
756	465
756	511
756	583
756	628
756	732
756	801
756	847
756	914
756	941
757	7
757	129
757	274
757	296
757	307
757	722
757	854
757	856
757	860
757	956
757	979
757	991
758	158
758	214
758	276
758	303
758	412
758	719
758	720
758	773
758	797
758	843
758	889
758	920
759	60
759	86
759	187
759	344
759	430
759	474
759	501
759	566
759	580
759	586
759	606
759	632
760	76
760	111
760	440
760	459
760	486
760	514
760	660
760	708
760	882
760	909
760	933
760	993
761	39
761	65
761	166
761	214
761	220
761	399
761	432
761	479
761	577
761	654
761	812
761	918
762	44
762	97
762	273
762	400
762	444
762	573
762	614
762	700
762	723
762	860
762	875
762	919
762	940
763	142
763	195
763	225
763	279
763	317
763	490
763	591
763	619
763	767
763	811
763	972
763	990
763	997
764	76
764	249
764	601
764	611
764	717
764	767
764	875
764	937
764	950
764	959
764	985
764	992
764	1000
765	56
765	210
765	228
765	330
765	331
765	351
765	406
765	508
765	661
765	772
765	781
765	819
765	988
766	96
766	173
766	229
766	473
766	599
766	754
766	795
766	846
766	848
766	858
766	900
766	932
766	938
767	161
767	203
767	213
767	494
767	531
767	639
767	678
767	763
767	764
767	923
767	937
767	977
767	992
768	74
768	494
768	515
768	611
768	667
768	837
768	889
768	898
768	920
768	935
768	942
768	983
768	994
769	37
769	89
769	247
769	489
769	575
769	600
769	609
769	624
769	798
769	827
769	868
769	915
769	964
770	565
770	585
770	652
770	747
770	828
770	831
770	836
770	856
770	938
770	939
770	946
770	976
770	987
771	196
771	292
771	373
771	472
771	477
771	789
771	825
771	863
771	901
771	922
771	936
771	976
771	998
772	199
772	228
772	386
772	684
772	765
772	779
772	781
772	841
772	924
772	931
772	942
772	963
772	1000
773	82
773	229
773	234
773	387
773	402
773	758
773	808
773	812
773	837
773	843
773	895
773	961
773	983
774	61
774	238
774	316
774	362
774	621
774	635
774	656
774	703
774	713
774	745
774	754
774	808
774	966
775	12
775	116
775	215
775	268
775	320
775	358
775	646
775	653
775	677
775	702
775	912
775	970
775	984
776	64
776	198
776	259
776	305
776	502
776	513
776	674
776	702
776	716
776	824
776	862
776	927
776	935
777	115
777	394
777	470
777	536
777	557
777	572
777	788
777	846
777	847
777	852
777	939
777	993
777	1000
778	72
778	172
778	309
778	581
778	724
778	726
778	745
778	803
778	853
778	927
778	932
778	988
778	999
779	1
779	149
779	413
779	491
779	520
779	772
779	851
779	867
779	872
779	873
779	888
779	946
779	956
780	10
780	191
780	261
780	308
780	312
780	414
780	500
780	504
780	519
780	697
780	846
780	975
780	999
781	25
781	56
781	162
781	210
781	235
781	410
781	473
781	498
781	516
781	666
781	734
781	765
781	772
782	24
782	177
782	183
782	206
782	245
782	501
782	667
782	785
782	832
782	890
782	903
782	920
782	947
783	403
783	419
783	471
783	496
783	542
783	706
783	748
783	788
783	842
783	855
783	862
783	943
783	997
784	48
784	224
784	401
784	580
784	604
784	608
784	881
784	897
784	924
784	940
784	954
784	966
784	991
785	177
785	296
785	367
785	441
785	667
785	712
785	748
785	782
785	832
785	935
785	955
785	956
785	969
786	38
786	115
786	271
786	351
786	389
786	435
786	468
786	626
786	690
786	702
786	725
786	845
786	949
787	6
787	8
787	55
787	312
787	409
787	418
787	478
787	603
787	665
787	699
787	723
787	830
787	934
788	73
788	88
788	172
788	184
788	425
788	435
788	530
788	583
788	610
788	777
788	783
788	839
788	943
789	179
789	243
789	320
789	494
789	662
789	683
789	771
789	791
789	806
789	901
789	976
789	979
789	995
790	21
790	71
790	321
790	375
790	418
790	605
790	657
790	697
790	807
790	949
790	957
790	973
790	997
791	103
791	191
791	478
791	497
791	599
791	669
791	732
791	789
791	860
791	902
791	928
791	976
791	995
792	60
792	105
792	274
792	415
792	596
792	725
792	826
792	827
792	897
792	901
792	955
792	957
792	986
793	38
793	62
793	267
793	390
793	411
793	568
793	626
793	629
793	642
793	680
793	682
793	925
793	960
794	41
794	49
794	281
794	282
794	412
794	433
794	494
794	517
794	555
794	741
794	905
794	950
794	959
795	147
795	357
795	411
795	641
795	766
795	835
795	869
795	873
795	879
795	900
795	938
795	951
795	970
796	98
796	133
796	180
796	248
796	265
796	310
796	346
796	457
796	541
796	623
796	863
796	958
796	992
797	35
797	67
797	150
797	253
797	407
797	443
797	497
797	553
797	599
797	698
797	758
797	800
797	937
798	37
798	89
798	121
798	196
798	379
798	382
798	446
798	456
798	462
798	532
798	622
798	741
798	769
799	78
799	83
799	190
799	227
799	327
799	397
799	548
799	549
799	631
799	685
799	708
799	739
799	830
800	8
800	43
800	100
800	162
800	264
800	388
800	392
800	590
800	629
800	711
800	797
800	801
800	876
801	121
801	467
801	474
801	544
801	579
801	588
801	756
801	800
801	849
801	871
801	905
801	929
801	988
802	97
802	219
802	260
802	303
802	546
802	555
802	675
802	741
802	817
802	879
802	883
802	944
802	997
803	44
803	108
803	201
803	392
803	449
803	463
803	468
803	688
803	752
803	778
803	838
803	927
803	975
804	221
804	248
804	370
804	377
804	465
804	582
804	597
804	814
804	849
804	911
804	953
804	960
804	990
805	3
805	324
805	336
805	442
805	670
805	691
805	714
805	844
805	955
805	965
805	980
805	982
805	984
806	24
806	323
806	345
806	366
806	421
806	623
806	685
806	751
806	755
806	789
806	819
806	848
806	856
807	120
807	155
807	242
807	251
807	271
807	336
807	628
807	636
807	713
807	790
807	967
807	970
807	973
808	258
808	440
808	512
808	535
808	587
808	773
808	774
808	818
808	825
808	868
808	941
808	976
808	998
809	1
809	301
809	506
809	524
809	530
809	563
809	651
809	705
809	744
809	902
809	938
809	947
809	999
810	102
810	140
810	260
810	298
810	571
810	720
810	732
810	850
810	890
810	894
810	917
810	927
810	970
810	975
811	57
811	90
811	155
811	181
811	288
811	493
811	523
811	620
811	661
811	715
811	763
811	828
811	955
811	959
812	205
812	407
812	466
812	523
812	590
812	709
812	718
812	733
812	737
812	761
812	773
812	819
812	878
812	968
813	120
813	177
813	201
813	221
813	291
813	418
813	529
813	687
813	815
813	816
813	826
813	852
813	930
813	960
814	28
814	59
814	243
814	359
814	401
814	585
814	594
814	664
814	688
814	710
814	804
814	828
814	915
814	969
815	6
815	99
815	163
815	164
815	252
815	516
815	637
815	652
815	813
815	821
815	856
815	904
815	917
815	993
816	124
816	202
816	300
816	329
816	535
816	588
816	813
816	856
816	858
816	908
816	930
816	933
816	959
816	993
817	69
817	178
817	297
817	312
817	445
817	517
817	536
817	666
817	675
817	730
817	802
817	818
817	883
817	997
818	38
818	157
818	170
818	258
818	415
818	417
818	535
818	808
818	817
818	835
818	852
818	871
818	875
818	891
819	217
819	252
819	299
819	307
819	465
819	514
819	567
819	718
819	733
819	754
819	765
819	806
819	812
819	992
820	118
820	160
820	362
820	512
820	529
820	540
820	570
820	690
820	692
820	729
820	736
820	901
820	935
820	991
821	222
821	239
821	287
821	312
821	343
821	637
821	656
821	662
821	703
821	815
821	829
821	935
821	967
821	997
822	26
822	231
822	395
822	416
822	420
822	441
822	567
822	658
822	742
822	755
822	848
822	911
822	943
822	966
823	401
823	578
823	676
823	722
823	727
823	735
823	746
823	832
823	908
823	910
823	929
823	977
823	981
823	1000
824	39
824	188
824	259
824	266
824	340
824	343
824	367
824	383
824	530
824	716
824	748
824	776
824	918
824	976
825	242
825	244
825	360
825	374
825	602
825	649
825	657
825	771
825	808
825	867
825	869
825	898
825	968
825	974
826	95
826	136
826	157
826	351
826	534
826	653
826	657
826	674
826	792
826	813
826	835
826	836
826	957
826	989
827	113
827	118
827	255
827	376
827	459
827	667
827	725
827	769
827	792
827	853
827	887
827	897
827	955
827	986
828	401
828	412
828	434
828	442
828	471
828	491
828	534
828	562
828	653
828	770
828	811
828	814
828	911
828	969
829	48
829	76
829	124
829	302
829	366
829	419
829	513
829	538
829	556
829	574
829	607
829	821
829	924
829	972
830	78
830	190
830	226
830	262
830	381
830	564
830	615
830	631
830	660
830	787
830	799
830	963
830	983
830	984
831	293
831	356
831	446
831	612
831	675
831	698
831	721
831	735
831	770
831	844
831	923
831	971
831	974
832	24
832	51
832	177
832	313
832	501
832	564
832	618
832	665
832	667
832	782
832	785
832	823
832	917
832	931
833	31
833	446
833	523
833	537
833	573
833	666
833	667
833	712
833	841
833	849
833	872
833	896
833	901
833	972
834	44
834	134
834	163
834	267
834	357
834	361
834	492
834	507
834	568
834	719
834	744
834	877
834	921
834	987
835	549
835	581
835	625
835	681
835	684
835	749
835	795
835	818
835	826
835	858
835	879
835	925
835	938
835	971
836	128
836	472
836	505
836	519
836	522
836	525
836	588
836	714
836	718
836	770
836	826
836	892
836	948
836	959
837	92
837	209
837	427
837	477
837	557
837	625
837	631
837	745
837	768
837	773
837	867
837	889
837	958
837	983
838	57
838	451
838	491
838	531
838	548
838	638
838	803
838	845
838	851
838	876
838	888
838	896
838	946
838	953
839	21
839	97
839	110
839	277
839	291
839	482
839	535
839	632
839	788
839	843
839	919
839	977
839	982
839	990
840	208
840	333
840	599
840	639
840	668
840	670
840	699
840	701
840	725
840	728
840	892
840	912
840	918
840	924
841	23
841	151
841	286
841	288
841	341
841	451
841	459
841	657
841	693
841	712
841	772
841	833
841	849
841	872
842	93
842	99
842	141
842	546
842	570
842	582
842	613
842	679
842	783
842	870
842	898
842	912
842	955
842	973
843	209
843	358
843	729
843	742
843	758
843	773
843	839
843	867
843	873
843	920
843	945
843	966
843	983
843	988
844	87
844	209
844	256
844	314
844	446
844	474
844	612
844	735
844	805
844	831
844	868
844	892
844	986
844	991
845	92
845	131
845	184
845	285
845	308
845	387
845	389
845	403
845	420
845	427
845	452
845	738
845	786
845	838
846	164
846	366
846	436
846	525
846	615
846	636
846	711
846	755
846	766
846	777
846	780
846	847
846	852
846	973
847	171
847	219
847	220
847	333
847	425
847	604
847	615
847	711
847	756
847	777
847	846
847	852
847	878
847	913
848	106
848	375
848	426
848	429
848	508
848	649
848	661
848	751
848	755
848	766
848	806
848	822
848	867
848	972
849	23
849	294
849	324
849	328
849	398
849	498
849	563
849	666
849	801
849	804
849	833
849	841
849	858
849	872
850	314
850	335
850	375
850	376
850	483
850	493
850	574
850	602
850	810
850	879
850	880
850	902
850	933
850	972
851	81
851	126
851	419
851	540
851	549
851	601
851	665
851	713
851	779
851	838
851	854
851	873
851	910
851	943
852	25
852	115
852	201
852	386
852	467
852	587
852	751
852	777
852	813
852	818
852	846
852	847
852	912
852	965
853	231
853	321
853	397
853	614
853	778
853	827
853	866
853	876
853	894
853	898
853	900
853	912
853	942
853	982
854	123
854	274
854	360
854	560
854	571
854	627
854	639
854	681
854	757
854	851
854	900
854	901
854	909
854	989
855	184
855	198
855	517
855	576
855	596
855	641
855	676
855	702
855	706
855	736
855	783
855	891
855	903
855	906
855	943
856	35
856	43
856	529
856	625
856	652
856	674
856	687
856	757
856	770
856	806
856	815
856	816
856	930
856	952
856	999
857	132
857	143
857	359
857	383
857	400
857	452
857	461
857	472
857	490
857	585
857	664
857	713
857	887
857	916
857	979
858	225
858	361
858	390
858	397
858	455
858	639
858	685
858	724
858	747
858	766
858	816
858	835
858	849
858	900
858	938
859	128
859	282
859	296
859	301
859	306
859	352
859	435
859	470
859	567
859	601
859	718
859	864
859	865
859	913
859	932
860	153
860	274
860	461
860	510
860	560
860	642
860	681
860	721
860	744
860	757
860	762
860	791
860	869
860	979
860	990
861	74
861	114
861	318
861	413
861	463
861	586
861	622
861	633
861	659
861	704
861	749
861	902
861	909
861	951
861	982
862	3
862	265
862	442
862	564
862	596
862	605
862	714
862	776
862	783
862	917
862	924
862	954
862	965
862	990
862	996
863	103
863	181
863	183
863	191
863	341
863	377
863	391
863	472
863	485
863	550
863	709
863	771
863	796
863	880
863	996
864	18
864	98
864	186
864	280
864	296
864	457
864	469
864	601
864	648
864	650
864	732
864	738
864	859
864	872
864	913
865	245
865	268
865	373
865	387
865	413
865	542
865	582
865	629
865	697
865	859
865	893
865	900
865	948
865	954
865	993
866	4
866	147
866	151
866	240
866	298
866	304
866	353
866	384
866	610
866	638
866	661
866	678
866	681
866	723
866	853
867	146
867	229
867	524
867	533
867	637
867	669
867	779
867	825
867	837
867	843
867	848
867	871
867	877
867	935
867	983
868	161
868	195
868	284
868	302
868	446
868	458
868	461
868	489
868	512
868	769
868	808
868	844
868	878
868	964
868	969
869	83
869	123
869	226
869	392
869	473
869	578
869	611
869	719
869	795
869	825
869	860
869	886
869	905
869	968
869	974
870	141
870	223
870	350
870	502
870	542
870	546
870	679
870	686
870	725
870	842
870	898
870	904
870	955
870	969
870	981
871	33
871	161
871	309
871	312
871	347
871	608
871	637
871	674
871	703
871	801
871	818
871	867
871	926
871	971
871	994
872	31
872	81
872	99
872	169
872	315
872	341
872	512
872	666
872	742
872	779
872	833
872	841
872	849
872	864
872	879
873	6
873	156
873	167
873	276
873	344
873	373
873	703
873	754
873	779
873	795
873	843
873	851
873	888
873	910
873	946
874	58
874	107
874	147
874	175
874	230
874	283
874	286
874	577
874	590
874	640
874	649
874	885
874	893
874	970
874	973
875	133
875	248
875	258
875	372
875	415
875	417
875	497
875	535
875	587
875	762
875	764
875	818
875	909
875	913
875	970
876	117
876	321
876	542
876	576
876	585
876	605
876	614
876	652
876	655
876	711
876	800
876	838
876	853
876	896
876	912
877	16
877	45
877	202
877	230
877	284
877	313
877	356
877	587
877	682
877	723
877	750
877	834
877	867
877	921
877	940
878	46
878	71
878	89
878	106
878	256
878	338
878	428
878	523
878	547
878	655
878	697
878	733
878	812
878	847
878	868
879	10
879	68
879	390
879	577
879	581
879	609
879	642
879	654
879	795
879	802
879	835
879	850
879	872
879	987
879	991
880	8
880	145
880	169
880	183
880	216
880	232
880	300
880	349
880	445
880	462
880	580
880	648
880	850
880	863
880	929
881	377
881	565
881	586
881	710
881	717
881	727
881	730
881	734
881	784
881	883
881	895
881	938
881	940
881	954
881	958
882	116
882	122
882	156
882	270
882	355
882	385
882	459
882	514
882	554
882	633
882	699
882	721
882	760
882	891
882	1000
883	47
883	222
883	264
883	506
883	570
883	675
883	689
883	741
883	802
883	817
883	881
883	885
883	898
883	929
883	997
884	84
884	239
884	284
884	301
884	419
884	423
884	462
884	525
884	621
884	637
884	754
884	926
884	930
884	953
884	971
885	178
885	225
885	262
885	321
885	385
885	517
885	593
885	645
885	675
885	741
885	874
885	883
885	888
885	923
885	997
886	200
886	340
886	403
886	482
886	578
886	595
886	597
886	649
886	688
886	715
886	736
886	744
886	869
886	890
886	975
887	243
887	276
887	346
887	436
887	487
887	492
887	551
887	619
887	633
887	689
887	827
887	857
887	921
887	935
887	971
887	985
888	237
888	244
888	269
888	293
888	409
888	464
888	491
888	607
888	635
888	779
888	838
888	873
888	885
888	899
888	992
888	997
889	504
889	527
889	558
889	595
889	635
889	692
889	758
889	768
889	837
889	896
889	914
889	920
889	935
889	942
889	983
889	999
890	125
890	197
890	213
890	285
890	368
890	371
890	377
890	403
890	481
890	661
890	674
890	752
890	782
890	810
890	886
890	908
891	23
891	146
891	314
891	344
891	367
891	431
891	452
891	511
891	524
891	527
891	818
891	855
891	882
891	928
891	956
891	998
892	282
892	289
892	399
892	444
892	517
892	522
892	534
892	588
892	836
892	840
892	844
892	901
892	949
892	959
892	984
892	1000
893	61
893	107
893	243
893	283
893	349
893	404
893	506
893	536
893	586
893	603
893	640
893	672
893	865
893	874
893	913
893	970
894	80
894	82
894	151
894	167
894	213
894	253
894	328
894	384
894	484
894	547
894	810
894	853
894	905
894	968
894	974
894	976
895	49
895	63
895	90
895	377
895	499
895	526
895	537
895	604
895	605
895	626
895	644
895	679
895	773
895	881
895	938
895	954
896	81
896	108
896	232
896	376
896	427
896	464
896	622
896	638
896	735
896	833
896	838
896	876
896	889
896	910
896	974
896	980
897	101
897	112
897	154
897	297
897	322
897	371
897	436
897	512
897	552
897	725
897	784
897	792
897	827
897	905
897	955
897	986
898	67
898	93
898	141
898	223
898	475
898	546
898	635
898	679
898	768
898	825
898	842
898	853
898	870
898	883
898	941
898	988
899	72
899	372
899	397
899	400
899	444
899	460
899	561
899	608
899	644
899	672
899	705
899	724
899	726
899	888
899	932
899	954
900	128
900	195
900	438
900	456
900	652
900	712
900	745
900	766
900	795
900	853
900	854
900	858
900	865
900	912
900	924
900	987
901	37
901	45
901	95
901	485
901	522
901	560
901	597
901	771
901	789
901	792
901	820
901	833
901	854
901	892
901	936
901	976
902	74
902	429
902	608
902	634
902	704
902	724
902	748
902	749
902	791
902	809
902	850
902	861
902	909
902	922
902	951
902	986
903	88
903	285
903	378
903	451
903	471
903	516
903	706
903	708
903	736
903	782
903	855
903	918
903	942
903	943
903	946
903	974
904	360
904	627
904	644
904	645
904	732
904	744
904	815
904	870
904	912
904	923
904	925
904	930
904	937
904	956
904	968
904	992
905	82
905	148
905	266
905	389
905	594
905	630
905	659
905	752
905	794
905	801
905	869
905	894
905	897
905	961
905	968
905	982
906	115
906	144
906	280
906	290
906	294
906	302
906	449
906	574
906	607
906	656
906	658
906	855
906	916
906	958
906	983
906	986
907	48
907	105
907	145
907	302
907	419
907	500
907	574
907	607
907	637
907	658
907	708
907	712
907	958
907	969
907	987
907	995
908	92
908	158
908	165
908	196
908	208
908	474
908	646
908	670
908	676
908	722
908	816
908	823
908	890
908	919
908	977
908	1000
909	138
909	555
909	631
909	655
909	679
909	704
909	749
909	760
909	854
909	861
909	875
909	902
909	926
909	930
909	951
909	976
910	126
910	145
910	464
910	576
910	616
910	662
910	723
910	724
910	823
910	851
910	873
910	896
910	912
910	943
910	946
910	975
911	52
911	84
911	102
911	109
911	169
911	202
911	278
911	392
911	495
911	515
911	740
911	804
911	822
911	828
911	938
911	965
912	117
912	164
912	180
912	207
912	576
912	614
912	775
912	840
912	842
912	852
912	853
912	876
912	900
912	904
912	910
912	940
913	85
913	98
913	128
913	209
913	293
913	306
913	595
913	601
913	678
913	847
913	859
913	864
913	875
913	893
913	954
913	965
914	66
914	69
914	391
914	434
914	454
914	471
914	511
914	554
914	558
914	605
914	616
914	732
914	756
914	889
914	915
914	941
915	7
915	110
915	215
915	237
915	253
915	377
915	425
915	439
915	533
915	748
915	769
915	814
915	914
915	931
915	949
915	986
916	124
916	144
916	181
916	218
916	339
916	526
916	555
916	592
916	593
916	857
916	906
916	922
916	928
916	958
916	976
916	995
917	46
917	260
917	269
917	403
917	460
917	463
917	559
917	728
917	739
917	810
917	815
917	832
917	862
917	927
917	950
917	975
918	142
918	165
918	250
918	313
918	476
918	552
918	599
918	659
918	668
918	713
918	761
918	824
918	840
918	903
918	968
918	1000
919	267
919	455
919	480
919	482
919	507
919	545
919	573
919	602
919	632
919	668
919	671
919	711
919	762
919	839
919	908
919	930
920	13
920	101
920	189
920	209
920	229
920	290
920	384
920	637
920	640
920	718
920	758
920	768
920	782
920	843
920	889
920	950
921	7
921	75
921	170
921	234
921	361
921	495
921	598
921	654
921	656
921	680
921	751
921	834
921	877
921	887
921	948
921	952
922	14
922	150
922	181
922	216
922	297
922	339
922	408
922	516
922	526
922	662
922	668
922	753
922	771
922	902
922	916
922	936
922	995
923	183
923	216
923	342
923	527
923	592
923	594
923	709
923	729
923	750
923	767
923	831
923	885
923	904
923	937
923	950
923	961
923	992
924	250
924	295
924	353
924	548
924	552
924	583
924	659
924	668
924	720
924	772
924	784
924	829
924	840
924	862
924	900
924	940
924	987
925	42
925	424
925	522
925	545
925	557
925	569
925	592
925	613
925	618
925	645
925	719
925	740
925	793
925	835
925	904
925	928
925	992
926	51
926	154
926	199
926	292
926	324
926	415
926	479
926	535
926	596
926	616
926	871
926	884
926	909
926	943
926	944
926	965
926	980
927	9
927	105
927	197
927	236
927	260
927	427
927	515
927	566
927	610
927	731
927	744
927	776
927	778
927	803
927	810
927	917
927	950
928	106
928	125
928	156
928	169
928	396
928	427
928	527
928	548
928	613
928	618
928	791
928	891
928	916
928	925
928	946
928	956
928	985
929	124
929	149
929	192
929	305
929	332
929	422
929	476
929	559
929	597
929	614
929	801
929	823
929	880
929	883
929	949
929	952
929	978
930	46
930	164
930	365
930	458
930	516
930	549
930	813
930	816
930	856
930	884
930	904
930	909
930	919
930	958
930	986
930	993
930	1000
931	14
931	127
931	182
931	187
931	237
931	250
931	430
931	439
931	542
931	644
931	719
931	748
931	772
931	832
931	915
931	939
931	994
932	2
932	32
932	55
932	104
932	212
932	232
932	376
932	439
932	503
932	562
932	565
932	672
932	724
932	766
932	778
932	859
932	899
933	11
933	589
933	603
933	624
933	628
933	662
933	691
933	720
933	729
933	753
933	760
933	816
933	850
933	934
933	949
933	953
933	998
934	11
934	15
934	365
934	386
934	409
934	460
934	553
934	603
934	608
934	618
934	650
934	739
934	745
934	787
934	933
934	935
934	971
935	84
935	153
935	234
935	303
935	433
935	684
935	768
935	776
935	785
935	820
935	821
935	867
935	887
935	889
935	934
935	942
935	970
936	45
936	124
936	248
936	254
936	358
936	555
936	604
936	620
936	662
936	694
936	698
936	771
936	901
936	922
936	942
936	964
936	968
937	42
937	249
937	273
937	281
937	303
937	372
937	439
937	503
937	569
937	673
937	680
937	739
937	764
937	767
937	797
937	904
937	923
938	62
938	423
938	431
938	467
938	577
938	579
938	675
938	766
938	770
938	795
938	809
938	835
938	858
938	881
938	895
938	911
938	963
939	225
939	236
939	310
939	480
939	484
939	508
939	554
939	569
939	684
939	693
939	711
939	712
939	726
939	770
939	777
939	931
939	970
940	63
940	95
940	269
940	287
940	307
940	527
940	692
940	717
940	735
940	754
940	762
940	784
940	877
940	881
940	912
940	924
940	954
941	189
941	194
941	235
941	244
941	348
941	355
941	434
941	511
941	528
941	634
941	653
941	732
941	756
941	808
941	898
941	914
941	961
942	44
942	96
942	122
942	146
942	234
942	262
942	300
942	692
942	768
942	772
942	853
942	889
942	903
942	935
942	936
942	971
942	983
943	172
943	268
943	360
943	451
943	578
943	679
943	736
943	783
943	788
943	822
943	851
943	855
943	903
943	910
943	926
943	968
943	981
944	265
944	362
944	370
944	447
944	470
944	625
944	626
944	717
944	743
944	751
944	802
944	926
944	965
944	971
944	980
944	984
944	996
945	2
945	75
945	124
945	127
945	204
945	248
945	289
945	406
945	413
945	480
945	490
945	537
945	568
945	589
945	642
945	843
945	989
946	194
946	319
946	343
946	383
946	388
946	491
946	507
946	606
946	744
946	770
946	779
946	838
946	873
946	903
946	910
946	928
946	967
947	25
947	42
947	113
947	166
947	224
947	359
947	379
947	400
947	403
947	455
947	500
947	543
947	782
947	809
947	964
947	972
947	980
947	994
948	141
948	162
948	173
948	295
948	380
948	387
948	542
948	559
948	629
948	697
948	708
948	716
948	750
948	836
948	865
948	921
948	963
948	983
949	47
949	95
949	468
949	489
949	555
949	565
949	605
949	626
949	685
949	702
949	713
949	786
949	790
949	892
949	915
949	929
949	933
949	980
950	75
950	76
950	341
950	342
950	344
950	360
950	498
950	569
950	592
950	632
950	645
950	764
950	794
950	917
950	920
950	923
950	927
950	992
951	74
951	138
951	157
951	339
951	437
951	464
951	470
951	476
951	493
951	618
951	698
951	704
951	733
951	749
951	795
951	861
951	902
951	909
952	4
952	69
952	149
952	185
952	348
952	391
952	402
952	436
952	455
952	476
952	532
952	559
952	696
952	856
952	921
952	929
952	957
952	978
953	225
953	317
953	339
953	464
953	594
953	606
953	634
953	715
953	804
953	838
953	884
953	933
953	979
953	982
953	988
953	990
953	997
953	1000
954	234
954	464
954	566
954	604
954	644
954	645
954	692
954	717
954	784
954	862
954	865
954	881
954	895
954	899
954	913
954	940
954	959
954	979
955	30
955	101
955	297
955	317
955	413
955	503
955	583
955	628
955	725
955	785
955	792
955	805
955	811
955	827
955	842
955	870
955	897
955	986
956	142
956	178
956	291
956	396
956	452
956	458
956	517
956	524
956	569
956	613
956	757
956	779
956	785
956	891
956	904
956	928
956	983
956	998
957	86
957	204
957	299
957	334
957	347
957	551
957	557
957	571
957	675
957	746
957	790
957	792
957	826
957	952
957	960
957	961
957	978
957	984
958	30
958	34
958	79
958	174
958	317
958	454
958	457
958	541
958	553
958	617
958	623
958	796
958	837
958	881
958	906
958	907
958	916
958	930
959	9
959	53
959	211
959	242
959	412
959	444
959	489
959	522
959	525
959	602
959	712
959	764
959	794
959	811
959	816
959	836
959	892
959	954
960	35
960	127
960	202
960	224
960	329
960	380
960	534
960	549
960	641
960	666
960	676
960	793
960	804
960	813
960	957
960	964
960	991
960	993
961	34
961	81
961	125
961	148
961	150
961	213
961	326
961	392
961	520
961	562
961	565
961	620
961	773
961	905
961	923
961	941
961	957
961	968
962	12
962	160
962	197
962	199
962	250
962	304
962	321
962	328
962	376
962	384
962	545
962	649
962	692
962	704
962	727
962	728
962	737
962	745
963	114
963	194
963	223
963	323
963	474
963	481
963	498
963	554
963	567
963	617
963	620
963	630
963	643
963	710
963	772
963	830
963	938
963	948
964	77
964	80
964	176
964	195
964	226
964	292
964	370
964	514
964	609
964	714
964	769
964	868
964	936
964	947
964	960
964	970
964	984
964	994
965	176
965	324
965	456
965	528
965	567
965	616
965	643
965	693
965	714
965	805
965	852
965	862
965	911
965	913
965	926
965	944
965	980
965	984
966	26
966	231
966	256
966	271
966	298
966	306
966	361
966	441
966	554
966	567
966	677
966	680
966	693
966	742
966	774
966	784
966	822
966	843
967	67
967	129
967	156
967	229
967	269
967	320
967	413
967	464
967	507
967	562
967	628
967	638
967	648
967	738
967	807
967	821
967	946
967	983
968	180
968	261
968	339
968	374
968	392
968	678
968	812
968	825
968	869
968	894
968	904
968	905
968	918
968	936
968	943
968	961
968	969
968	993
969	219
969	340
969	346
969	401
969	402
969	450
969	562
969	649
969	707
969	751
969	785
969	814
969	828
969	868
969	870
969	907
969	968
969	975
969	978
970	61
970	107
970	286
970	304
970	315
970	407
970	486
970	640
970	694
970	775
970	795
970	807
970	810
970	874
970	875
970	893
970	935
970	939
970	964
971	84
971	316
971	387
971	409
971	423
971	494
971	560
971	572
971	577
971	656
971	754
971	831
971	835
971	871
971	884
971	887
971	934
971	942
971	944
972	96
972	246
972	262
972	314
972	376
972	483
972	492
972	566
972	590
972	602
972	694
972	710
972	711
972	763
972	829
972	833
972	848
972	850
972	947
973	120
973	206
973	271
973	286
973	311
973	349
973	382
973	579
973	605
973	626
973	690
973	726
973	729
973	752
973	790
973	807
973	842
973	846
973	874
974	34
974	140
974	148
974	249
974	253
974	327
974	423
974	473
974	525
974	531
974	572
974	696
974	704
974	825
974	831
974	869
974	894
974	896
974	903
975	152
975	184
975	247
975	323
975	463
975	571
975	613
975	638
975	687
975	688
975	709
975	752
975	780
975	803
975	810
975	886
975	910
975	917
975	969
976	252
976	485
976	502
976	576
976	660
976	719
976	770
976	771
976	789
976	791
976	808
976	824
976	894
976	901
976	909
976	916
976	986
976	993
976	995
977	71
977	75
977	154
977	158
977	196
977	270
977	272
977	426
977	472
977	544
977	550
977	676
977	701
977	722
977	767
977	823
977	839
977	908
977	1000
978	50
978	149
978	185
978	246
978	267
978	373
978	383
978	461
978	474
978	518
978	559
978	575
978	597
978	618
978	743
978	929
978	952
978	957
978	969
979	42
979	119
979	123
979	160
979	348
979	451
979	560
979	594
979	627
979	671
979	681
979	687
979	757
979	789
979	857
979	860
979	953
979	954
979	985
980	3
980	79
980	113
980	292
980	319
980	373
980	440
980	468
980	509
980	648
980	805
980	896
980	926
980	944
980	947
980	949
980	965
980	984
980	988
981	21
981	31
981	97
981	141
981	250
981	273
981	291
981	349
981	355
981	482
981	545
981	573
981	632
981	663
981	690
981	697
981	823
981	870
981	943
982	153
982	210
982	221
982	254
982	280
982	348
982	518
982	543
982	544
982	582
982	591
982	805
982	839
982	853
982	861
982	905
982	953
982	983
982	990
983	295
983	347
983	371
983	491
983	670
983	704
983	768
983	773
983	830
983	837
983	843
983	867
983	889
983	906
983	942
983	948
983	956
983	967
983	982
984	200
984	334
984	448
984	573
984	586
984	616
984	710
984	714
984	775
984	805
984	830
984	892
984	944
984	957
984	964
984	965
984	980
984	989
984	996
985	94
985	109
985	153
985	276
985	279
985	286
985	305
985	346
985	436
985	505
985	532
985	566
985	619
985	689
985	695
985	764
985	887
985	928
985	979
986	101
986	268
986	297
986	350
986	378
986	393
986	689
986	725
986	792
986	827
986	844
986	897
986	902
986	906
986	915
986	930
986	955
986	976
986	994
987	96
987	329
987	363
987	428
987	577
987	580
987	581
987	594
987	667
987	671
987	688
987	693
987	695
987	747
987	770
987	834
987	879
987	900
987	907
987	924
988	20
988	82
988	121
988	159
988	233
988	282
988	467
988	533
988	544
988	564
988	573
988	584
988	653
988	765
988	778
988	801
988	843
988	898
988	953
988	980
989	2
989	104
989	127
989	257
989	270
989	285
989	338
989	355
989	384
989	406
989	421
989	447
989	537
989	613
989	648
989	734
989	826
989	854
989	945
989	984
990	68
990	146
990	147
990	207
990	225
990	348
990	357
990	479
990	540
990	634
990	728
990	737
990	763
990	804
990	839
990	860
990	862
990	953
990	982
990	997
991	54
991	93
991	105
991	134
991	357
991	401
991	402
991	420
991	444
991	477
991	491
991	617
991	729
991	750
991	757
991	784
991	820
991	844
991	879
991	960
992	185
992	342
992	392
992	396
992	538
992	569
992	604
992	616
992	647
992	658
992	764
992	767
992	796
992	819
992	888
992	904
992	923
992	925
992	950
992	997
993	47
993	175
993	223
993	255
993	380
993	399
993	466
993	687
993	694
993	742
993	760
993	777
993	815
993	816
993	865
993	930
993	960
993	968
993	976
993	1000
994	143
994	277
994	326
994	382
994	400
994	408
994	461
994	472
994	490
994	496
994	539
994	595
994	705
994	768
994	871
994	931
994	947
994	964
994	986
994	997
995	47
995	53
995	91
995	137
995	170
995	200
995	326
995	375
995	485
995	541
995	550
995	624
995	662
995	707
995	789
995	791
995	907
995	916
995	922
995	976
996	27
996	160
996	222
996	265
996	292
996	319
996	341
996	342
996	535
996	577
996	579
996	596
996	617
996	642
996	648
996	724
996	862
996	863
996	944
996	984
997	178
997	517
997	561
997	562
997	675
997	708
997	741
997	763
997	783
997	790
997	802
997	817
997	821
997	883
997	885
997	888
997	953
997	990
997	992
997	994
998	53
998	325
998	343
998	389
998	396
998	452
998	524
998	527
998	613
998	618
998	631
998	635
998	652
998	722
998	749
998	771
998	808
998	891
998	933
998	956
999	73
999	76
999	108
999	236
999	372
999	386
999	408
999	442
999	460
999	503
999	545
999	565
999	567
999	645
999	726
999	778
999	780
999	809
999	856
999	889
1000	154
1000	370
1000	520
1000	535
1000	579
1000	676
1000	722
1000	736
1000	764
1000	772
1000	777
1000	823
1000	882
1000	892
1000	908
1000	918
1000	930
1000	953
1000	977
1000	993
