1	7
2	9
3	9
4	0
5	7
6	10
7	8
8	7
9	5
10	10
11	6
12	5
13	9
14	9
15	4
16	9
17	10
18	4
19	10
20	8
21	1
22	0
23	5
24	6
25	7
26	1
27	7
28	4
29	5
30	9
31	5
32	7
33	4
34	2
35	6
36	9
37	1
38	3
39	5
40	3
41	8
42	4
43	5
44	6
45	9
46	2
47	9
48	1
49	1
50	5
51	3
52	3
53	10
54	7
55	5
56	5
57	1
58	6
59	6
60	6
61	1
62	3
63	4
64	1
65	0
66	10
67	7
68	8
69	7
70	10
71	0
72	0
73	1
74	7
75	0
76	6
77	10
78	9
79	9
80	1
81	6
82	1
83	6
84	9
85	10
86	0
87	4
88	0
89	3
90	9
91	4
92	4
93	1
94	9
95	0
96	6
97	5
98	9
99	3
100	2
101	6
102	0
103	4
104	5
105	6
106	6
107	7
108	10
109	2
110	0
111	6
112	0
113	1
114	9
115	9
116	6
117	1
118	6
119	1
120	9
121	7
122	9
123	7
124	9
125	10
126	0
127	4
128	1
129	6
130	5
131	8
132	10
133	6
134	0
135	9
136	6
137	9
138	6
139	6
140	1
141	7
142	10
143	0
144	10
145	1
146	5
147	6
148	1
149	7
150	4
151	10
152	4
153	6
154	1
155	0
156	6
157	1
158	3
159	1
160	2
161	2
162	6
163	6
164	6
165	6
166	6
167	6
168	4
169	6
170	4
171	9
172	2
173	4
174	7
175	1
176	0
177	7
178	4
179	0
180	1
181	3
182	4
183	1
184	6
185	4
186	3
187	5
188	9
189	7
190	4
191	1
192	5
193	1
194	10
195	6
196	2
197	0
198	0
199	1
200	6
201	8
202	5
203	1
204	7
205	3
206	4
207	9
208	5
209	6
210	4
211	4
212	10
213	9
214	10
215	3
216	9
217	6
218	4
219	5
220	1
221	9
222	0
223	4
224	1
225	5
226	7
227	9
228	6
229	8
230	9
231	1
232	6
233	7
234	0
235	1
236	1
237	0
238	4
239	6
240	8
241	0
242	1
243	6
244	9
245	8
246	6
247	0
248	5
249	9
250	1
251	0
252	9
253	10
254	9
255	9
256	4
257	1
258	6
259	6
260	9
261	4
262	0
263	6
264	0
265	1
266	4
267	6
268	7
269	8
270	6
271	4
272	2
273	6
274	6
275	5
276	9
277	9
278	9
279	4
280	6
281	10
282	6
283	1
284	7
285	0
286	7
287	4
288	5
289	6
290	0
291	4
292	6
293	1
294	9
295	5
296	7
297	1
298	8
299	6
300	7
301	6
302	4
303	6
304	0
305	9
306	0
307	6
308	10
309	8
310	2
311	0
312	6
313	9
314	0
315	6
316	3
317	3
318	6
319	8
320	9
321	10
322	3
323	9
324	10
325	1
326	7
327	1
328	6
329	10
330	7
331	8
332	6
333	7
334	0
335	5
336	6
337	9
338	8
339	9
340	3
341	4
342	5
343	1
344	1
345	1
346	3
347	4
348	5
349	8
350	0
351	1
352	6
353	4
354	1
355	2
356	6
357	6
358	10
359	0
360	5
361	10
362	4
363	6
364	3
365	1
366	1
367	1
368	4
369	4
370	8
371	9
372	7
373	0
374	9
375	0
376	1
377	1
378	0
379	4
380	4
381	0
382	6
383	9
384	6
385	4
386	1
387	0
388	4
389	7
390	8
391	2
392	0
393	6
394	1
395	1
396	3
397	0
398	1
399	0
400	4
401	8
402	9
403	1
404	8
405	6
406	0
407	7
408	4
409	7
410	4
411	9
412	9
413	0
414	6
415	6
416	0
417	1
418	6
419	9
420	9
421	4
422	2
423	3
424	9
425	9
426	3
427	1
428	1
429	0
430	8
431	5
432	9
433	7
434	6
435	9
436	0
437	1
438	1
439	1
440	6
441	9
442	0
443	1
444	5
445	0
446	10
447	6
448	6
449	9
450	1
451	4
452	4
453	5
454	6
455	6
456	7
457	4
458	9
459	10
460	10
461	10
462	4
463	6
464	4
465	0
466	3
467	6
468	5
469	4
470	10
471	4
472	9
473	8
474	9
475	4
476	7
477	4
478	4
479	8
480	8
481	9
482	9
483	6
484	4
485	1
486	1
487	5
488	10
489	4
490	9
491	0
492	10
493	5
494	1
495	1
496	0
497	9
498	6
499	6
500	8
501	6
502	1
503	6
504	0
505	10
506	0
507	6
508	9
509	3
510	7
511	0
512	0
513	1
514	4
515	0
516	1
517	4
518	10
519	0
520	5
521	0
522	9
523	1
524	0
525	7
526	0
527	6
528	10
529	6
530	0
531	1
532	6
533	4
534	6
535	0
536	9
537	4
538	6
539	4
540	6
541	0
542	4
543	4
544	6
545	10
546	4
547	0
548	4
549	6
550	6
551	9
552	1
553	6
554	6
555	9
556	4
557	9
558	4
559	2
560	1
561	5
562	1
563	9
564	4
565	4
566	9
567	6
568	10
569	0
570	1
571	6
572	2
573	9
574	4
575	4
576	3
577	5
578	4
579	9
580	4
581	6
582	9
583	9
584	6
585	3
586	4
587	7
588	0
589	4
590	9
591	1
592	9
593	9
594	7
595	1
596	10
597	9
598	7
599	4
600	4
601	0
602	4
603	3
604	9
605	6
606	9
607	10
608	9
609	10
610	7
611	1
612	6
613	6
614	9
615	4
616	0
617	0
618	8
619	1
620	1
621	0
622	1
623	1
624	4
625	9
626	9
627	6
628	5
629	1
630	10
631	9
632	2
633	5
634	6
635	10
636	4
637	4
638	8
639	0
640	1
641	5
642	2
643	0
644	6
645	10
646	1
647	10
648	10
649	0
650	0
651	8
652	2
653	6
654	2
655	9
656	7
657	9
658	1
659	0
660	0
661	6
662	9
663	6
664	0
665	1
666	6
667	9
668	6
669	2
670	8
671	2
672	9
673	10
674	10
675	10
676	9
677	5
678	1
679	6
680	9
681	7
682	0
683	2
684	7
685	1
686	6
687	8
688	3
689	2
690	6
691	1
692	6
693	10
694	10
695	9
696	2
697	5
698	8
699	9
700	9
701	1
702	6
703	4
704	9
705	1
706	9
707	5
708	1
709	0
710	8
711	2
712	2
713	0
714	3
715	9
716	1
717	4
718	0
719	6
720	0
721	5
722	10
723	10
724	5
725	7
726	3
727	6
728	6
729	6
730	0
731	10
732	7
733	4
734	1
735	1
736	6
737	0
738	0
739	7
740	6
741	7
742	0
743	7
744	1
745	6
746	1
747	2
748	4
749	5
750	5
751	5
752	1
753	10
754	10
755	5
756	4
757	6
758	5
759	4
760	0
761	6
762	8
763	9
764	4
765	9
766	3
767	4
768	8
769	1
770	4
771	5
772	8
773	10
774	9
775	4
776	8
777	10
778	8
779	0
780	4
781	4
782	0
783	0
784	0
785	5
786	6
787	7
788	0
789	7
790	0
791	0
792	1
793	8
794	4
795	6
796	7
797	0
798	0
799	3
800	4
801	7
802	2
803	4
804	1
805	7
806	7
807	4
808	0
809	9
810	4
811	6
812	7
813	8
814	10
815	5
816	9
817	7
818	4
819	2
820	2
821	10
822	8
823	1
824	2
825	6
826	7
827	9
828	4
829	7
830	7
831	9
832	6
833	6
834	6
835	1
836	4
837	9
838	10
839	9
840	7
841	6
842	7
843	6
844	3
845	7
846	4
847	7
848	4
849	9
850	9
851	5
852	7
853	6
854	6
855	10
856	7
857	5
858	0
859	10
860	7
861	4
862	1
863	2
864	1
865	10
866	0
867	6
868	1
869	1
870	1
871	5
872	6
873	0
874	6
875	6
876	6
877	5
878	6
879	7
880	2
881	9
882	4
883	0
884	8
885	7
886	0
887	6
888	6
889	4
890	1
891	6
892	6
893	2
894	0
895	5
896	9
897	6
898	7
899	4
900	0
901	10
902	9
903	1
904	7
905	8
906	10
907	9
908	9
909	8
910	6
911	6
912	10
913	0
914	1
915	0
916	1
917	6
918	1
919	5
920	9
921	6
922	6
923	8
924	6
925	6
926	6
927	9
928	6
929	0
930	9
931	6
932	9
933	4
934	1
935	1
936	4
937	0
938	1
939	6
940	4
941	6
942	1
943	6
944	3
945	5
946	9
947	6
948	7
949	2
950	4
951	0
952	6
953	8
954	0
955	9
956	2
957	1
958	9
959	10
960	6
961	1
962	3
963	9
964	0
965	4
966	10
967	4
968	3
969	0
970	5
971	1
972	5
973	5
974	3
975	5
976	5
977	7
978	1
979	6
980	4
981	10
982	9
983	3
984	0
985	3
986	10
987	9
988	0
989	7
990	6
991	6
992	4
993	1
994	8
995	3
996	0
997	6
998	7
999	4
1000	4
