1	5
2	1
3	3
4	2
5	3
6	8
7	1
8	2
9	7
10	6
11	0
12	4
13	5
14	3
15	3
16	5
17	4
18	0
19	8
20	5
21	4
22	4
23	5
24	8
25	1
26	6
27	1
28	2
29	4
30	2
31	0
32	8
33	4
34	8
35	4
36	5
37	8
38	5
39	5
40	7
41	3
42	1
43	4
44	2
45	8
46	5
47	8
48	0
49	5
50	8
51	8
52	5
53	1
54	1
55	5
56	1
57	8
58	2
59	2
60	0
61	1
62	8
63	7
64	4
65	4
66	5
67	2
68	6
69	8
70	0
71	2
72	2
73	6
74	2
75	2
76	8
77	0
78	2
79	2
80	8
81	4
82	6
83	1
84	5
85	5
86	2
87	8
88	0
89	1
90	2
91	2
92	5
93	5
94	3
95	5
96	8
97	5
98	2
99	5
100	2
101	3
102	8
103	3
104	3
105	2
106	2
107	8
108	4
109	7
110	5
111	1
112	3
113	5
114	1
115	5
116	2
117	3
118	8
119	4
120	7
121	7
122	8
123	4
124	8
125	4
126	1
127	8
128	8
129	7
130	2
131	3
132	1
133	4
134	3
135	8
136	5
137	8
138	8
139	3
140	8
141	5
142	0
143	2
144	4
145	5
146	7
147	3
148	3
149	0
150	8
151	2
152	8
153	1
154	8
155	8
156	5
157	7
158	0
159	1
160	8
161	5
162	5
163	0
164	7
165	8
166	7
167	7
168	7
169	2
170	4
171	8
172	5
173	4
174	2
175	2
176	3
177	2
178	5
179	8
180	8
181	2
182	3
183	3
184	5
185	4
186	8
187	7
188	4
189	5
190	2
191	4
192	2
193	4
194	5
195	2
196	7
197	5
198	1
199	2
200	4
201	8
202	7
203	5
204	4
205	6
206	1
207	5
208	7
209	8
210	2
211	5
212	7
213	4
214	2
215	5
216	0
217	4
218	8
219	5
220	4
221	0
222	0
223	5
224	3
225	3
226	7
227	2
228	4
229	1
230	2
231	1
232	5
233	2
234	5
235	8
236	3
237	8
238	2
239	7
240	2
241	8
242	4
243	5
244	3
245	3
246	5
247	5
248	0
249	2
250	5
251	1
252	7
253	5
254	3
255	5
256	2
257	4
258	3
259	8
260	1
261	5
262	3
263	5
264	4
265	8
266	8
267	2
268	5
269	1
270	3
271	2
272	5
273	1
274	2
275	8
276	4
277	3
278	2
279	4
280	2
281	8
282	4
283	2
284	5
285	3
286	0
287	3
288	5
289	2
290	4
291	5
292	8
293	3
294	8
295	4
296	4
297	0
298	7
299	4
300	6
301	4
302	5
303	0
304	2
305	8
306	3
307	3
308	8
309	2
310	3
311	0
312	8
313	0
314	2
315	5
316	4
317	5
318	5
319	3
320	5
321	6
322	7
323	5
324	2
325	2
326	6
327	5
328	8
329	8
330	2
331	7
332	1
333	7
334	5
335	2
336	0
337	4
338	2
339	0
340	4
341	3
342	2
343	5
344	1
345	8
346	3
347	4
348	5
349	5
350	5
351	6
352	0
353	2
354	8
355	7
356	8
357	5
358	4
359	2
360	8
361	5
362	3
363	0
364	8
365	7
366	6
367	8
368	1
369	5
370	8
371	5
372	7
373	3
374	8
375	8
376	6
377	0
378	7
379	8
380	5
381	4
382	8
383	5
384	8
385	6
386	3
387	6
388	0
389	8
390	0
391	6
392	7
393	8
394	4
395	7
396	2
397	3
398	1
399	5
400	0
401	6
402	0
403	2
404	2
405	0
406	4
407	8
408	3
409	6
410	8
411	8
412	8
413	5
414	4
415	8
416	5
417	5
418	0
419	2
420	3
421	3
422	8
423	1
424	5
425	3
426	2
427	2
428	7
429	2
430	2
431	0
432	3
433	2
434	6
435	2
436	8
437	3
438	1
439	8
440	7
441	0
442	7
443	4
444	2
445	2
446	0
447	2
448	0
449	2
450	0
451	1
452	2
453	8
454	3
455	5
456	2
457	8
458	8
459	0
460	3
461	5
462	3
463	5
464	0
465	8
466	8
467	5
468	5
469	2
470	2
471	2
472	8
473	3
474	0
475	5
476	8
477	5
478	7
479	0
480	5
481	6
482	2
483	0
484	2
485	7
486	5
487	8
488	4
489	7
490	0
491	4
492	8
493	8
494	5
495	0
496	8
497	5
498	2
499	8
500	5
501	8
502	5
503	2
504	5
505	5
506	4
507	0
508	8
509	0
510	5
511	3
512	5
513	8
514	0
515	3
516	3
517	4
518	6
519	7
520	2
521	4
522	7
523	0
524	8
525	4
526	7
527	8
528	4
529	4
530	8
531	3
532	8
533	1
534	7
535	7
536	1
537	3
538	6
539	8
540	8
541	0
542	0
543	2
544	6
545	6
546	2
547	5
548	2
549	0
550	6
551	7
552	8
553	8
554	3
555	8
556	5
557	0
558	5
559	2
560	8
561	0
562	2
563	5
564	2
565	5
566	0
567	7
568	4
569	3
570	4
571	5
572	1
573	5
574	7
575	8
576	7
577	8
578	2
579	2
580	3
581	5
582	5
583	8
584	1
585	6
586	5
587	2
588	4
589	8
590	3
591	8
592	0
593	5
594	4
595	3
596	4
597	4
598	2
599	8
600	0
601	5
602	1
603	2
604	4
605	0
606	5
607	5
608	6
609	8
610	5
611	0
612	5
613	5
614	3
615	3
616	8
617	3
618	3
619	8
620	3
621	2
622	8
623	2
624	2
625	8
626	7
627	7
628	5
629	1
630	5
631	3
632	7
633	2
634	2
635	2
636	6
637	2
638	8
639	3
640	8
641	8
642	7
643	5
644	4
645	4
646	8
647	2
648	8
649	3
650	2
651	1
652	7
653	0
654	3
655	2
656	5
657	1
658	2
659	0
660	4
661	5
662	2
663	7
664	2
665	2
666	4
667	7
668	3
669	2
670	4
671	7
672	8
673	8
674	4
675	5
676	3
677	8
678	6
679	8
680	5
681	1
682	3
683	8
684	4
685	2
686	5
687	8
688	8
689	2
690	8
691	3
692	0
693	8
694	0
695	8
696	2
697	7
698	5
699	4
700	0
701	7
702	6
703	8
704	1
705	4
706	1
707	5
708	2
709	5
710	5
711	4
712	0
713	4
714	1
715	7
716	3
717	7
718	0
719	2
720	5
721	5
722	5
723	5
724	4
725	3
726	7
727	3
728	8
729	7
730	7
731	0
732	1
733	6
734	0
735	8
736	2
737	2
738	0
739	0
740	5
741	8
742	8
743	5
744	2
745	5
746	1
747	7
748	5
749	8
750	4
751	2
752	5
753	8
754	1
755	4
756	2
757	6
758	5
759	3
760	3
761	2
762	0
763	2
764	8
765	5
766	5
767	5
768	5
769	5
770	4
771	8
772	0
773	2
774	5
775	6
776	8
777	2
778	8
779	8
780	1
781	8
782	0
783	5
784	4
785	3
786	3
787	7
788	0
789	6
790	2
791	5
792	8
793	4
794	8
795	2
796	3
797	3
798	7
799	2
800	5
801	3
802	3
803	8
804	1
805	8
806	2
807	3
808	3
809	0
810	3
811	5
812	5
813	0
814	8
815	0
816	0
817	6
818	0
819	2
820	2
821	8
822	6
823	8
824	8
825	8
826	2
827	0
828	4
829	8
830	0
831	1
832	3
833	7
834	6
835	7
836	4
837	3
838	5
839	8
840	8
841	8
842	2
843	3
844	3
845	6
846	2
847	5
848	5
849	7
850	8
851	1
852	1
853	3
854	2
855	4
856	0
857	1
858	1
859	0
860	6
861	0
862	8
863	4
864	6
865	7
866	0
867	0
868	2
869	8
870	2
871	5
872	1
873	2
874	4
875	4
876	5
877	8
878	7
879	5
880	2
881	8
882	4
883	0
884	8
885	8
886	3
887	4
888	3
889	8
890	4
891	6
892	5
893	2
894	8
895	3
896	5
897	0
898	2
899	3
900	3
901	6
902	2
903	6
904	2
905	3
906	2
907	5
908	8
909	8
910	4
911	8
912	3
913	4
914	4
915	7
916	2
917	7
918	6
919	5
920	4
921	4
922	2
923	1
924	8
925	8
926	8
927	8
928	8
929	8
930	6
931	3
932	0
933	4
934	1
935	0
936	1
937	0
938	0
939	8
940	5
941	3
942	3
943	8
944	3
945	8
946	1
947	8
948	6
949	5
950	3
951	0
952	2
953	2
954	5
955	1
956	8
957	0
958	5
959	6
960	4
961	5
962	0
963	4
964	5
965	5
966	5
967	2
968	8
969	3
970	2
971	0
972	5
973	8
974	6
975	3
976	2
977	3
978	2
979	5
980	3
981	2
982	2
983	6
984	1
985	2
986	4
987	7
988	8
989	2
990	5
991	8
992	2
993	5
994	3
995	0
996	7
997	2
998	8
999	2
1000	4
