1	26
2	17
3	1
4	1
5	17
6	9
7	7
8	16
9	4
10	0
11	25
12	19
13	3
14	7
15	18
16	26
17	19
18	0
19	3
20	2
21	23
22	0
23	7
24	21
25	8
26	21
27	22
28	1
29	25
30	17
31	9
32	17
33	15
34	21
35	13
36	19
37	17
38	22
39	17
40	26
41	6
42	12
43	3
44	19
45	3
46	4
47	19
48	4
49	26
50	4
51	1
52	1
53	0
54	14
55	13
56	8
57	20
58	4
59	14
60	22
61	26
62	23
63	24
64	0
65	0
66	21
67	13
68	4
69	9
70	4
71	4
72	23
73	5
74	15
75	1
76	3
77	26
78	18
79	8
80	9
81	0
82	22
83	8
84	16
85	0
86	20
87	23
88	19
89	13
90	1
91	8
92	22
93	8
94	2
95	11
96	18
97	4
98	15
99	15
100	15
101	22
102	16
103	9
104	10
105	26
106	0
107	23
108	22
109	14
110	1
111	4
112	17
113	6
114	4
115	4
116	11
117	17
118	12
119	9
120	1
121	7
122	1
123	17
124	15
125	23
126	5
127	7
128	14
129	23
130	8
131	20
132	9
133	3
134	12
135	10
136	10
137	7
138	19
139	6
140	8
141	6
142	15
143	6
144	22
145	11
146	26
147	20
148	3
149	8
150	20
151	24
152	0
153	7
154	16
155	14
156	6
157	14
158	4
159	22
160	13
161	25
162	26
163	24
164	21
165	12
166	19
167	2
168	16
169	5
170	13
171	0
172	1
173	26
174	17
175	13
176	22
177	25
178	23
179	14
180	0
181	0
182	5
183	22
184	10
185	8
186	15
187	18
188	8
189	14
190	22
191	11
192	17
193	6
194	12
195	6
196	11
197	17
198	20
199	10
200	22
201	24
202	17
203	0
204	21
205	17
206	7
207	23
208	17
209	26
210	17
211	17
212	13
213	20
214	8
215	1
216	18
217	23
218	15
219	19
220	23
221	14
222	5
223	5
224	15
225	14
226	19
227	13
228	21
229	21
230	20
231	16
232	7
233	17
234	13
235	1
236	15
237	22
238	14
239	0
240	17
241	15
242	21
243	21
244	0
245	16
246	6
247	7
248	6
249	23
250	7
251	1
252	13
253	13
254	4
255	23
256	22
257	21
258	17
259	6
260	9
261	21
262	16
263	25
264	15
265	10
266	20
267	16
268	8
269	26
270	14
271	10
272	23
273	7
274	10
275	17
276	4
277	15
278	2
279	2
280	20
281	15
282	14
283	22
284	13
285	20
286	26
287	8
288	16
289	2
290	8
291	20
292	4
293	5
294	18
295	0
296	6
297	11
298	11
299	0
300	4
301	4
302	24
303	5
304	18
305	11
306	23
307	14
308	11
309	4
310	2
311	4
312	14
313	15
314	13
315	26
316	24
317	9
318	6
319	6
320	7
321	24
322	8
323	23
324	23
325	4
326	1
327	0
328	12
329	20
330	24
331	0
332	1
333	15
334	8
335	11
336	4
337	22
338	23
339	26
340	4
341	3
342	5
343	4
344	0
345	0
346	2
347	3
348	4
349	19
350	7
351	14
352	0
353	14
354	1
355	7
356	26
357	23
358	26
359	11
360	0
361	7
362	0
363	17
364	5
365	6
366	22
367	0
368	5
369	9
370	14
371	15
372	17
373	23
374	10
375	9
376	6
377	20
378	5
379	15
380	7
381	19
382	3
383	13
384	17
385	18
386	15
387	17
388	18
389	3
390	19
391	6
392	8
393	7
394	12
395	14
396	2
397	21
398	6
399	6
400	21
401	26
402	6
403	3
404	15
405	2
406	11
407	1
408	13
409	24
410	10
411	17
412	8
413	21
414	0
415	21
416	15
417	11
418	17
419	11
420	14
421	17
422	5
423	19
424	4
425	6
426	15
427	21
428	11
429	5
430	14
431	4
432	4
433	26
434	6
435	6
436	1
437	12
438	15
439	14
440	17
441	20
442	14
443	9
444	25
445	0
446	20
447	23
448	24
449	14
450	0
451	2
452	6
453	20
454	9
455	0
456	20
457	23
458	0
459	5
460	14
461	9
462	14
463	0
464	10
465	12
466	6
467	11
468	20
469	9
470	6
471	5
472	8
473	1
474	4
475	24
476	2
477	4
478	1
479	8
480	26
481	22
482	7
483	5
484	25
485	0
486	8
487	14
488	15
489	5
490	11
491	1
492	1
493	25
494	26
495	4
496	20
497	6
498	7
499	22
500	1
501	4
502	15
503	14
504	15
505	26
506	4
507	5
508	26
509	8
510	20
511	25
512	11
513	11
514	24
515	17
516	3
517	1
518	23
519	15
520	7
521	6
522	19
523	2
524	13
525	16
526	0
527	22
528	1
529	4
530	22
531	3
532	8
533	22
534	10
535	13
536	9
537	4
538	18
539	24
540	22
541	12
542	8
543	22
544	0
545	24
546	21
547	10
548	3
549	11
550	4
551	26
552	9
553	5
554	9
555	19
556	21
557	8
558	7
559	24
560	0
561	4
562	8
563	12
564	22
565	1
566	15
567	15
568	9
569	5
570	23
571	11
572	14
573	2
574	23
575	7
576	18
577	5
578	5
579	22
580	8
581	22
582	3
583	15
584	15
585	4
586	0
587	11
588	23
589	1
590	12
591	9
592	0
593	0
594	1
595	22
596	4
597	5
598	21
599	8
600	15
601	1
602	0
603	17
604	14
605	5
606	18
607	20
608	25
609	7
610	15
611	13
612	6
613	12
614	4
615	4
616	22
617	22
618	0
619	8
620	20
621	0
622	15
623	8
624	24
625	7
626	5
627	26
628	6
629	11
630	21
631	11
632	3
633	17
634	22
635	6
636	22
637	0
638	5
639	6
640	14
641	8
642	7
643	26
644	11
645	19
646	4
647	15
648	6
649	22
650	6
651	24
652	3
653	22
654	4
655	17
656	15
657	16
658	5
659	12
660	10
661	18
662	22
663	10
664	23
665	7
666	24
667	7
668	22
669	12
670	18
671	22
672	24
673	9
674	4
675	20
676	9
677	26
678	9
679	14
680	22
681	20
682	10
683	0
684	9
685	6
686	26
687	22
688	3
689	26
690	6
691	7
692	2
693	6
694	25
695	15
696	24
697	4
698	2
699	17
700	6
701	9
702	23
703	21
704	16
705	2
706	18
707	15
708	6
709	4
710	17
711	15
712	14
713	16
714	0
715	15
716	14
717	13
718	4
719	12
720	11
721	4
722	8
723	18
724	21
725	21
726	3
727	22
728	22
729	6
730	1
731	12
732	21
733	23
734	9
735	14
736	13
737	22
738	4
739	14
740	9
741	11
742	2
743	9
744	23
745	0
746	8
747	4
748	12
749	17
750	4
751	4
752	19
753	1
754	4
755	16
756	15
757	10
758	4
759	19
760	15
761	11
762	24
763	20
764	5
765	23
766	7
767	16
768	1
769	23
770	16
771	4
772	21
773	21
774	15
775	5
776	20
777	9
778	15
779	15
780	19
781	20
782	18
783	4
784	22
785	5
786	26
787	23
788	11
789	3
790	10
791	4
792	14
793	11
794	14
795	18
796	4
797	4
798	20
799	22
800	0
801	26
802	21
803	21
804	14
805	13
806	1
807	26
808	10
809	15
810	6
811	7
812	8
813	9
814	10
815	11
816	10
817	3
818	22
819	1
820	15
821	20
822	16
823	4
824	13
825	17
826	20
827	20
828	4
829	7
830	1
831	20
832	20
833	22
834	1
835	11
836	24
837	20
838	15
839	7
840	11
841	18
842	1
843	23
844	14
845	15
846	4
847	3
848	10
849	23
850	21
851	16
852	10
853	14
854	20
855	14
856	8
857	22
858	6
859	22
860	9
861	14
862	20
863	19
864	19
865	23
866	3
867	15
868	0
869	0
870	4
871	23
872	5
873	23
874	1
875	3
876	4
877	6
878	6
879	15
880	6
881	4
882	23
883	26
884	14
885	14
886	13
887	4
888	23
889	24
890	8
891	0
892	11
893	12
894	16
895	23
896	14
897	26
898	10
899	21
900	15
901	4
902	8
903	26
904	10
905	14
906	1
907	21
908	17
909	20
910	6
911	20
912	20
913	23
914	23
915	6
916	4
917	20
918	23
919	24
920	5
921	26
922	19
923	24
924	16
925	13
926	24
927	13
928	14
929	20
930	14
931	21
932	8
933	8
934	12
935	6
936	19
937	5
938	20
939	21
940	26
941	16
942	7
943	14
944	21
945	5
946	17
947	26
948	5
949	10
950	24
951	20
952	1
953	13
954	19
955	21
956	3
957	23
958	14
959	26
960	6
961	10
962	19
963	19
964	23
965	0
966	6
967	10
968	15
969	7
970	14
971	3
972	20
973	20
974	8
975	4
976	10
977	3
978	0
979	6
980	19
981	24
982	0
983	11
984	3
985	19
986	4
987	23
988	13
989	4
990	19
991	0
992	14
993	26
994	19
995	10
996	6
997	0
998	19
999	20
1000	20
