1	5
2	12
3	11
4	9
5	8
6	8
7	0
8	8
9	14
10	20
11	12
12	8
13	2
14	5
15	2
16	20
17	0
18	4
19	2
20	4
21	6
22	22
23	6
24	13
25	13
26	18
27	20
28	25
29	1
30	28
31	14
32	0
33	22
34	5
35	7
36	5
37	23
38	3
39	27
40	28
41	2
42	14
43	3
44	10
45	2
46	14
47	9
48	8
49	12
50	6
51	24
52	24
53	10
54	5
55	0
56	9
57	23
58	1
59	26
60	10
61	24
62	12
63	6
64	16
65	19
66	24
67	8
68	20
69	20
70	12
71	22
72	16
73	24
74	6
75	13
76	28
77	28
78	8
79	28
80	4
81	14
82	4
83	11
84	16
85	4
86	18
87	3
88	24
89	21
90	24
91	23
92	17
93	8
94	9
95	13
96	3
97	12
98	3
99	9
100	26
101	16
102	6
103	22
104	6
105	0
106	10
107	8
108	16
109	22
110	10
111	12
112	17
113	24
114	6
115	12
116	4
117	10
118	8
119	12
120	18
121	10
122	8
123	10
124	20
125	27
126	22
127	9
128	26
129	25
130	9
131	12
132	22
133	20
134	15
135	4
136	12
137	24
138	5
139	6
140	23
141	11
142	16
143	25
144	11
145	24
146	22
147	12
148	10
149	24
150	9
151	7
152	6
153	5
154	15
155	21
156	15
157	22
158	13
159	18
160	6
161	5
162	5
163	6
164	15
165	7
166	18
167	19
168	18
169	4
170	26
171	14
172	7
173	13
174	22
175	24
176	0
177	22
178	4
179	12
180	9
181	21
182	16
183	12
184	7
185	20
186	12
187	11
188	25
189	5
190	8
191	6
192	23
193	12
194	23
195	16
196	22
197	21
198	4
199	13
200	17
201	28
202	6
203	21
204	25
205	19
206	21
207	9
208	7
209	3
210	12
211	27
212	26
213	17
214	18
215	3
216	24
217	18
218	12
219	14
220	25
221	17
222	22
223	3
224	26
225	14
226	6
227	19
228	10
229	3
230	24
231	6
232	15
233	15
234	11
235	11
236	13
237	2
238	19
239	10
240	9
241	1
242	11
243	16
244	16
245	24
246	8
247	8
248	14
249	0
250	25
251	8
252	19
253	0
254	16
255	3
256	14
257	26
258	2
259	4
260	22
261	9
262	22
263	13
264	17
265	22
266	8
267	12
268	17
269	9
270	24
271	25
272	2
273	22
274	6
275	5
276	14
277	14
278	4
279	13
280	3
281	19
282	14
283	5
284	12
285	23
286	26
287	10
288	22
289	1
290	7
291	5
292	18
293	13
294	2
295	1
296	5
297	20
298	6
299	9
300	12
301	7
302	3
303	1
304	11
305	12
306	9
307	22
308	21
309	7
310	12
311	26
312	2
313	16
314	23
315	24
316	6
317	15
318	1
319	20
320	0
321	18
322	2
323	12
324	14
325	22
326	16
327	1
328	27
329	22
330	20
331	7
332	27
333	4
334	20
335	24
336	28
337	21
338	3
339	15
340	4
341	3
342	5
343	2
344	0
345	26
346	2
347	3
348	23
349	10
350	11
351	7
352	24
353	10
354	5
355	19
356	3
357	24
358	17
359	6
360	10
361	5
362	7
363	2
364	8
365	10
366	25
367	20
368	25
369	12
370	2
371	6
372	16
373	2
374	6
375	18
376	21
377	24
378	11
379	8
380	11
381	28
382	13
383	26
384	8
385	8
386	0
387	8
388	17
389	22
390	0
391	0
392	27
393	24
394	11
395	22
396	8
397	26
398	21
399	16
400	10
401	26
402	17
403	18
404	22
405	13
406	12
407	9
408	22
409	11
410	6
411	6
412	24
413	12
414	26
415	11
416	18
417	4
418	3
419	1
420	22
421	10
422	18
423	17
424	19
425	0
426	4
427	4
428	18
429	10
430	27
431	11
432	28
433	8
434	14
435	2
436	22
437	19
438	6
439	16
440	22
441	3
442	9
443	9
444	18
445	19
446	11
447	8
448	2
449	24
450	2
451	12
452	2
453	24
454	22
455	21
456	25
457	18
458	13
459	1
460	28
461	0
462	6
463	6
464	26
465	2
466	1
467	20
468	2
469	23
470	11
471	21
472	10
473	21
474	21
475	5
476	7
477	27
478	4
479	10
480	12
481	22
482	17
483	24
484	14
485	7
486	6
487	19
488	18
489	0
490	22
491	25
492	25
493	24
494	21
495	20
496	21
497	14
498	17
499	3
500	12
501	18
502	27
503	18
504	4
505	4
506	3
507	22
508	22
509	3
510	6
511	28
512	14
513	16
514	28
515	8
516	10
517	2
518	26
519	0
520	10
521	2
522	8
523	7
524	16
525	1
526	3
527	26
528	27
529	28
530	5
531	18
532	9
533	25
534	9
535	1
536	4
537	1
538	11
539	13
540	2
541	16
542	4
543	10
544	8
545	14
546	3
547	12
548	1
549	2
550	20
551	14
552	15
553	24
554	2
555	28
556	6
557	23
558	6
559	5
560	18
561	8
562	7
563	18
564	6
565	9
566	16
567	3
568	23
569	25
570	11
571	10
572	10
573	14
574	27
575	10
576	9
577	25
578	23
579	3
580	7
581	23
582	8
583	9
584	7
585	18
586	8
587	6
588	24
589	18
590	10
591	0
592	13
593	8
594	6
595	12
596	13
597	10
598	10
599	6
600	11
601	14
602	16
603	26
604	16
605	12
606	27
607	15
608	26
609	16
610	4
611	4
612	2
613	13
614	3
615	23
616	18
617	16
618	26
619	4
620	24
621	8
622	4
623	0
624	13
625	22
626	14
627	14
628	22
629	7
630	10
631	22
632	25
633	10
634	25
635	17
636	28
637	27
638	0
639	24
640	6
641	9
642	4
643	24
644	25
645	16
646	10
647	0
648	4
649	6
650	2
651	22
652	6
653	13
654	24
655	24
656	11
657	12
658	12
659	23
660	24
661	24
662	17
663	4
664	9
665	4
666	22
667	15
668	15
669	11
670	10
671	2
672	25
673	25
674	27
675	18
676	14
677	17
678	4
679	22
680	8
681	2
682	12
683	9
684	2
685	12
686	18
687	12
688	28
689	3
690	9
691	14
692	24
693	17
694	5
695	12
696	10
697	21
698	6
699	20
700	16
701	0
702	26
703	7
704	27
705	5
706	12
707	21
708	12
709	12
710	3
711	5
712	9
713	2
714	15
715	3
716	3
717	14
718	4
719	13
720	4
721	6
722	2
723	8
724	24
725	4
726	25
727	28
728	21
729	28
730	8
731	13
732	19
733	10
734	5
735	0
736	2
737	19
738	3
739	4
740	8
741	15
742	6
743	24
744	20
745	28
746	5
747	19
748	17
749	25
750	15
751	7
752	1
753	22
754	11
755	8
756	20
757	16
758	21
759	22
760	24
761	4
762	23
763	9
764	22
765	18
766	12
767	23
768	22
769	18
770	27
771	20
772	12
773	28
774	14
775	18
776	19
777	5
778	7
779	24
780	14
781	28
782	12
783	22
784	22
785	22
786	0
787	0
788	13
789	9
790	16
791	0
792	25
793	27
794	14
795	3
796	11
797	18
798	3
799	1
800	3
801	17
802	18
803	6
804	16
805	11
806	12
807	20
808	8
809	12
810	6
811	7
812	5
813	8
814	9
815	6
816	11
817	12
818	14
819	1
820	8
821	9
822	12
823	9
824	8
825	25
826	20
827	5
828	22
829	6
830	4
831	0
832	17
833	11
834	4
835	6
836	11
837	14
838	24
839	23
840	15
841	19
842	11
843	24
844	6
845	16
846	10
847	19
848	12
849	13
850	5
851	1
852	26
853	3
854	27
855	7
856	14
857	16
858	24
859	14
860	0
861	22
862	15
863	22
864	8
865	5
866	10
867	25
868	18
869	12
870	24
871	20
872	24
873	15
874	11
875	24
876	19
877	17
878	16
879	3
880	5
881	23
882	7
883	14
884	22
885	26
886	23
887	5
888	26
889	14
890	20
891	26
892	1
893	10
894	10
895	21
896	3
897	24
898	3
899	7
900	24
901	7
902	23
903	25
904	19
905	10
906	3
907	10
908	19
909	6
910	16
911	15
912	15
913	8
914	16
915	10
916	17
917	18
918	0
919	20
920	7
921	15
922	8
923	3
924	3
925	11
926	5
927	10
928	13
929	21
930	8
931	5
932	8
933	12
934	6
935	20
936	14
937	21
938	10
939	3
940	13
941	15
942	20
943	10
944	15
945	13
946	6
947	17
948	16
949	26
950	11
951	23
952	13
953	10
954	9
955	11
956	26
957	10
958	24
959	26
960	3
961	23
962	26
963	6
964	24
965	24
966	10
967	10
968	4
969	11
970	21
971	17
972	7
973	14
974	5
975	5
976	13
977	0
978	25
979	12
980	24
981	14
982	6
983	24
984	8
985	12
986	8
987	11
988	26
989	14
990	25
991	14
992	4
993	21
994	20
995	16
996	7
997	5
998	16
999	4
1000	21
