1	3 
2	34 
3	8 
4	5 
5	33 
6	8 
7	13 
8	27 
9	18 
10	13 
11	21 
12	4 
13	19 
14	10 
15	23 
16	33 
17	9 
18	13 
19	31 
20	6 
21	29 
22	18 
23	24 
24	32 
25	16 
26	28 
27	21 
28	33 
29	18 
30	14 
31	9 
32	24 
33	16 
34	19 
35	36 
36	36 
37	22 
38	9 
39	26 
40	35 
41	4 
42	16 
43	26 
44	3 
45	5 
46	38 
47	39 
48	8 
49	24 
50	38 
51	9 
52	23 
53	35 
54	26 
55	34 
56	17 
57	37 
58	7 
59	32 
60	17 
61	7 
62	33 
63	13 
64	38 
65	5 
66	10 
67	30 
68	2 
69	18 
70	12 
71	38 
72	32 
73	10 
74	30 
75	32 
76	24 
77	8 
78	9 
79	13 
80	33 
81	38 
82	23 
83	32 
84	27 
85	9 
86	10 
87	36 
88	31 
89	10 
90	38 
91	25 
92	11 
93	11 
94	38 
95	8 
96	37 
97	7 
98	32 
99	8 
100	17 
101	16 
102	30 
103	36 
104	11 
105	13 
106	9 
107	4 
108	11 
109	18 
110	13 
111	26 
112	30 
113	4 
114	17 
115	24 
116	5 
117	38 
118	20 
119	16 
120	39 
121	7 
122	30 
123	38 
124	4 
125	19 
126	24 
127	38 
128	13 
129	22 
130	35 
131	20 
132	15 
133	34 
134	22 
135	20 
136	11 
137	27 
138	6 
139	38 
140	15 
141	6 
142	20 
143	32 
144	7 
145	39 
146	5 
147	10 
148	3 
149	22 
150	30 
151	18 
152	4 
153	32 
154	4 
155	14 
156	33 
157	35 
158	32 
159	5 
160	2 
161	2 
162	9 
163	35 
164	7 
165	27 
166	29 
167	33 
168	13 
169	9 
170	27 
171	9 
172	26 
173	4 
174	32 
175	29 
176	28 
177	7 
178	3 
179	4 
180	22 
181	39 
182	35 
183	17 
184	17 
185	8 
186	39 
187	24 
188	32 
189	33 
190	8 
191	30 
192	8 
193	3 
194	38 
195	12 
196	23 
197	17 
198	11 
199	27 
200	24 
201	18 
202	36 
203	32 
204	23 
205	17 
206	36 
207	32 
208	38 
209	2 
210	7 
211	34 
212	22 
213	5 
214	3 
215	7 
216	3 
217	32 
218	28 
219	3 
220	2 
221	33 
222	32 
223	29 
224	1 
225	38 
226	11 
227	1 
228	23 
229	34 
230	8 
231	28 
232	3 
233	28 
234	7 
235	6 
236	4 
237	38 
238	3 
239	38 
240	30 
241	22 
242	32 
243	7 
244	33 
245	2 
246	22 
247	39 
248	17 
249	6 
250	3 
251	39 
252	6 
253	32 
254	17 
255	21 
256	10 
257	3 
258	4 
259	16 
260	7 
261	36 
262	32 
263	39 
264	2 
265	3 
266	32 
267	27 
268	10 
269	8 
270	33 
271	31 
272	9 
273	30 
274	4 
275	12 
276	4 
277	33 
278	13 
279	14 
280	26 
281	27 
282	4 
283	7 
284	13 
285	25 
286	37 
287	27 
288	9 
289	9 
290	39 
291	24 
292	8 
293	2 
294	37 
295	33 
296	33 
297	11 
298	7 
299	30 
300	2 
301	18 
302	34 
303	4 
304	26 
305	9 
306	17 
307	38 
308	3 
309	6 
310	38 
311	31 
312	1 
313	13 
314	35 
315	32 
316	35 
317	30 
318	25 
319	11 
320	25 
321	7 
322	23 
323	26 
324	38 
325	9 
326	11 
327	20 
328	34 
329	9 
330	8 
331	7 
332	30 
333	18 
334	30 
335	34 
336	23 
337	29 
338	30 
339	13 
340	24 
341	17 
342	15 
343	37 
344	27 
345	31 
346	10 
347	4 
348	39 
349	33 
350	13 
351	15 
352	7 
353	4 
354	38 
355	8 
356	24 
357	7 
358	8 
359	12 
360	9 
361	34 
362	4 
363	24 
364	10 
365	27 
366	12 
367	9 
368	6 
369	1 
370	24 
371	20 
372	17 
373	3 
374	36 
375	18 
376	2 
377	28 
378	8 
379	20 
380	25 
381	38 
382	13 
383	7 
384	26 
385	3 
386	33 
387	30 
388	21 
389	7 
390	26 
391	8 
392	38 
393	11 
394	33 
395	9 
396	38 
397	25 
398	7 
399	6 
400	30 
401	37 
402	27 
403	26 
404	39 
405	4 
406	12 
407	8 
408	5 
409	22 
410	11 
411	27 
412	36 
413	9 
414	13 
415	27 
416	8 
417	38 
418	8 
419	8 
420	26 
421	33 
422	29 
423	27 
424	6 
425	1 
426	12 
427	13 
428	1 
429	19 
430	1 
431	17 
432	29 
433	5 
434	29 
435	20 
436	30 
437	33 
438	36 
439	3 
440	20 
441	3 
442	30 
443	38 
444	23 
445	2 
446	1 
447	26 
448	7 
449	7 
450	15 
451	38 
452	20 
453	29 
454	23 
455	20 
456	35 
457	1 
458	13 
459	9 
460	13 
461	2 
462	20 
463	30 
464	4 
465	19 
466	7 
467	22 
468	30 
469	17 
470	25 
471	13 
472	32 
473	9 
474	38 
475	13 
476	4 
477	31 
478	16 
479	11 
480	6 
481	24 
482	32 
483	37 
484	9 
485	14 
486	1 
487	9 
488	17 
489	4 
490	3 
491	8 
492	17 
493	9 
494	17 
495	17 
496	19 
497	16 
498	19 
499	6 
500	21 
501	7 
502	5 
503	38 
504	28 
505	1 
506	24 
507	5 
508	31 
509	17 
510	8 
511	5 
512	9 
513	37 
514	2 
515	8 
516	5 
517	19 
518	19 
519	8 
520	32 
521	7 
522	23 
523	32 
524	20 
525	38 
526	13 
527	5 
528	15 
529	38 
530	4 
531	24 
532	33 
533	18 
534	26 
535	27 
536	4 
537	32 
538	8 
539	31 
540	20 
541	16 
542	10 
543	32 
544	24 
545	38 
546	16 
547	9 
548	38 
549	9 
550	38 
551	11 
552	27 
553	30 
554	28 
555	13 
556	30 
557	2 
558	2 
559	3 
560	9 
561	2 
562	7 
563	31 
564	29 
565	39 
566	30 
567	20 
568	32 
569	33 
570	29 
571	33 
572	11 
573	23 
574	31 
575	36 
576	16 
577	18 
578	4 
579	17 
580	30 
581	39 
582	14 
583	8 
584	6 
585	8 
586	4 
587	25 
588	9 
589	2 
590	24 
591	7 
592	22 
593	8 
594	15 
595	7 
596	25 
597	9 
598	26 
599	10 
600	14 
601	4 
602	34 
603	36 
604	9 
605	8 
606	14 
607	6 
608	18 
609	6 
610	28 
611	2 
612	7 
613	17 
614	36 
615	9 
616	11 
617	1 
618	16 
619	39 
620	15 
621	2 
622	12 
623	2 
624	20 
625	4 
626	9 
627	22 
628	7 
629	24 
630	13 
631	36 
632	4 
633	19 
634	37 
635	10 
636	10 
637	15 
638	9 
639	36 
640	1 
641	25 
642	13 
643	1 
644	13 
645	2 
646	30 
647	15 
648	4 
649	38 
650	8 
651	7 
652	13 
653	2 
654	21 
655	21 
656	27 
657	33 
658	12 
659	1 
660	17 
661	38 
662	2 
663	8 
664	21 
665	8 
666	8 
667	14 
668	35 
669	26 
670	2 
671	38 
672	11 
673	39 
674	33 
675	24 
676	8 
677	24 
678	28 
679	13 
680	32 
681	16 
682	2 
683	3 
684	21 
685	20 
686	2 
687	15 
688	27 
689	17 
690	22 
691	32 
692	2 
693	32 
694	39 
695	18 
696	13 
697	13 
698	4 
699	35 
700	8 
701	34 
702	32 
703	29 
704	36 
705	17 
706	1 
707	7 
708	21 
709	39 
710	2 
711	13 
712	27 
713	14 
714	6 
715	36 
716	13 
717	26 
718	25 
719	13 
720	26 
721	19 
722	8 
723	37 
724	7 
725	30 
726	7 
727	15 
728	31 
729	22 
730	13 
731	5 
732	34 
733	27 
734	9 
735	38 
736	3 
737	6 
738	36 
739	29 
740	8 
741	3 
742	13 
743	9 
744	38 
745	34 
746	1 
747	36 
748	7 
749	11 
750	24 
751	14 
752	25 
753	8 
754	39 
755	27 
756	24 
757	8 
758	14 
759	14 
760	18 
761	21 
762	38 
763	11 
764	7 
765	1 
766	36 
767	29 
768	39 
769	36 
770	20 
771	14 
772	15 
773	2 
774	39 
775	38 
776	33 
777	9 
778	24 
779	37 
780	35 
781	33 
782	38 
783	9 
784	18 
785	4 
786	9 
787	21 
788	31 
789	25 
790	33 
791	13 
792	39 
793	26 
794	11 
795	9 
796	14 
797	23 
798	24 
799	32 
800	1 
801	8 
802	2 
803	16 
804	16 
805	12 
806	2 
807	23 
808	13 
809	7 
810	34 
811	25 
812	12 
813	26 
814	36 
815	25 
816	26 
817	36 
818	29 
819	7 
820	36 
821	9 
822	3 
823	21 
824	8 
825	3 
826	24 
827	27 
828	28 
829	31 
830	23 
831	23 
832	38 
833	33 
834	2 
835	3 
836	14 
837	1 
838	38 
839	34 
840	23 
841	17 
842	30 
843	31 
844	2 
845	30 
846	34 
847	13 
848	11 
849	20 
850	20 
851	7 
852	31 
853	38 
854	9 
855	7 
856	13 
857	4 
858	5 
859	4 
860	20 
861	34 
862	13 
863	8 
864	22 
865	17 
866	36 
867	24 
868	23 
869	4 
870	17 
871	18 
872	11 
873	3 
874	5 
875	3 
876	6 
877	17 
878	36 
879	36 
880	36 
881	17 
882	17 
883	8 
884	25 
885	8 
886	17 
887	22 
888	27 
889	33 
890	25 
891	32 
892	15 
893	20 
894	2 
895	21 
896	34 
897	20 
898	17 
899	14 
900	38 
901	13 
902	5 
903	10 
904	7 
905	36 
906	23 
907	6 
908	32 
909	26 
910	24 
911	16 
912	8 
913	22 
914	4 
915	27 
916	32 
917	34 
918	36 
919	25 
920	38 
921	13 
922	39 
923	17 
924	24 
925	24 
926	3 
927	11 
928	30 
929	17 
930	22 
931	27 
932	13 
933	32 
934	38 
935	2 
936	13 
937	1 
938	6 
939	30 
940	26 
941	2 
942	8 
943	27 
944	7 
945	26 
946	22 
947	4 
948	7 
949	6 
950	25 
951	5 
952	2 
953	26 
954	8 
955	2 
956	22 
957	38 
958	18 
959	8 
960	17 
961	4 
962	7 
963	20 
964	20 
965	17 
966	7 
967	36 
968	5 
969	9 
970	25 
971	39 
972	36 
973	3 
974	4 
975	7 
976	30 
977	27 
978	4 
979	6 
980	11 
981	17 
982	27 
983	24 
984	26 
985	39 
986	38 
987	24 
988	39 
989	2 
990	4 
991	2 
992	24 
993	13 
994	38 
995	13 
996	6 
997	27 
998	32 
999	7 
1000	7 
