1	39
1	210
1	340
1	519
1	521
1	783
2	181
2	465
2	725
2	762
2	938
2	988
3	205
3	527
3	570
3	627
3	920
3	995
4	46
4	230
4	569
4	571
4	757
4	856
5	34
5	215
5	607
5	653
5	809
5	913
6	193
6	430
6	460
6	637
6	972
6	990
7	152
7	387
7	690
7	771
7	847
7	958
8	779
8	864
8	958
8	966
8	989
8	1000
9	178
9	431
9	543
9	824
9	911
9	955
10	99
10	750
10	780
10	854
10	884
10	941
11	41
11	230
11	364
11	424
11	932
11	944
12	152
12	301
12	549
12	640
12	760
12	840
13	78
13	155
13	464
13	506
13	725
13	765
14	426
14	491
14	500
14	516
14	766
14	795
15	723
15	784
15	954
15	971
15	997
15	999
16	765
16	779
16	834
16	929
16	934
16	998
17	521
17	604
17	638
17	755
17	937
17	968
18	19
18	64
18	204
18	228
18	716
18	932
19	18
19	117
19	284
19	296
19	670
19	956
20	233
20	563
20	567
20	586
20	684
20	722
21	305
21	604
21	732
21	771
21	820
21	998
22	202
22	539
22	542
22	553
22	617
22	734
23	47
23	141
23	160
23	325
23	654
23	714
24	89
24	208
24	224
24	347
24	421
24	962
25	175
25	186
25	365
25	625
25	710
25	993
26	63
26	350
26	547
26	858
26	895
26	898
27	587
27	613
27	688
27	867
27	869
27	932
28	65
28	83
28	213
28	431
28	784
28	804
29	285
29	487
29	566
29	715
29	886
29	903
30	760
30	821
30	885
30	893
30	923
30	992
31	81
31	401
31	443
31	759
31	875
31	912
32	329
32	355
32	436
32	517
32	787
32	821
33	94
33	294
33	543
33	569
33	696
33	757
34	5
34	111
34	367
34	431
34	575
34	995
35	400
35	408
35	580
35	668
35	700
35	856
36	368
36	503
36	529
36	623
36	629
36	943
37	119
37	232
37	262
37	494
37	562
37	948
38	288
38	330
38	369
38	383
38	743
38	884
39	1
39	446
39	537
39	624
39	632
39	961
40	347
40	737
40	752
40	833
40	862
40	954
41	11
41	50
41	324
41	363
41	487
41	806
42	333
42	475
42	775
42	919
42	963
42	997
43	485
43	540
43	615
43	718
43	767
43	969
44	86
44	106
44	257
44	327
44	349
44	941
45	334
45	340
45	344
45	474
45	528
45	818
46	4
46	93
46	554
46	848
46	858
46	956
47	23
47	429
47	448
47	710
47	913
47	978
48	214
48	317
48	350
48	799
48	899
48	989
49	173
49	785
49	819
49	897
49	931
49	1000
50	41
50	116
50	766
50	888
50	909
50	963
51	203
51	437
51	631
51	644
51	776
51	952
52	375
52	689
52	882
52	920
52	959
52	991
53	112
53	328
53	338
53	735
53	987
53	999
54	102
54	128
54	251
54	330
54	598
54	695
55	75
55	99
55	241
55	379
55	467
55	687
56	59
56	208
56	597
56	609
56	614
56	957
57	185
57	407
57	478
57	766
57	881
57	904
58	171
58	366
58	469
58	756
58	818
58	920
59	56
59	146
59	477
59	743
59	759
59	828
60	705
60	727
60	728
60	794
60	840
60	987
61	148
61	220
61	626
61	740
61	783
61	842
62	649
62	722
62	838
62	904
62	906
62	985
63	26
63	144
63	558
63	763
63	883
63	939
64	18
64	236
64	424
64	772
64	850
64	890
65	28
65	148
65	268
65	458
65	501
65	524
66	126
66	346
66	498
66	750
66	786
66	841
67	125
67	264
67	731
67	943
67	949
67	981
68	462
68	559
68	736
68	742
68	744
68	769
69	187
69	538
69	645
69	835
69	969
69	1000
70	303
70	430
70	718
70	749
70	764
70	954
71	476
71	482
71	490
71	503
71	513
71	681
72	232
72	346
72	434
72	546
72	618
72	795
73	252
73	327
73	581
73	820
73	835
73	1000
74	749
74	751
74	780
74	797
74	875
74	1000
75	55
75	374
75	509
75	889
75	940
75	994
76	85
76	159
76	538
76	828
76	949
76	984
77	403
77	640
77	672
77	870
77	956
77	969
78	13
78	567
78	687
78	775
78	821
78	918
79	111
79	691
79	840
79	924
79	945
79	965
80	241
80	269
80	580
80	637
80	701
80	901
81	31
81	592
81	753
81	833
81	949
81	989
82	492
82	603
82	615
82	626
82	941
82	969
83	28
83	478
83	643
83	652
83	712
83	738
84	342
84	372
84	589
84	640
84	665
84	703
85	76
85	360
85	750
85	893
85	940
85	943
86	44
86	117
86	195
86	794
86	923
86	982
87	119
87	433
87	504
87	628
87	688
87	851
88	154
88	479
88	581
88	596
88	724
88	982
89	24
89	265
89	393
89	777
89	799
89	938
90	166
90	258
90	441
90	624
90	956
90	973
91	102
91	469
91	488
91	819
91	922
91	990
92	316
92	393
92	412
92	850
92	959
92	961
93	46
93	483
93	735
93	796
93	849
93	918
94	33
94	171
94	238
94	848
94	985
94	996
95	298
95	332
95	337
95	523
95	962
95	986
96	270
96	274
96	304
96	841
96	855
96	957
97	256
97	318
97	496
97	781
97	847
97	885
98	129
98	143
98	220
98	503
98	849
98	981
99	10
99	55
99	927
99	957
99	991
99	998
100	276
100	583
100	603
100	634
100	683
100	851
101	352
101	650
101	681
101	818
101	938
101	973
102	54
102	91
102	575
102	652
102	914
102	968
103	304
103	439
103	544
103	622
103	869
103	877
104	265
104	794
104	861
104	876
104	956
104	990
105	197
105	247
105	697
105	809
105	876
105	907
106	44
106	335
106	518
106	635
106	695
106	817
107	684
107	708
107	715
107	748
107	911
107	986
108	210
108	500
108	568
108	700
108	875
108	974
109	223
109	355
109	487
109	827
109	856
109	997
110	260
110	284
110	382
110	403
110	656
110	794
111	34
111	79
111	612
111	616
111	854
111	949
112	53
112	492
112	718
112	804
112	864
112	925
113	130
113	520
113	742
113	780
113	825
113	923
114	330
114	336
114	363
114	872
114	887
114	890
115	244
115	369
115	641
115	698
115	920
115	986
116	50
116	652
116	837
116	866
116	882
116	903
117	19
117	86
117	295
117	382
117	518
117	522
118	191
118	428
118	713
118	729
118	779
118	993
119	37
119	87
119	127
119	554
119	839
119	859
120	208
120	253
120	444
120	732
120	853
120	912
121	220
121	238
121	296
121	627
121	766
121	808
122	434
122	508
122	724
122	812
122	888
122	990
123	161
123	569
123	738
123	885
123	958
123	989
124	292
124	508
124	749
124	751
124	870
124	936
125	67
125	507
125	605
125	904
125	933
125	996
126	66
126	172
126	313
126	931
126	934
126	954
127	119
127	187
127	268
127	281
127	341
127	688
128	54
128	372
128	582
128	693
128	844
128	965
129	98
129	218
129	236
129	239
129	947
129	981
130	113
130	241
130	778
130	850
130	895
130	904
131	288
131	384
131	490
131	505
131	520
131	637
132	266
132	428
132	454
132	779
132	805
132	849
133	342
133	425
133	723
133	934
133	982
133	991
134	222
134	295
134	564
134	569
134	912
134	976
135	151
135	529
135	667
135	787
135	792
135	853
136	678
136	756
136	774
136	884
136	950
136	961
137	380
137	447
137	479
137	578
137	754
137	811
138	572
138	837
138	870
138	908
138	912
138	988
139	206
139	463
139	705
139	759
139	826
139	943
140	180
140	215
140	225
140	299
140	468
140	594
141	23
141	186
141	685
141	769
141	915
141	972
142	375
142	482
142	569
142	651
142	747
142	808
143	98
143	294
143	607
143	646
143	830
143	958
144	63
144	244
144	308
144	645
144	906
144	949
145	190
145	259
145	395
145	556
145	677
145	899
146	59
146	322
146	651
146	707
146	935
146	941
147	444
147	528
147	921
147	942
147	967
147	991
148	61
148	65
148	246
148	375
148	825
148	981
149	239
149	423
149	708
149	862
149	868
149	932
150	356
150	447
150	680
150	747
150	789
150	857
151	135
151	334
151	371
151	377
151	822
151	983
152	7
152	12
152	235
152	308
152	864
152	969
153	389
153	601
153	657
153	675
153	918
153	931
154	88
154	300
154	359
154	577
154	857
154	907
155	13
155	309
155	355
155	514
155	794
155	902
156	603
156	674
156	832
156	888
156	913
156	999
157	169
157	184
157	185
157	471
157	801
157	902
158	277
158	356
158	759
158	769
158	870
158	908
159	76
159	353
159	397
159	575
159	617
159	670
160	23
160	466
160	625
160	717
160	785
160	993
161	123
161	419
161	780
161	972
161	987
161	996
162	685
162	690
162	740
162	845
162	928
162	982
163	202
163	251
163	349
163	700
163	883
163	950
164	305
164	502
164	747
164	768
164	906
164	913
165	170
165	336
165	399
165	432
165	613
165	621
166	90
166	229
166	263
166	740
166	768
166	888
167	447
167	501
167	570
167	728
167	746
167	994
168	510
168	869
168	902
168	909
168	937
168	987
169	157
169	240
169	427
169	577
169	635
169	954
170	165
170	269
170	678
170	749
170	774
170	835
171	58
171	94
171	234
171	824
171	861
171	936
172	126
172	414
172	499
172	667
172	718
172	879
173	49
173	354
173	512
173	599
173	697
173	929
174	266
174	682
174	813
174	848
174	917
174	939
175	25
175	555
175	622
175	656
175	768
175	941
176	226
176	345
176	574
176	744
176	927
176	944
177	178
177	182
177	537
177	610
177	712
177	827
178	9
178	177
178	422
178	722
178	794
178	862
179	289
179	365
179	647
179	659
179	745
179	972
180	140
180	339
180	717
180	756
180	904
180	974
181	2
181	611
181	737
181	934
181	954
181	976
182	177
182	300
182	723
182	782
182	807
182	934
183	244
183	729
183	889
183	901
183	933
183	977
184	157
184	333
184	406
184	484
184	663
184	734
185	57
185	157
185	517
185	633
185	777
185	893
186	25
186	141
186	207
186	633
186	771
186	800
187	69
187	127
187	236
187	829
187	882
187	899
188	334
188	463
188	683
188	826
188	992
188	994
189	459
189	596
189	632
189	905
189	994
189	995
190	145
190	206
190	260
190	323
190	845
190	923
191	118
191	300
191	472
191	473
191	609
191	810
192	325
192	378
192	705
192	823
192	886
192	947
193	6
193	234
193	668
193	706
193	738
193	951
194	560
194	651
194	705
194	718
194	787
194	854
195	86
195	212
195	410
195	417
195	720
195	820
196	347
196	749
196	761
196	765
196	914
196	974
197	105
197	213
197	796
197	797
197	856
197	871
198	304
198	636
198	874
198	954
198	968
198	995
199	504
199	513
199	605
199	811
199	914
199	988
200	317
200	373
200	416
200	616
200	906
200	941
201	340
201	475
201	641
201	736
201	838
201	975
202	22
202	163
202	778
202	915
202	954
202	965
203	51
203	265
203	398
203	438
203	896
203	903
204	18
204	491
204	538
204	611
204	698
204	751
205	3
205	331
205	399
205	406
205	567
205	942
206	139
206	190
206	397
206	664
206	897
206	999
207	186
207	664
207	721
207	744
207	799
207	828
208	24
208	56
208	120
208	762
208	821
208	900
209	223
209	313
209	585
209	737
209	842
209	864
210	1
210	108
210	534
210	675
210	850
210	995
211	418
211	429
211	462
211	468
211	636
211	771
212	195
212	231
212	515
212	651
212	780
212	981
213	28
213	197
213	435
213	601
213	615
213	818
213	929
214	48
214	466
214	599
214	610
214	646
214	852
214	910
215	5
215	140
215	282
215	586
215	642
215	851
215	967
216	457
216	525
216	548
216	641
216	685
216	819
216	899
217	261
217	365
217	579
217	642
217	812
217	840
217	979
218	129
218	314
218	381
218	447
218	527
218	653
218	898
219	237
219	267
219	364
219	572
219	655
219	676
219	916
220	61
220	98
220	121
220	580
220	647
220	738
220	854
221	245
221	375
221	672
221	699
221	820
221	849
221	937
222	134
222	286
222	353
222	384
222	834
222	848
222	867
223	109
223	209
223	459
223	752
223	777
223	921
223	992
224	24
224	308
224	399
224	610
224	822
224	917
224	939
225	140
225	468
225	598
225	762
225	786
225	856
225	998
226	176
226	351
226	511
226	541
226	697
226	715
226	779
227	260
227	354
227	494
227	617
227	637
227	822
227	910
228	18
228	379
228	638
228	747
228	812
228	846
228	866
229	166
229	238
229	240
229	486
229	502
229	518
229	662
230	4
230	11
230	311
230	427
230	460
230	624
230	891
231	212
231	338
231	488
231	630
231	869
231	926
231	947
232	37
232	72
232	596
232	608
232	857
232	887
232	895
233	20
233	395
233	433
233	541
233	666
233	761
233	796
234	171
234	193
234	644
234	721
234	834
234	900
234	947
235	152
235	296
235	477
235	551
235	804
235	904
235	922
236	64
236	129
236	187
236	591
236	725
236	878
236	988
237	219
237	287
237	593
237	618
237	809
237	862
237	892
238	94
238	121
238	229
238	350
238	659
238	716
238	827
239	129
239	149
239	618
239	655
239	866
239	915
239	972
240	169
240	229
240	388
240	653
240	762
240	951
240	995
241	55
241	80
241	130
241	420
241	507
241	669
241	952
242	281
242	468
242	511
242	712
242	802
242	855
242	870
243	303
243	326
243	497
243	606
243	738
243	792
243	976
244	115
244	144
244	183
244	304
244	434
244	838
244	965
245	221
245	315
245	554
245	723
245	731
245	910
245	951
246	148
246	458
246	460
246	607
246	750
246	813
246	945
247	105
247	621
247	642
247	829
247	938
247	939
247	962
248	380
248	540
248	678
248	823
248	835
248	839
248	853
249	346
249	357
249	360
249	400
249	764
249	892
249	914
250	257
250	569
250	583
250	645
250	737
250	745
250	871
251	54
251	163
251	373
251	719
251	742
251	957
251	975
252	73
252	376
252	817
252	821
252	891
252	893
252	980
253	120
253	379
253	593
253	641
253	666
253	861
253	940
254	566
254	628
254	690
254	895
254	912
254	933
254	935
255	405
255	689
255	742
255	784
255	883
255	908
255	993
256	97
256	364
256	530
256	627
256	630
256	856
256	975
257	44
257	250
257	467
257	560
257	705
257	777
257	898
258	90
258	420
258	495
258	640
258	686
258	930
258	971
259	145
259	495
259	507
259	789
259	793
259	800
259	823
260	110
260	190
260	227
260	475
260	554
260	744
260	901
261	217
261	720
261	815
261	822
261	869
261	931
261	952
262	37
262	266
262	313
262	632
262	703
262	772
262	961
263	166
263	271
263	775
263	789
263	884
263	958
263	990
264	67
264	676
264	852
264	883
264	888
264	954
264	967
265	89
265	104
265	203
265	745
265	904
265	919
265	967
266	132
266	174
266	262
266	409
266	555
266	640
266	1000
267	219
267	268
267	311
267	614
267	704
267	727
267	923
268	65
268	127
268	267
268	272
268	877
268	909
268	930
269	80
269	170
269	458
269	611
269	613
269	943
269	972
270	96
270	750
270	766
270	881
270	890
270	994
270	995
271	263
271	490
271	543
271	565
271	723
271	810
271	814
272	268
272	582
272	628
272	639
272	797
272	962
272	972
273	311
273	348
273	466
273	506
273	656
273	693
273	726
274	96
274	531
274	748
274	893
274	925
274	977
274	979
275	621
275	630
275	686
275	717
275	765
275	911
275	933
276	100
276	421
276	519
276	827
276	859
276	956
276	985
277	158
277	731
277	813
277	878
277	922
277	935
277	966
278	465
278	669
278	680
278	709
278	840
278	870
278	876
279	497
279	582
279	692
279	740
279	843
279	959
279	961
280	396
280	583
280	754
280	806
280	882
280	939
280	987
281	127
281	242
281	431
281	525
281	658
281	784
281	974
282	215
282	537
282	701
282	707
282	836
282	940
282	975
283	474
283	512
283	607
283	703
283	715
283	743
283	865
284	19
284	110
284	474
284	492
284	591
284	618
284	949
285	29
285	451
285	499
285	550
285	727
285	738
285	988
286	222
286	287
286	376
286	547
286	728
286	739
286	834
287	237
287	286
287	298
287	494
287	693
287	928
287	936
288	38
288	131
288	605
288	763
288	818
288	846
288	980
289	179
289	296
289	460
289	506
289	576
289	846
289	985
290	395
290	577
290	648
290	782
290	794
290	973
290	992
291	446
291	692
291	824
291	834
291	911
291	984
291	991
292	124
292	388
292	698
292	830
292	879
292	904
292	981
293	329
293	493
293	551
293	751
293	759
293	762
293	962
294	33
294	143
294	421
294	445
294	845
294	920
294	979
295	117
295	134
295	392
295	498
295	728
295	833
295	870
296	19
296	121
296	235
296	289
296	328
296	442
296	725
297	328
297	360
297	438
297	651
297	724
297	934
297	953
298	95
298	287
298	559
298	664
298	810
298	820
298	849
299	140
299	610
299	630
299	739
299	826
299	905
299	987
300	154
300	182
300	191
300	477
300	688
300	689
300	803
301	12
301	402
301	487
301	566
301	679
301	941
301	963
302	325
302	696
302	715
302	732
302	892
302	958
302	964
303	70
303	243
303	397
303	560
303	737
303	788
303	824
304	96
304	103
304	198
304	244
304	407
304	581
304	737
305	21
305	164
305	322
305	518
305	783
305	886
305	910
306	405
306	499
306	661
306	707
306	743
306	850
306	864
307	332
307	535
307	769
307	808
307	817
307	904
307	933
308	144
308	152
308	224
308	534
308	669
308	949
308	985
309	155
309	482
309	789
309	869
309	886
309	889
309	991
310	403
310	536
310	801
310	804
310	861
310	866
310	916
311	230
311	267
311	273
311	380
311	418
311	688
311	961
312	325
312	496
312	650
312	718
312	752
312	819
312	951
313	126
313	209
313	262
313	511
313	555
313	921
313	988
314	218
314	428
314	582
314	589
314	907
314	924
314	932
315	245
315	368
315	404
315	643
315	831
315	975
315	978
316	92
316	371
316	648
316	806
316	930
316	959
316	980
317	48
317	200
317	615
317	846
317	915
317	921
317	977
318	97
318	364
318	584
318	616
318	631
318	887
318	902
319	367
319	654
319	792
319	823
319	836
319	856
319	915
320	321
320	402
320	693
320	778
320	912
320	925
320	967
321	320
321	527
321	553
321	771
321	935
321	966
321	968
322	146
322	305
322	583
322	636
322	670
322	749
322	946
323	190
323	354
323	392
323	673
323	736
323	777
323	936
324	41
324	456
324	619
324	714
324	855
324	935
324	953
325	23
325	192
325	302
325	312
325	408
325	765
325	854
326	243
326	413
326	719
326	851
326	868
326	871
326	943
327	44
327	73
327	783
327	832
327	865
327	882
327	948
328	53
328	296
328	297
328	496
328	507
328	543
328	814
329	32
329	293
329	457
329	809
329	863
329	874
329	965
330	38
330	54
330	114
330	375
330	712
330	842
330	899
331	205
331	557
331	595
331	783
331	930
331	978
331	997
332	95
332	307
332	423
332	493
332	565
332	701
332	787
333	42
333	184
333	360
333	457
333	508
333	525
333	740
334	45
334	151
334	188
334	381
334	810
334	843
334	859
335	106
335	341
335	357
335	404
335	438
335	810
335	864
336	114
336	165
336	536
336	745
336	871
336	968
336	997
337	95
337	454
337	520
337	545
337	864
337	896
337	982
338	53
338	231
338	472
338	558
338	631
338	953
338	996
339	180
339	700
339	805
339	842
339	862
339	936
339	980
340	1
340	45
340	201
340	568
340	685
340	851
340	874
341	127
341	335
341	693
341	716
341	728
341	937
341	950
342	84
342	133
342	626
342	641
342	694
342	909
342	922
343	500
343	636
343	847
343	886
343	910
343	929
343	962
344	45
344	438
344	898
344	948
344	978
344	981
344	987
345	176
345	478
345	536
345	687
345	741
345	810
345	899
346	66
346	72
346	249
346	412
346	516
346	875
346	888
347	24
347	40
347	196
347	650
347	687
347	925
347	979
348	273
348	424
348	549
348	852
348	877
348	931
348	945
349	44
349	163
349	443
349	675
349	806
349	851
349	968
350	26
350	48
350	238
350	427
350	558
350	895
350	961
351	226
351	401
351	844
351	915
351	959
351	980
351	991
352	101
352	430
352	579
352	656
352	733
352	844
352	997
353	159
353	222
353	565
353	686
353	894
353	962
353	975
354	173
354	227
354	323
354	453
354	849
354	916
354	983
355	32
355	109
355	155
355	452
355	710
355	763
355	812
356	150
356	158
356	440
356	508
356	622
356	907
356	950
357	249
357	335
357	581
357	588
357	724
357	966
357	982
358	359
358	463
358	753
358	776
358	804
358	825
358	959
359	154
359	358
359	521
359	686
359	694
359	807
359	875
360	85
360	249
360	297
360	333
360	803
360	896
360	974
361	591
361	646
361	761
361	764
361	827
361	944
361	946
362	454
362	632
362	781
362	828
362	830
362	924
362	958
363	41
363	114
363	378
363	450
363	499
363	838
363	999
364	11
364	219
364	256
364	318
364	449
364	835
364	994
365	25
365	179
365	217
365	453
365	724
365	732
365	966
366	58
366	486
366	505
366	778
366	832
366	899
366	903
367	34
367	319
367	468
367	740
367	790
367	817
367	940
368	36
368	315
368	552
368	566
368	608
368	787
368	891
369	38
369	115
369	569
369	741
369	932
369	933
369	961
370	402
370	721
370	784
370	796
370	936
370	960
370	987
371	151
371	316
371	524
371	782
371	790
371	867
371	889
372	84
372	128
372	463
372	821
372	945
372	970
372	979
373	200
373	251
373	382
373	679
373	737
373	871
373	983
374	75
374	457
374	585
374	679
374	694
374	855
374	985
375	52
375	142
375	148
375	221
375	330
375	610
375	932
376	252
376	286
376	790
376	837
376	853
376	957
376	999
377	151
377	548
377	638
377	748
377	787
377	942
377	960
378	192
378	363
378	691
378	693
378	804
378	823
378	843
378	992
379	55
379	228
379	253
379	597
379	617
379	730
379	980
379	993
380	137
380	248
380	311
380	414
380	713
380	861
380	866
380	901
381	218
381	334
381	384
381	671
381	703
381	767
381	993
381	998
382	110
382	117
382	373
382	540
382	721
382	791
382	856
382	869
383	38
383	501
383	528
383	532
383	539
383	561
383	826
383	920
384	131
384	222
384	381
384	497
384	704
384	726
384	764
384	793
385	392
385	503
385	588
385	612
385	731
385	830
385	859
385	868
386	471
386	559
386	577
386	894
386	943
386	953
386	962
386	999
387	7
387	473
387	514
387	528
387	549
387	657
387	674
387	785
388	240
388	292
388	390
388	669
388	754
388	778
388	913
388	959
389	153
389	395
389	491
389	520
389	720
389	815
389	832
389	984
390	388
390	423
390	585
390	625
390	660
390	786
390	829
390	900
391	609
391	611
391	653
391	773
391	871
391	873
391	986
391	995
392	295
392	323
392	385
392	400
392	495
392	744
392	926
392	959
393	89
393	92
393	664
393	735
393	746
393	761
393	839
393	859
394	449
394	499
394	554
394	775
394	819
394	861
394	873
394	897
395	145
395	233
395	290
395	389
395	568
395	739
395	844
395	994
396	280
396	524
396	734
396	803
396	932
396	933
396	936
396	966
397	159
397	206
397	303
397	411
397	691
397	800
397	836
397	883
398	203
398	586
398	692
398	726
398	759
398	828
398	907
398	976
399	165
399	205
399	224
399	555
399	588
399	797
399	818
399	857
400	35
400	249
400	392
400	413
400	734
400	759
400	811
400	988
401	31
401	351
401	448
401	531
401	589
401	682
401	866
401	897
402	301
402	320
402	370
402	413
402	455
402	758
402	800
402	953
403	77
403	110
403	310
403	498
403	627
403	732
403	736
403	874
404	315
404	335
404	504
404	557
404	792
404	848
404	897
404	990
405	255
405	306
405	448
405	722
405	727
405	923
405	966
405	968
406	184
406	205
406	531
406	590
406	662
406	798
406	868
406	934
407	57
407	304
407	689
407	695
407	778
407	829
407	863
407	910
408	35
408	325
408	441
408	650
408	733
408	736
408	883
408	989
409	266
409	556
409	575
409	684
409	687
409	774
409	869
409	871
410	195
410	466
410	486
410	663
410	768
410	862
410	880
410	915
411	397
411	461
411	519
411	610
411	793
411	870
411	945
411	952
412	92
412	346
412	585
412	660
412	693
412	944
412	984
412	995
413	326
413	400
413	402
413	720
413	820
413	900
413	912
413	956
414	172
414	380
414	445
414	702
414	729
414	890
414	949
414	964
415	480
415	634
415	714
415	724
415	842
415	856
415	895
415	947
416	200
416	473
416	503
416	603
416	771
416	821
416	948
416	992
417	195
417	489
417	493
417	509
417	594
417	851
417	880
417	886
418	211
418	311
418	472
418	744
418	874
418	904
418	922
418	926
419	161
419	537
419	609
419	657
419	778
419	788
419	842
419	919
420	241
420	258
420	475
420	529
420	872
420	905
420	934
420	972
421	24
421	276
421	294
421	532
421	568
421	721
421	985
421	998
422	178
422	432
422	616
422	684
422	690
422	711
422	829
422	849
423	149
423	332
423	390
423	436
423	789
423	962
423	976
423	999
424	11
424	64
424	348
424	683
424	703
424	722
424	741
424	908
425	133
425	435
425	490
425	741
425	862
425	872
425	883
425	960
426	14
426	541
426	694
426	713
426	811
426	883
426	907
426	961
427	169
427	230
427	350
427	679
427	837
427	866
427	912
427	991
428	118
428	132
428	314
428	658
428	809
428	810
428	856
428	884
429	47
429	211
429	619
429	644
429	881
429	885
429	920
429	955
430	6
430	70
430	352
430	766
430	792
430	822
430	896
430	946
431	9
431	28
431	34
431	281
431	694
431	892
431	933
431	958
432	165
432	422
432	493
432	526
432	598
432	694
432	968
432	992
433	87
433	233
433	438
433	501
433	815
433	825
433	939
433	1000
434	72
434	122
434	244
434	547
434	617
434	686
434	833
434	841
435	213
435	425
435	524
435	923
435	955
435	956
435	968
435	982
436	32
436	423
436	623
436	827
436	835
436	927
436	969
436	976
437	51
437	668
437	888
437	917
437	973
437	987
437	995
437	997
438	203
438	297
438	335
438	344
438	433
438	517
438	743
438	910
439	103
439	458
439	466
439	528
439	664
439	774
439	869
439	939
440	356
440	535
440	650
440	677
440	746
440	787
440	807
440	996
441	90
441	408
441	481
441	568
441	683
441	859
441	894
441	964
442	296
442	535
442	626
442	702
442	713
442	748
442	809
442	906
443	31
443	349
443	457
443	513
443	533
443	689
443	784
443	954
444	120
444	147
444	560
444	618
444	880
444	913
444	942
444	985
445	294
445	414
445	707
445	746
445	755
445	850
445	857
445	959
446	39
446	291
446	509
446	604
446	608
446	643
446	839
446	965
447	137
447	150
447	167
447	218
447	747
447	840
447	969
447	981
448	47
448	401
448	405
448	451
448	482
448	807
448	997
448	998
449	364
449	394
449	494
449	580
449	592
449	601
449	665
449	863
450	363
450	495
450	536
450	616
450	658
450	666
450	701
450	795
451	285
451	448
451	459
451	533
451	777
451	860
451	884
451	942
452	355
452	624
452	692
452	741
452	860
452	884
452	950
452	955
453	354
453	365
453	489
453	535
453	546
453	674
453	917
453	971
454	132
454	337
454	362
454	460
454	573
454	845
454	946
454	988
455	402
455	646
455	656
455	670
455	826
455	878
455	896
455	904
456	324
456	601
456	680
456	813
456	866
456	883
456	905
456	911
457	216
457	329
457	333
457	374
457	443
457	464
457	690
457	752
458	65
458	246
458	269
458	439
458	543
458	698
458	907
458	978
459	189
459	223
459	451
459	548
459	550
459	605
459	640
459	846
460	6
460	230
460	246
460	289
460	454
460	585
460	808
460	951
461	411
461	616
461	635
461	691
461	719
461	746
461	873
461	898
462	68
462	211
462	629
462	708
462	729
462	735
462	802
462	944
463	139
463	188
463	358
463	372
463	681
463	750
463	829
463	996
464	13
464	457
464	545
464	573
464	623
464	759
464	785
464	961
465	2
465	278
465	573
465	810
465	864
465	914
465	952
465	983
466	160
466	214
466	273
466	410
466	439
466	469
466	654
466	998
467	55
467	257
467	534
467	554
467	573
467	738
467	768
467	990
468	140
468	211
468	225
468	242
468	367
468	646
468	773
468	994
469	58
469	91
469	466
469	657
469	671
469	760
469	765
469	900
470	587
470	594
470	717
470	823
470	836
470	907
470	950
470	967
471	157
471	386
471	509
471	587
471	701
471	727
471	736
471	979
472	191
472	338
472	418
472	507
472	515
472	726
472	757
472	945
473	191
473	387
473	416
473	850
473	881
473	898
473	906
473	988
474	45
474	283
474	284
474	507
474	702
474	731
474	876
474	879
475	42
475	201
475	260
475	420
475	513
475	532
475	583
475	828
476	71
476	706
476	783
476	786
476	891
476	902
476	919
476	930
477	59
477	235
477	300
477	599
477	793
477	834
477	906
477	923
478	57
478	83
478	345
478	542
478	605
478	700
478	767
478	841
479	88
479	137
479	586
479	741
479	749
479	758
479	773
479	937
480	415
480	492
480	529
480	666
480	692
480	799
480	804
480	964
481	441
481	582
481	790
481	821
481	829
481	889
481	899
481	944
482	71
482	142
482	309
482	448
482	568
482	752
482	855
482	865
483	93
483	742
483	817
483	856
483	875
483	958
483	962
483	978
484	184
484	639
484	754
484	771
484	822
484	948
484	968
484	987
485	43
485	684
485	695
485	852
485	871
485	979
485	983
485	999
486	229
486	366
486	410
486	543
486	836
486	855
486	889
486	905
487	29
487	41
487	109
487	301
487	728
487	803
487	875
487	916
488	91
488	231
488	528
488	801
488	856
488	870
488	925
488	931
489	417
489	453
489	515
489	586
489	712
489	781
489	828
489	848
490	71
490	131
490	271
490	425
490	574
490	673
490	842
490	977
491	14
491	204
491	389
491	510
491	700
491	712
491	827
491	975
491	980
492	82
492	112
492	284
492	480
492	823
492	843
492	848
492	861
492	924
493	293
493	332
493	417
493	432
493	522
493	619
493	710
493	913
493	982
494	37
494	227
494	287
494	449
494	512
494	598
494	606
494	808
494	894
495	258
495	259
495	392
495	450
495	603
495	658
495	691
495	765
495	980
496	97
496	312
496	328
496	704
496	782
496	815
496	913
496	986
496	996
497	243
497	279
497	384
497	516
497	557
497	848
497	860
497	878
497	924
498	66
498	295
498	403
498	544
498	656
498	743
498	793
498	824
498	886
499	172
499	285
499	306
499	363
499	394
499	647
499	753
499	789
499	852
500	14
500	108
500	343
500	611
500	697
500	742
500	866
500	960
500	971
501	65
501	167
501	383
501	433
501	545
501	606
501	697
501	970
501	987
502	164
502	229
502	626
502	698
502	838
502	886
502	902
502	979
502	989
503	36
503	71
503	98
503	385
503	416
503	545
503	619
503	643
503	825
504	87
504	199
504	404
504	661
504	687
504	727
504	911
504	925
504	938
505	131
505	366
505	529
505	556
505	779
505	798
505	871
505	972
505	980
506	13
506	273
506	289
506	532
506	669
506	781
506	840
506	924
506	985
507	125
507	241
507	259
507	328
507	472
507	474
507	575
507	665
507	749
508	122
508	124
508	333
508	356
508	620
508	621
508	734
508	807
508	832
509	75
509	417
509	446
509	471
509	696
509	711
509	796
509	808
509	821
510	168
510	491
510	629
510	634
510	743
510	790
510	873
510	928
510	957
511	226
511	242
511	313
511	534
511	623
511	642
511	680
511	695
511	791
512	173
512	283
512	494
512	600
512	780
512	884
512	924
512	945
512	965
513	71
513	199
513	443
513	475
513	593
513	621
513	648
513	772
513	854
514	155
514	387
514	525
514	526
514	686
514	741
514	778
514	823
514	918
515	212
515	472
515	489
515	703
515	711
515	770
515	805
515	936
515	1000
516	14
516	346
516	497
516	732
516	819
516	843
516	863
516	934
516	939
517	32
517	185
517	438
517	733
517	744
517	867
517	875
517	885
517	916
518	106
518	117
518	229
518	305
518	566
518	723
518	799
518	800
518	987
519	1
519	276
519	411
519	545
519	638
519	643
519	838
519	964
519	991
520	113
520	131
520	337
520	389
520	786
520	885
520	938
520	947
520	994
521	1
521	17
521	359
521	599
521	757
521	770
521	851
521	880
521	966
522	117
522	493
522	628
522	629
522	682
522	697
522	713
522	792
522	860
523	95
523	563
523	611
523	614
523	819
523	845
523	873
523	874
523	985
524	65
524	371
524	396
524	435
524	578
524	826
524	833
524	917
524	919
525	216
525	281
525	333
525	514
525	664
525	695
525	709
525	820
525	951
526	432
526	514
526	619
526	650
526	761
526	807
526	825
526	869
526	983
527	3
527	218
527	321
527	562
527	595
527	697
527	827
527	957
527	992
528	45
528	147
528	383
528	387
528	439
528	488
528	758
528	772
528	967
529	36
529	135
529	420
529	480
529	505
529	739
529	819
529	872
529	949
530	256
530	553
530	838
530	860
530	902
530	919
530	930
530	965
530	993
531	274
531	401
531	406
531	553
531	782
531	836
531	891
531	900
531	946
532	383
532	421
532	475
532	506
532	590
532	625
532	868
532	942
532	949
533	443
533	451
533	669
533	799
533	808
533	833
533	837
533	844
533	909
534	210
534	308
534	467
534	511
534	548
534	648
534	953
534	978
534	980
535	307
535	440
535	442
535	453
535	607
535	649
535	663
535	779
535	813
536	310
536	336
536	345
536	450
536	692
536	735
536	887
536	892
536	977
537	39
537	177
537	282
537	419
537	671
537	724
537	809
537	883
537	900
538	69
538	76
538	204
538	574
538	589
538	666
538	786
538	861
538	983
539	22
539	383
539	562
539	629
539	630
539	649
539	745
539	905
539	939
540	43
540	248
540	382
540	622
540	664
540	677
540	724
540	984
540	988
541	226
541	233
541	426
541	559
541	691
541	711
541	782
541	906
541	917
542	22
542	478
542	686
542	743
542	811
542	854
542	898
542	963
542	978
543	9
543	33
543	271
543	328
543	458
543	486
543	666
543	965
543	999
544	103
544	498
544	567
544	584
544	675
544	705
544	912
544	917
544	953
545	337
545	464
545	501
545	503
545	519
545	562
545	749
545	751
545	945
546	72
546	453
546	553
546	797
546	826
546	861
546	871
546	873
546	933
547	26
547	286
547	434
547	592
547	719
547	795
547	834
547	915
547	949
548	216
548	377
548	459
548	534
548	745
548	803
548	909
548	956
548	997
549	12
549	348
549	387
549	654
549	690
549	837
549	861
549	911
549	937
550	285
550	459
550	679
550	816
550	832
550	863
550	940
550	994
550	996
551	235
551	293
551	679
551	746
551	785
551	804
551	831
551	844
551	965
552	368
552	616
552	619
552	782
552	828
552	834
552	845
552	928
552	966
553	22
553	321
553	530
553	531
553	546
553	712
553	900
553	909
553	921
554	46
554	119
554	245
554	260
554	394
554	467
554	667
554	776
554	994
555	175
555	266
555	313
555	399
555	700
555	740
555	840
555	910
555	984
556	145
556	409
556	505
556	609
556	627
556	709
556	737
556	752
556	894
557	331
557	404
557	497
557	598
557	736
557	817
557	851
557	931
557	970
558	63
558	338
558	350
558	608
558	622
558	627
558	648
558	728
558	930
559	68
559	298
559	386
559	541
559	784
559	848
559	865
559	903
559	956
560	194
560	257
560	303
560	444
560	576
560	579
560	581
560	680
560	912
561	383
561	582
561	677
561	773
561	787
561	803
561	824
561	844
561	976
562	37
562	527
562	539
562	545
562	574
562	678
562	775
562	940
562	968
563	20
563	523
563	584
563	612
563	638
563	678
563	714
563	905
563	950
564	134
564	634
564	635
564	788
564	855
564	860
564	877
564	913
564	939
565	271
565	332
565	353
565	652
565	767
565	862
565	870
565	903
565	977
566	29
566	254
566	301
566	368
566	518
566	659
566	731
566	889
566	955
567	20
567	78
567	205
567	544
567	574
567	809
567	854
567	909
567	941
568	108
568	340
568	395
568	421
568	441
568	482
568	802
568	896
568	978
569	4
569	33
569	123
569	134
569	142
569	250
569	369
569	714
569	866
570	3
570	167
570	573
570	733
570	735
570	764
570	824
570	865
570	911
571	4
571	572
571	672
571	695
571	782
571	822
571	879
571	892
571	955
572	138
572	219
572	571
572	632
572	693
572	862
572	928
572	956
572	966
573	454
573	464
573	465
573	467
573	570
573	746
573	875
573	894
573	925
574	176
574	490
574	538
574	562
574	567
574	601
574	773
574	805
574	818
575	34
575	102
575	159
575	409
575	507
575	630
575	806
575	860
575	947
576	289
576	560
576	725
576	773
576	830
576	844
576	850
576	858
576	951
577	154
577	169
577	290
577	386
577	642
577	758
577	789
577	881
577	944
578	137
578	524
578	655
578	760
578	798
578	816
578	909
578	938
578	967
579	217
579	352
579	560
579	803
579	847
579	879
579	915
579	933
579	959
580	35
580	80
580	220
580	449
580	723
580	748
580	855
580	917
580	963
581	73
581	88
581	304
581	357
581	560
581	858
581	919
581	964
581	989
582	128
582	272
582	279
582	314
582	481
582	561
582	702
582	878
582	881
583	100
583	250
583	280
583	322
583	475
583	732
583	792
583	928
583	988
584	318
584	544
584	563
584	614
584	617
584	628
584	711
584	842
584	925
585	209
585	374
585	390
585	412
585	460
585	654
585	793
585	846
585	984
586	20
586	215
586	398
586	479
586	489
586	683
586	763
586	880
586	907
587	27
587	470
587	471
587	601
587	770
587	797
587	844
587	920
587	999
588	357
588	385
588	399
588	620
588	748
588	827
588	829
588	937
588	974
589	84
589	314
589	401
589	538
589	629
589	667
589	737
589	921
589	953
590	406
590	532
590	608
590	723
590	747
590	753
590	766
590	780
590	986
591	236
591	284
591	361
591	597
591	603
591	812
591	814
591	851
591	867
592	81
592	449
592	547
592	639
592	660
592	777
592	835
592	961
592	1000
593	237
593	253
593	513
593	686
593	698
593	768
593	795
593	939
593	998
594	140
594	417
594	470
594	701
594	716
594	840
594	886
594	921
594	997
595	331
595	527
595	649
595	694
595	802
595	864
595	915
595	971
595	978
596	88
596	189
596	232
596	639
596	839
596	941
596	969
596	999
596	1000
597	56
597	379
597	591
597	630
597	652
597	816
597	915
597	967
597	994
598	54
598	225
598	432
598	494
598	557
598	608
598	662
598	757
598	984
599	173
599	214
599	477
599	521
599	651
599	697
599	841
599	916
599	970
600	512
600	659
600	663
600	670
600	756
600	815
600	957
600	978
600	981
601	153
601	213
601	449
601	456
601	574
601	587
601	624
601	839
601	841
601	926
602	614
602	652
602	699
602	756
602	771
602	835
602	919
602	922
602	934
602	989
603	82
603	100
603	156
603	416
603	495
603	591
603	616
603	762
603	803
603	939
604	17
604	21
604	446
604	676
604	685
604	701
604	741
604	760
604	849
604	964
605	125
605	199
605	288
605	459
605	478
605	611
605	733
605	755
605	830
605	972
606	243
606	494
606	501
606	618
606	643
606	693
606	726
606	760
606	986
606	994
607	5
607	143
607	246
607	283
607	535
607	723
607	873
607	891
607	913
607	946
608	232
608	368
608	446
608	558
608	590
608	598
608	615
608	802
608	888
608	905
609	56
609	191
609	391
609	419
609	556
609	611
609	691
609	719
609	783
609	986
610	177
610	214
610	224
610	299
610	375
610	411
610	754
610	811
610	983
610	990
611	181
611	204
611	269
611	391
611	500
611	523
611	605
611	609
611	807
611	926
612	111
612	385
612	563
612	707
612	716
612	720
612	788
612	872
612	919
612	989
613	27
613	165
613	269
613	689
613	706
613	766
613	919
613	927
613	938
613	953
614	56
614	267
614	523
614	584
614	602
614	807
614	839
614	903
614	934
614	984
615	43
615	82
615	213
615	317
615	608
615	687
615	768
615	821
615	921
615	931
616	111
616	200
616	318
616	422
616	450
616	461
616	552
616	603
616	796
616	899
617	22
617	159
617	227
617	379
617	434
617	584
617	619
617	680
617	831
617	971
618	72
618	237
618	239
618	284
618	444
618	606
618	694
618	811
618	817
618	905
619	324
619	429
619	493
619	503
619	526
619	552
619	617
619	874
619	925
619	997
620	508
620	588
620	791
620	816
620	890
620	920
620	926
620	927
620	946
620	973
621	165
621	247
621	275
621	508
621	513
621	662
621	665
621	705
621	868
621	893
622	103
622	175
622	356
622	540
622	558
622	690
622	847
622	895
622	913
622	995
623	36
623	436
623	464
623	511
623	630
623	666
623	743
623	928
623	955
623	973
624	39
624	90
624	230
624	452
624	601
624	710
624	734
624	765
624	816
624	935
625	25
625	160
625	390
625	532
625	672
625	761
625	842
625	905
625	938
625	990
626	61
626	82
626	342
626	442
626	502
626	658
626	703
626	758
626	990
626	998
627	3
627	121
627	256
627	403
627	556
627	558
627	681
627	868
627	876
627	969
628	87
628	254
628	272
628	522
628	584
628	712
628	778
628	911
628	923
628	991
629	36
629	462
629	510
629	522
629	539
629	589
629	690
629	822
629	871
629	933
630	231
630	256
630	275
630	299
630	539
630	575
630	597
630	623
630	659
630	908
631	51
631	318
631	338
631	649
631	686
631	810
631	829
631	837
631	901
631	918
632	39
632	189
632	262
632	362
632	572
632	801
632	802
632	928
632	957
632	992
633	185
633	186
633	662
633	739
633	803
633	821
633	927
633	947
633	951
633	957
634	100
634	415
634	510
634	564
634	647
634	737
634	847
634	858
634	949
634	954
635	106
635	169
635	461
635	564
635	649
635	761
635	942
635	945
635	961
635	985
636	198
636	211
636	322
636	343
636	688
636	719
636	734
636	745
636	892
636	930
637	6
637	80
637	131
637	227
637	702
637	714
637	778
637	849
637	890
637	938
638	17
638	228
638	377
638	519
638	563
638	754
638	756
638	816
638	838
638	844
639	272
639	484
639	592
639	596
639	776
639	791
639	837
639	853
639	858
639	981
640	12
640	77
640	84
640	258
640	266
640	459
640	746
640	825
640	830
640	981
641	115
641	201
641	216
641	253
641	342
641	741
641	756
641	773
641	972
641	988
642	215
642	217
642	247
642	511
642	577
642	675
642	683
642	755
642	846
642	867
643	83
643	315
643	446
643	503
643	519
643	606
643	757
643	759
643	802
643	823
644	51
644	234
644	429
644	719
644	838
644	860
644	881
644	916
644	957
644	960
645	69
645	144
645	250
645	691
645	717
645	753
645	792
645	907
645	930
645	951
646	143
646	214
646	361
646	455
646	468
646	717
646	791
646	837
646	916
646	968
647	179
647	220
647	499
647	634
647	733
647	783
647	834
647	898
647	929
647	997
648	290
648	316
648	513
648	534
648	558
648	652
648	788
648	925
648	983
648	985
649	62
649	535
649	539
649	595
649	631
649	635
649	708
649	828
649	919
649	951
650	101
650	312
650	347
650	408
650	440
650	526
650	790
650	859
650	883
650	918
651	142
651	146
651	194
651	212
651	297
651	599
651	658
651	751
651	812
651	814
652	83
652	102
652	116
652	565
652	597
652	602
652	648
652	870
652	906
652	913
653	5
653	218
653	240
653	391
653	658
653	662
653	702
653	833
653	850
653	1000
654	23
654	319
654	466
654	549
654	585
654	701
654	721
654	839
654	889
654	957
655	219
655	239
655	578
655	659
655	753
655	772
655	812
655	814
655	937
655	975
656	110
656	175
656	273
656	352
656	455
656	498
656	773
656	878
656	892
656	944
657	153
657	387
657	419
657	469
657	662
657	683
657	787
657	798
657	847
657	999
658	281
658	428
658	450
658	495
658	626
658	651
658	653
658	945
658	972
658	980
659	179
659	238
659	566
659	600
659	630
659	655
659	730
659	811
659	926
659	999
660	390
660	412
660	592
660	699
660	750
660	805
660	815
660	906
660	921
660	973
661	306
661	504
661	685
661	692
661	774
661	816
661	831
661	859
661	876
661	955
662	229
662	406
662	598
662	621
662	633
662	653
662	657
662	735
662	814
662	987
663	184
663	410
663	535
663	600
663	780
663	789
663	794
663	902
663	923
663	978
664	206
664	207
664	298
664	393
664	439
664	525
664	540
664	927
664	952
664	978
665	84
665	449
665	507
665	621
665	758
665	772
665	779
665	827
665	924
665	975
666	233
666	253
666	450
666	480
666	538
666	543
666	623
666	870
666	937
666	944
667	135
667	172
667	554
667	589
667	790
667	859
667	909
667	936
667	964
667	972
668	35
668	193
668	437
668	770
668	798
668	910
668	916
668	935
668	943
668	992
669	241
669	278
669	308
669	388
669	506
669	533
669	786
669	875
669	887
669	927
670	19
670	159
670	322
670	455
670	600
670	758
670	767
670	768
670	781
670	973
671	381
671	469
671	537
671	681
671	704
671	706
671	747
671	880
671	925
671	966
672	77
672	221
672	571
672	625
672	777
672	817
672	864
672	913
672	974
672	993
673	323
673	490
673	708
673	716
673	750
673	812
673	816
673	817
673	824
673	867
674	156
674	387
674	453
674	873
674	884
674	892
674	894
674	916
674	967
674	991
675	153
675	210
675	349
675	544
675	642
675	711
675	721
675	753
675	785
675	984
676	219
676	264
676	604
676	730
676	734
676	754
676	776
676	786
676	850
676	906
677	145
677	440
677	540
677	561
677	679
677	740
677	747
677	920
677	970
677	993
678	136
678	170
678	248
678	562
678	563
678	687
678	756
678	875
678	897
678	931
678	948
679	301
679	373
679	374
679	427
679	550
679	551
679	677
679	762
679	825
679	858
679	935
680	150
680	278
680	456
680	511
680	560
680	617
680	729
680	798
680	836
680	924
680	982
681	71
681	101
681	463
681	627
681	671
681	775
681	795
681	798
681	882
681	889
681	988
682	174
682	401
682	522
682	727
682	752
682	764
682	876
682	923
682	935
682	945
682	960
683	100
683	188
683	424
683	441
683	586
683	642
683	657
683	879
683	945
683	957
683	975
684	20
684	107
684	409
684	422
684	485
684	703
684	724
684	751
684	796
684	881
684	953
685	141
685	162
685	216
685	340
685	604
685	661
685	795
685	813
685	897
685	919
685	971
686	258
686	275
686	353
686	359
686	434
686	514
686	542
686	593
686	631
686	788
686	947
687	55
687	78
687	345
687	347
687	409
687	504
687	615
687	678
687	874
687	881
687	955
688	27
688	87
688	127
688	300
688	311
688	636
688	753
688	839
688	910
688	955
688	958
689	52
689	255
689	300
689	407
689	443
689	613
689	749
689	903
689	915
689	936
689	993
690	7
690	162
690	254
690	422
690	457
690	549
690	622
690	629
690	733
690	865
690	960
691	79
691	378
691	397
691	461
691	495
691	541
691	609
691	645
691	880
691	896
691	951
692	279
692	291
692	398
692	452
692	480
692	536
692	661
692	858
692	887
692	961
692	970
693	128
693	273
693	287
693	320
693	341
693	378
693	412
693	572
693	606
693	718
693	804
694	342
694	359
694	374
694	426
694	431
694	432
694	595
694	618
694	852
694	867
694	976
695	54
695	106
695	407
695	485
695	511
695	525
695	571
695	806
695	881
695	901
695	969
696	33
696	302
696	509
696	715
696	718
696	805
696	823
696	843
696	919
696	930
696	969
697	105
697	173
697	226
697	500
697	501
697	522
697	527
697	599
697	827
697	869
697	927
698	115
698	204
698	292
698	458
698	502
698	593
698	812
698	870
698	897
698	958
698	960
699	221
699	602
699	660
699	733
699	859
699	892
699	922
699	943
699	944
699	960
699	990
700	35
700	108
700	163
700	339
700	478
700	491
700	555
700	843
700	893
700	917
700	998
701	80
701	282
701	332
701	450
701	471
701	594
701	604
701	654
701	782
701	798
701	994
702	414
702	442
702	474
702	582
702	637
702	653
702	774
702	775
702	893
702	901
702	941
703	84
703	262
703	283
703	381
703	424
703	515
703	626
703	684
703	863
703	908
703	954
704	267
704	384
704	496
704	671
704	767
704	788
704	800
704	854
704	871
704	966
704	981
705	60
705	139
705	192
705	194
705	257
705	544
705	621
705	758
705	787
705	788
705	956
706	193
706	476
706	613
706	671
706	715
706	755
706	762
706	786
706	801
706	827
706	899
707	146
707	282
707	306
707	445
707	612
707	747
707	848
707	907
707	944
707	953
707	991
708	107
708	149
708	462
708	649
708	673
708	805
708	815
708	880
708	889
708	977
708	995
709	278
709	525
709	556
709	720
709	725
709	854
709	876
709	908
709	940
709	948
709	971
710	25
710	47
710	355
710	493
710	624
710	766
710	771
710	840
710	910
710	931
710	946
711	422
711	509
711	515
711	541
711	584
711	675
711	763
711	792
711	844
711	934
711	937
712	83
712	177
712	242
712	330
712	489
712	491
712	553
712	628
712	782
712	902
712	929
713	118
713	380
713	426
713	442
713	522
713	726
713	755
713	778
713	785
713	892
713	919
714	23
714	324
714	415
714	563
714	569
714	637
714	774
714	813
714	833
714	857
714	895
715	29
715	107
715	226
715	283
715	302
715	696
715	706
715	912
715	940
715	964
715	967
716	18
716	238
716	341
716	594
716	612
716	673
716	868
716	897
716	969
716	987
716	995
717	160
717	180
717	275
717	470
717	645
717	646
717	730
717	770
717	893
717	901
717	932
718	43
718	70
718	112
718	172
718	194
718	312
718	693
718	696
718	877
718	915
718	921
719	251
719	326
719	461
719	547
719	609
719	636
719	644
719	785
719	859
719	942
719	956
720	195
720	261
720	389
720	413
720	612
720	709
720	781
720	796
720	824
720	928
720	981
721	207
721	234
721	370
721	382
721	421
721	654
721	675
721	777
721	801
721	963
721	993
722	20
722	62
722	178
722	405
722	424
722	731
722	888
722	949
722	966
722	989
722	993
723	15
723	133
723	182
723	245
723	271
723	518
723	580
723	590
723	607
723	887
723	893
724	88
724	122
724	297
724	357
724	365
724	415
724	537
724	540
724	684
724	749
724	863
725	2
725	13
725	236
725	296
725	576
725	709
725	760
725	795
725	813
725	911
725	933
725	992
726	273
726	384
726	398
726	472
726	606
726	713
726	814
726	818
726	905
726	909
726	966
726	999
727	60
727	267
727	285
727	405
727	471
727	504
727	682
727	729
727	832
727	845
727	868
727	964
728	60
728	167
728	286
728	295
728	341
728	487
728	558
728	751
728	868
728	929
728	932
728	969
729	118
729	183
729	414
729	462
729	680
729	727
729	804
729	848
729	939
729	982
729	986
729	992
730	379
730	659
730	676
730	717
730	799
730	820
730	828
730	831
730	857
730	932
730	956
730	982
731	67
731	245
731	277
731	385
731	474
731	566
731	722
731	822
731	842
731	896
731	924
731	971
732	21
732	120
732	302
732	365
732	403
732	516
732	583
732	829
732	872
732	879
732	908
732	940
733	352
733	408
733	517
733	570
733	605
733	647
733	690
733	699
733	856
733	936
733	967
733	997
734	22
734	184
734	396
734	400
734	508
734	624
734	636
734	676
734	868
734	971
734	977
734	985
735	53
735	93
735	393
735	462
735	536
735	570
735	662
735	746
735	748
735	762
735	932
735	984
736	68
736	201
736	323
736	403
736	408
736	471
736	557
736	775
736	935
736	949
736	952
736	993
737	40
737	181
737	209
737	250
737	303
737	304
737	373
737	556
737	589
737	634
737	747
737	928
738	83
738	123
738	193
738	220
738	243
738	285
738	467
738	762
738	801
738	874
738	912
738	951
739	286
739	299
739	395
739	529
739	633
739	839
739	849
739	877
739	898
739	931
739	936
739	950
740	61
740	162
740	166
740	279
740	333
740	367
740	555
740	677
740	835
740	843
740	947
740	955
741	345
741	369
741	424
741	425
741	452
741	479
741	514
741	604
741	641
741	909
741	928
741	948
742	68
742	113
742	251
742	255
742	483
742	500
742	763
742	900
742	914
742	917
742	979
742	984
743	38
743	59
743	283
743	306
743	438
743	498
743	510
743	542
743	623
743	790
743	791
743	844
744	68
744	176
744	207
744	260
744	392
744	418
744	517
744	750
744	858
744	895
744	952
744	965
745	179
745	250
745	265
745	336
745	539
745	548
745	636
745	748
745	773
745	852
745	904
745	938
746	167
746	393
746	440
746	445
746	461
746	551
746	573
746	640
746	735
746	780
746	851
746	909
747	142
747	150
747	164
747	228
747	447
747	590
747	671
747	677
747	707
747	737
747	849
747	982
748	107
748	274
748	377
748	442
748	580
748	588
748	735
748	745
748	864
748	888
748	970
748	979
749	70
749	74
749	124
749	170
749	196
749	322
749	479
749	507
749	545
749	689
749	724
749	955
750	10
750	66
750	85
750	246
750	270
750	463
750	660
750	673
750	744
750	831
750	893
750	935
751	74
751	124
751	204
751	293
751	545
751	651
751	684
751	728
751	753
751	884
751	967
751	970
752	40
752	223
752	312
752	457
752	482
752	556
752	682
752	851
752	875
752	881
752	959
752	967
753	81
753	358
753	499
753	590
753	645
753	655
753	675
753	688
753	751
753	811
753	886
753	937
754	137
754	280
754	388
754	484
754	610
754	638
754	676
754	760
754	942
754	950
754	969
754	980
755	17
755	445
755	605
755	642
755	706
755	713
755	891
755	914
755	943
755	963
755	965
755	978
756	58
756	136
756	180
756	600
756	602
756	638
756	641
756	678
756	819
756	861
756	884
756	951
757	4
757	33
757	472
757	521
757	598
757	643
757	776
757	779
757	799
757	882
757	916
757	920
758	402
758	479
758	528
758	577
758	626
758	665
758	670
758	705
758	807
758	808
758	927
758	984
759	31
759	59
759	139
759	158
759	293
759	398
759	400
759	464
759	643
759	853
759	901
759	964
760	12
760	30
760	469
760	578
760	604
760	606
760	725
760	754
760	804
760	897
760	898
760	916
761	196
761	233
761	361
761	393
761	526
761	625
761	635
761	785
761	813
761	843
761	916
761	978
762	2
762	208
762	225
762	240
762	293
762	603
762	679
762	706
762	735
762	738
762	798
762	846
763	63
763	288
763	355
763	586
763	711
763	742
763	777
763	880
763	893
763	896
763	965
763	971
764	70
764	249
764	361
764	384
764	570
764	682
764	794
764	874
764	952
764	956
764	977
764	992
765	13
765	16
765	196
765	275
765	325
765	469
765	495
765	624
765	856
765	886
765	917
765	926
766	14
766	50
766	57
766	121
766	270
766	430
766	590
766	613
766	710
766	817
766	971
766	992
767	43
767	381
767	478
767	565
767	670
767	704
767	797
767	837
767	889
767	914
767	944
767	1000
768	164
768	166
768	175
768	410
768	467
768	593
768	615
768	670
768	845
768	849
768	872
768	902
769	68
769	141
769	158
769	307
769	795
769	882
769	895
769	927
769	931
769	980
769	981
769	995
770	515
770	521
770	587
770	668
770	717
770	814
770	819
770	842
770	852
770	881
770	902
770	962
771	7
771	21
771	186
771	211
771	321
771	416
771	484
771	602
771	710
771	853
771	962
771	1000
772	64
772	262
772	513
772	528
772	655
772	665
772	789
772	855
772	922
772	923
772	962
772	974
773	391
773	468
773	479
773	561
773	574
773	576
773	641
773	656
773	745
773	802
773	877
773	955
774	136
774	170
774	409
774	439
774	661
774	702
774	714
774	792
774	841
774	953
774	958
774	974
775	42
775	78
775	263
775	394
775	562
775	681
775	702
775	736
775	843
775	943
775	977
775	978
776	51
776	358
776	554
776	639
776	676
776	757
776	877
776	899
776	950
776	963
776	990
776	994
777	89
777	185
777	223
777	257
777	323
777	451
777	592
777	672
777	721
777	763
777	779
777	887
778	130
778	202
778	320
778	366
778	388
778	407
778	419
778	514
778	628
778	637
778	713
778	858
778	946
779	8
779	16
779	118
779	132
779	226
779	505
779	535
779	665
779	757
779	777
779	952
779	987
779	988
780	10
780	74
780	113
780	161
780	212
780	512
780	590
780	663
780	746
780	783
780	822
780	878
780	888
781	97
781	362
781	489
781	506
781	670
781	720
781	800
781	829
781	851
781	912
781	918
781	956
781	979
782	182
782	290
782	371
782	496
782	531
782	541
782	552
782	571
782	701
782	712
782	829
782	940
782	947
783	1
783	61
783	305
783	327
783	331
783	476
783	609
783	647
783	780
783	811
783	845
783	897
783	944
784	15
784	28
784	255
784	281
784	370
784	443
784	559
784	896
784	916
784	927
784	935
784	955
784	964
785	49
785	160
785	387
785	464
785	551
785	675
785	713
785	719
785	761
785	858
785	916
785	930
785	997
786	66
786	225
786	390
786	476
786	520
786	538
786	669
786	676
786	706
786	854
786	917
786	943
786	970
787	32
787	135
787	194
787	332
787	368
787	377
787	440
787	561
787	657
787	705
787	796
787	845
787	927
788	303
788	419
788	564
788	612
788	648
788	686
788	704
788	705
788	816
788	893
788	900
788	912
788	963
789	150
789	259
789	263
789	309
789	423
789	499
789	577
789	663
789	772
789	860
789	861
789	905
789	959
790	367
790	371
790	376
790	481
790	510
790	650
790	667
790	743
790	803
790	828
790	932
790	938
790	983
791	382
791	511
791	620
791	639
791	646
791	743
791	801
791	831
791	858
791	899
791	931
791	960
791	963
792	135
792	243
792	319
792	404
792	430
792	522
792	583
792	645
792	711
792	774
792	820
792	956
792	971
793	259
793	384
793	411
793	477
793	498
793	585
793	813
793	850
793	855
793	879
793	895
793	896
793	912
794	60
794	86
794	104
794	110
794	155
794	178
794	290
794	663
794	764
794	828
794	984
794	985
794	1000
795	14
795	72
795	450
795	547
795	593
795	681
795	685
795	725
795	769
795	828
795	834
795	931
795	974
796	93
796	197
796	233
796	370
796	509
796	616
796	684
796	720
796	787
796	837
796	947
796	955
796	980
797	74
797	197
797	272
797	399
797	546
797	587
797	767
797	801
797	854
797	874
797	908
797	983
797	989
798	406
798	505
798	578
798	657
798	668
798	680
798	681
798	701
798	762
798	869
798	954
798	972
798	983
799	48
799	89
799	207
799	480
799	518
799	533
799	730
799	757
799	814
799	834
799	935
799	948
799	976
800	186
800	259
800	397
800	402
800	518
800	704
800	781
800	836
800	853
800	898
800	948
800	958
800	963
801	157
801	310
801	488
801	632
801	706
801	721
801	738
801	791
801	797
801	830
801	852
801	896
801	929
802	242
802	462
802	568
802	595
802	608
802	632
802	643
802	773
802	805
802	850
802	881
802	928
802	976
803	300
803	360
803	396
803	487
803	548
803	561
803	579
803	603
803	633
803	790
803	960
803	979
803	988
804	28
804	112
804	235
804	310
804	358
804	378
804	480
804	551
804	693
804	729
804	760
804	837
804	860
805	132
805	339
805	515
805	574
805	660
805	696
805	708
805	802
805	883
805	908
805	926
805	978
805	983
806	41
806	280
806	316
806	349
806	575
806	695
806	887
806	913
806	945
806	955
806	963
806	976
806	990
807	182
807	359
807	440
807	448
807	508
807	526
807	611
807	614
807	758
807	862
807	863
807	894
807	944
808	121
808	142
808	307
808	460
808	494
808	509
808	533
808	758
808	817
808	820
808	924
808	961
808	996
809	5
809	105
809	237
809	329
809	428
809	442
809	537
809	567
809	836
809	859
809	906
809	942
809	991
810	191
810	271
810	298
810	334
810	335
810	345
810	428
810	465
810	631
810	833
810	914
810	979
810	989
811	137
811	199
811	400
811	426
811	542
811	610
811	618
811	659
811	753
811	783
811	947
811	985
811	986
812	122
812	217
812	228
812	355
812	591
812	651
812	655
812	673
812	698
812	921
812	941
812	949
812	989
813	174
813	246
813	277
813	456
813	535
813	685
813	714
813	725
813	761
813	793
813	984
813	986
813	1000
814	271
814	328
814	591
814	651
814	655
814	662
814	726
814	770
814	799
814	896
814	934
814	988
814	997
815	261
815	389
815	433
815	496
815	600
815	660
815	708
815	876
815	892
815	909
815	924
815	934
815	980
816	550
816	578
816	597
816	620
816	624
816	638
816	661
816	673
816	788
816	831
816	892
816	895
816	980
817	106
817	252
817	307
817	367
817	483
817	557
817	618
817	672
817	673
817	766
817	808
817	836
817	866
818	45
818	58
818	101
818	213
818	288
818	399
818	574
818	726
818	921
818	948
818	977
818	984
818	999
819	49
819	91
819	216
819	312
819	394
819	516
819	523
819	529
819	756
819	770
819	843
819	882
819	987
820	21
820	73
820	195
820	221
820	298
820	413
820	525
820	730
820	792
820	808
820	836
820	855
820	983
821	30
821	32
821	78
821	208
821	252
821	372
821	416
821	481
821	509
821	615
821	633
821	959
821	964
822	151
822	224
822	227
822	261
822	430
822	484
822	571
822	629
822	731
822	780
822	841
822	875
822	946
823	192
823	248
823	259
823	319
823	378
823	470
823	492
823	514
823	643
823	696
823	838
823	890
823	894
823	977
824	9
824	171
824	291
824	303
824	498
824	561
824	570
824	673
824	720
824	878
824	904
824	937
824	960
824	981
825	113
825	148
825	358
825	433
825	503
825	526
825	640
825	679
825	828
825	840
825	894
825	920
825	966
825	992
826	139
826	188
826	299
826	383
826	455
826	524
826	546
826	847
826	855
826	857
826	877
826	933
826	936
826	957
827	109
827	177
827	238
827	276
827	361
827	436
827	491
827	527
827	588
827	665
827	697
827	706
827	902
827	930
828	59
828	76
828	207
828	362
828	398
828	475
828	489
828	552
828	649
828	730
828	790
828	794
828	795
828	825
829	187
829	247
829	390
829	407
829	422
829	463
829	481
829	588
829	631
829	732
829	781
829	782
829	891
829	998
830	143
830	292
830	362
830	385
830	576
830	605
830	640
830	801
830	839
830	878
830	882
830	898
830	912
830	930
831	315
831	551
831	617
831	661
831	730
831	750
831	791
831	816
831	918
831	952
831	959
831	974
831	984
831	987
832	156
832	327
832	366
832	389
832	508
832	550
832	727
832	884
832	888
832	948
832	950
832	967
832	978
832	996
833	40
833	81
833	295
833	434
833	524
833	533
833	653
833	714
833	810
833	835
833	863
833	884
833	903
833	907
834	16
834	222
834	234
834	286
834	291
834	477
834	547
834	552
834	647
834	795
834	799
834	909
834	913
834	975
835	69
835	73
835	170
835	248
835	364
835	436
835	592
835	602
835	740
835	833
835	839
835	861
835	907
835	929
836	282
836	319
836	397
836	470
836	486
836	531
836	680
836	800
836	809
836	817
836	820
836	844
836	881
836	911
837	116
837	138
837	376
837	427
837	533
837	549
837	631
837	639
837	646
837	767
837	796
837	804
837	952
837	998
838	62
838	201
838	244
838	363
838	502
838	519
838	530
838	638
838	644
838	823
838	863
838	905
838	934
838	945
839	119
839	248
839	393
839	446
839	596
839	601
839	614
839	654
839	688
839	739
839	830
839	835
839	933
839	973
840	12
840	60
840	79
840	217
840	278
840	447
840	506
840	555
840	594
840	710
840	825
840	897
840	924
840	990
841	66
841	96
841	434
841	478
841	599
841	601
841	774
841	822
841	873
841	885
841	943
841	944
841	953
841	994
842	61
842	209
842	330
842	339
842	415
842	419
842	490
842	584
842	625
842	731
842	770
842	901
842	918
842	987
843	279
843	334
843	378
843	492
843	516
843	696
843	700
843	740
843	761
843	775
843	819
843	858
843	872
843	962
844	128
844	351
844	352
844	395
844	533
844	551
844	561
844	576
844	587
844	638
844	711
844	743
844	836
844	973
845	162
845	190
845	294
845	454
845	523
845	552
845	727
845	768
845	783
845	787
845	867
845	868
845	908
845	996
846	228
846	288
846	289
846	317
846	459
846	585
846	642
846	762
846	868
846	877
846	901
846	939
846	979
846	981
847	7
847	97
847	343
847	579
847	622
847	634
847	657
847	826
847	882
847	886
847	906
847	914
847	945
847	974
848	46
848	94
848	174
848	222
848	404
848	489
848	492
848	497
848	559
848	707
848	729
848	909
848	990
848	993
849	93
849	98
849	132
849	221
849	298
849	354
849	422
849	604
849	637
849	739
849	747
849	768
849	900
849	955
850	64
850	92
850	130
850	210
850	306
850	445
850	473
850	576
850	653
850	676
850	793
850	802
850	866
850	895
851	87
851	100
851	215
851	326
851	340
851	349
851	417
851	521
851	557
851	591
851	746
851	752
851	781
851	888
852	214
852	264
852	348
852	485
852	499
852	694
852	745
852	770
852	801
852	887
852	891
852	903
852	914
852	991
853	120
853	135
853	248
853	376
853	639
853	759
853	771
853	800
853	857
853	867
853	895
853	948
853	974
853	987
854	10
854	111
854	194
854	220
854	325
854	513
854	542
854	567
854	704
854	709
854	786
854	797
854	915
854	970
854	977
855	96
855	242
855	324
855	374
855	482
855	486
855	564
855	580
855	772
855	793
855	820
855	826
855	893
855	929
855	954
856	4
856	35
856	109
856	197
856	225
856	256
856	319
856	382
856	415
856	428
856	483
856	488
856	733
856	765
856	911
857	150
857	154
857	232
857	399
857	445
857	714
857	730
857	826
857	853
857	891
857	944
857	953
857	958
857	969
857	985
858	26
858	46
858	576
858	581
858	634
858	639
858	679
858	692
858	744
858	778
858	785
858	791
858	843
858	945
858	963
859	119
859	276
859	334
859	385
859	393
859	441
859	650
859	661
859	667
859	699
859	719
859	809
859	867
859	911
859	917
860	451
860	452
860	497
860	522
860	530
860	564
860	575
860	644
860	789
860	804
860	890
860	901
860	920
860	932
860	949
861	104
861	171
861	253
861	310
861	380
861	394
861	492
861	538
861	546
861	549
861	756
861	789
861	835
861	885
861	995
862	40
862	149
862	178
862	237
862	339
862	410
862	425
862	565
862	572
862	807
862	884
862	903
862	946
862	951
862	966
863	329
863	407
863	449
863	516
863	550
863	703
863	724
863	807
863	833
863	838
863	929
863	933
863	973
863	982
863	985
864	8
864	112
864	152
864	209
864	306
864	335
864	337
864	465
864	595
864	672
864	748
864	918
864	925
864	960
864	970
865	283
865	327
865	482
865	559
865	570
865	690
865	872
865	885
865	931
865	937
865	973
865	981
865	982
865	989
865	990
866	116
866	228
866	239
866	310
866	380
866	401
866	427
866	456
866	500
866	569
866	817
866	850
866	885
866	968
866	980
867	27
867	222
867	371
867	517
867	591
867	642
867	673
867	694
867	845
867	853
867	859
867	877
867	937
867	954
867	998
868	149
868	326
868	385
868	406
868	532
868	621
868	627
868	716
868	727
868	728
868	734
868	845
868	846
868	873
868	918
869	27
869	103
869	168
869	231
869	261
869	309
869	382
869	409
869	439
869	526
869	697
869	798
869	920
869	940
869	955
870	77
870	124
870	138
870	158
870	242
870	278
870	295
870	411
870	488
870	565
870	652
870	666
870	698
870	927
870	971
871	197
871	250
871	326
871	336
871	373
871	391
871	409
871	485
871	505
871	546
871	629
871	704
871	935
871	941
871	983
872	114
872	420
872	425
872	529
872	612
872	732
872	768
872	843
872	865
872	876
872	922
872	938
872	964
872	972
872	985
873	391
873	394
873	461
873	510
873	523
873	546
873	607
873	674
873	841
873	868
873	914
873	940
873	945
873	998
873	1000
874	198
874	329
874	340
874	403
874	418
874	523
874	619
874	687
874	738
874	764
874	797
874	883
874	923
874	944
874	962
875	31
875	74
875	108
875	346
875	359
875	483
875	487
875	517
875	573
875	669
875	678
875	752
875	822
875	979
875	998
876	104
876	105
876	278
876	474
876	627
876	661
876	682
876	709
876	815
876	872
876	890
876	895
876	975
876	976
876	990
877	103
877	268
877	348
877	564
877	718
877	739
877	773
877	776
877	826
877	846
877	867
877	879
877	932
877	957
877	971
878	236
878	277
878	455
878	497
878	582
878	656
878	780
878	824
878	830
878	889
878	890
878	938
878	971
878	989
878	1000
879	172
879	292
879	474
879	571
879	579
879	683
879	732
879	793
879	877
879	887
879	889
879	894
879	954
879	956
879	959
880	410
880	417
880	444
880	521
880	586
880	671
880	691
880	708
880	763
880	921
880	927
880	950
880	952
880	960
880	962
880	993
881	57
881	270
881	429
881	473
881	577
881	582
881	644
881	684
881	687
881	695
881	752
881	770
881	802
881	836
881	896
881	938
882	52
882	116
882	187
882	280
882	327
882	681
882	757
882	769
882	819
882	830
882	847
882	915
882	923
882	924
882	933
882	997
883	63
883	163
883	255
883	264
883	397
883	408
883	425
883	426
883	456
883	537
883	650
883	805
883	874
883	905
883	943
883	995
884	10
884	38
884	136
884	263
884	428
884	451
884	452
884	512
884	674
884	751
884	756
884	832
884	833
884	862
884	926
884	973
885	30
885	97
885	123
885	429
885	517
885	520
885	841
885	861
885	865
885	866
885	901
885	905
885	940
885	954
885	986
885	988
886	29
886	192
886	305
886	309
886	343
886	417
886	498
886	502
886	594
886	753
886	765
886	847
886	922
886	930
886	988
886	996
887	114
887	232
887	318
887	536
887	669
887	692
887	723
887	777
887	806
887	852
887	879
887	914
887	964
887	970
887	991
887	996
888	50
888	122
888	156
888	166
888	264
888	346
888	437
888	608
888	722
888	748
888	780
888	832
888	851
888	905
888	912
888	926
889	75
889	183
889	309
889	371
889	481
889	486
889	566
889	654
889	681
889	708
889	767
889	878
889	879
889	911
889	930
889	992
890	64
890	114
890	270
890	414
890	620
890	637
890	823
890	860
890	876
890	878
890	908
890	951
890	963
890	975
890	976
890	998
891	230
891	252
891	368
891	476
891	531
891	607
891	755
891	829
891	852
891	857
891	908
891	918
891	975
891	980
891	982
891	994
892	237
892	249
892	302
892	431
892	536
892	571
892	636
892	656
892	674
892	699
892	713
892	815
892	816
892	899
892	906
892	943
893	30
893	85
893	185
893	252
893	274
893	621
893	700
893	702
893	717
893	723
893	750
893	763
893	788
893	855
893	894
893	993
894	353
894	386
894	441
894	494
894	556
894	573
894	674
894	807
894	823
894	825
894	879
894	893
894	934
894	942
894	991
894	993
895	26
895	130
895	232
895	254
895	350
895	415
895	622
895	714
895	744
895	769
895	793
895	816
895	850
895	853
895	876
895	948
896	203
896	337
896	360
896	430
896	455
896	568
896	691
896	731
896	763
896	784
896	793
896	801
896	814
896	881
896	907
896	981
897	49
897	206
897	394
897	401
897	404
897	678
897	685
897	698
897	716
897	760
897	783
897	840
897	906
897	920
897	953
897	961
898	26
898	218
898	257
898	344
898	461
898	473
898	542
898	647
898	739
898	760
898	800
898	830
898	929
898	937
898	973
898	982
899	48
899	145
899	187
899	216
899	330
899	345
899	366
899	481
899	616
899	706
899	776
899	791
899	892
899	906
899	929
899	976
900	208
900	234
900	390
900	413
900	469
900	531
900	537
900	553
900	742
900	788
900	849
900	911
900	936
900	943
900	965
900	986
901	80
901	183
901	260
901	380
901	631
901	695
901	702
901	717
901	759
901	842
901	846
901	860
901	885
901	929
901	940
901	992
902	155
902	157
902	168
902	318
902	476
902	502
902	530
902	663
902	712
902	768
902	770
902	827
902	963
902	975
902	979
902	998
903	29
903	116
903	203
903	366
903	559
903	565
903	614
903	689
903	833
903	852
903	862
903	922
903	942
903	950
903	957
903	982
903	1000
904	57
904	62
904	125
904	130
904	180
904	235
904	265
904	292
904	307
904	418
904	455
904	745
904	824
904	928
904	938
904	989
904	1000
905	189
905	299
905	420
905	456
905	486
905	539
905	563
905	608
905	618
905	625
905	726
905	789
905	838
905	883
905	885
905	888
905	990
906	62
906	144
906	164
906	200
906	442
906	473
906	477
906	541
906	652
906	660
906	676
906	809
906	847
906	892
906	897
906	899
906	944
907	105
907	154
907	314
907	356
907	398
907	426
907	458
907	470
907	586
907	645
907	707
907	833
907	835
907	896
907	910
907	911
907	975
908	138
908	158
908	255
908	424
908	630
908	703
908	709
908	732
908	797
908	805
908	845
908	890
908	891
908	922
908	923
908	942
908	976
909	50
909	168
909	268
909	342
909	533
909	548
909	553
909	567
909	578
909	667
909	726
909	741
909	746
909	815
909	834
909	848
909	954
910	214
910	227
910	245
910	305
910	343
910	407
910	438
910	555
910	668
910	688
910	710
910	907
910	926
910	941
910	955
910	991
910	996
911	9
911	107
911	275
911	291
911	456
911	504
911	549
911	570
911	628
911	725
911	836
911	856
911	859
911	889
911	900
911	907
911	939
912	31
912	120
912	134
912	138
912	254
912	320
912	413
912	427
912	544
912	560
912	715
912	738
912	781
912	788
912	793
912	830
912	888
913	5
913	47
913	156
913	164
913	388
913	444
913	493
913	496
913	564
913	607
913	622
913	652
913	672
913	806
913	834
913	970
913	973
914	102
914	196
914	199
914	249
914	465
914	742
914	755
914	767
914	810
914	847
914	852
914	873
914	887
914	940
914	942
914	982
914	986
915	141
915	202
915	239
915	317
915	319
915	351
915	410
915	547
915	579
915	595
915	597
915	689
915	718
915	854
915	882
915	951
915	953
916	219
916	310
916	354
916	487
916	517
916	599
916	644
916	646
916	668
916	674
916	757
916	760
916	761
916	784
916	785
916	932
916	941
917	174
917	224
917	437
917	453
917	524
917	541
917	544
917	580
917	700
917	742
917	765
917	786
917	859
917	925
917	947
917	970
917	996
918	78
918	93
918	153
918	514
918	631
918	650
918	781
918	831
918	842
918	864
918	868
918	891
918	919
918	930
918	964
918	968
918	971
919	42
919	265
919	419
919	476
919	524
919	530
919	581
919	602
919	612
919	613
919	649
919	685
919	696
919	713
919	918
919	928
919	948
920	3
920	52
920	58
920	115
920	294
920	383
920	429
920	587
920	620
920	677
920	757
920	825
920	860
920	869
920	897
920	949
920	994
921	147
921	223
921	313
921	317
921	553
921	589
921	594
921	615
921	660
921	718
921	812
921	818
921	880
921	937
921	972
921	976
921	988
922	91
922	235
922	277
922	342
922	418
922	602
922	699
922	772
922	872
922	886
922	903
922	908
922	928
922	936
922	961
922	979
922	991
923	30
923	86
923	113
923	190
923	267
923	405
923	435
923	477
923	628
923	663
923	682
923	772
923	874
923	882
923	908
923	950
923	982
924	79
924	314
924	362
924	492
924	497
924	506
924	512
924	665
924	680
924	731
924	808
924	815
924	840
924	882
924	930
924	958
924	966
925	112
925	274
925	320
925	347
925	488
925	504
925	573
925	584
925	619
925	648
925	671
925	864
925	917
925	939
925	943
925	981
925	988
926	231
926	392
926	418
926	601
926	611
926	620
926	659
926	765
926	805
926	884
926	888
926	910
926	931
926	935
926	968
926	977
926	984
927	99
927	176
927	436
927	613
927	620
927	633
927	664
927	669
927	697
927	758
927	769
927	784
927	787
927	870
927	880
927	957
927	977
928	162
928	287
928	510
928	552
928	572
928	583
928	623
928	632
928	720
928	737
928	741
928	802
928	904
928	919
928	922
928	979
928	984
929	16
929	173
929	213
929	343
929	647
929	712
929	728
929	801
929	835
929	855
929	863
929	898
929	899
929	901
929	958
929	963
929	972
929	995
930	258
930	268
930	316
930	331
930	476
930	530
930	558
930	636
930	645
930	696
930	785
930	827
930	830
930	886
930	889
930	918
930	924
930	992
931	49
931	126
931	153
931	261
931	348
931	488
931	557
931	615
931	678
931	710
931	739
931	769
931	791
931	795
931	865
931	926
931	947
931	983
932	11
932	18
932	27
932	149
932	314
932	369
932	375
932	396
932	717
932	728
932	730
932	735
932	790
932	860
932	877
932	916
932	985
932	996
933	125
933	183
933	254
933	275
933	307
933	369
933	396
933	431
933	546
933	579
933	629
933	725
933	826
933	839
933	863
933	882
933	969
933	976
934	16
934	126
934	133
934	181
934	182
934	297
934	406
934	420
934	516
934	602
934	614
934	711
934	814
934	815
934	838
934	894
934	961
934	968
935	146
935	254
935	277
935	321
935	324
935	624
935	668
935	679
935	682
935	736
935	750
935	784
935	799
935	871
935	926
935	942
935	946
935	952
936	124
936	171
936	287
936	323
936	339
936	370
936	396
936	515
936	667
936	689
936	733
936	739
936	826
936	900
936	922
936	942
936	950
936	985
937	17
937	168
937	221
937	341
937	479
937	549
937	588
937	655
937	666
937	711
937	753
937	824
937	865
937	867
937	898
937	921
937	977
937	989
938	2
938	89
938	101
938	247
938	504
938	520
938	578
938	613
938	625
938	637
938	745
938	790
938	872
938	878
938	881
938	904
938	995
938	997
939	63
939	174
939	224
939	247
939	280
939	433
939	439
939	516
939	539
939	564
939	593
939	603
939	729
939	846
939	911
939	925
939	941
939	951
940	75
940	85
940	253
940	282
940	367
940	550
940	562
940	709
940	715
940	732
940	782
940	869
940	873
940	885
940	901
940	914
940	975
940	990
941	10
941	44
941	82
941	146
941	175
941	200
941	301
941	567
941	596
941	702
941	812
941	871
941	910
941	916
941	939
941	965
941	973
941	974
942	147
942	205
942	377
942	444
942	451
942	532
942	635
942	719
942	754
942	809
942	894
942	903
942	908
942	914
942	935
942	936
942	959
942	963
943	36
943	67
943	85
943	139
943	269
943	326
943	386
943	668
943	699
943	755
943	775
943	786
943	841
943	883
943	892
943	900
943	925
943	945
944	11
944	176
944	361
944	412
944	462
944	481
944	577
944	656
944	666
944	699
944	707
944	767
944	783
944	807
944	841
944	857
944	874
944	906
945	79
945	246
945	348
945	372
945	411
945	472
945	512
945	545
945	635
945	658
945	682
945	683
945	806
945	838
945	847
945	858
945	873
945	943
946	322
946	361
946	430
946	454
946	531
946	607
946	620
946	710
946	778
946	822
946	862
946	935
946	947
946	948
946	970
946	980
946	982
946	989
947	129
947	192
947	231
947	234
947	415
947	520
947	575
947	633
947	686
947	740
947	782
947	796
947	811
947	917
947	931
947	946
947	952
947	969
948	37
948	327
948	344
948	416
948	484
948	678
948	709
948	741
948	799
948	800
948	818
948	832
948	853
948	895
948	919
948	946
948	967
948	996
949	67
949	76
949	81
949	111
949	144
949	284
949	308
949	414
949	529
949	532
949	547
949	634
949	722
949	736
949	812
949	860
949	920
949	986
950	136
950	163
950	341
950	356
950	452
950	470
950	563
950	739
950	754
950	776
950	832
950	880
950	903
950	923
950	936
950	961
950	973
950	974
951	193
951	240
951	245
951	312
951	460
951	525
951	576
951	633
951	645
951	649
951	691
951	738
951	756
951	862
951	890
951	915
951	939
951	966
952	51
952	241
952	261
952	411
952	465
952	664
952	736
952	744
952	764
952	779
952	831
952	837
952	880
952	935
952	947
952	960
952	978
952	999
953	297
953	324
953	338
953	386
953	402
953	534
953	544
953	589
953	613
953	684
953	707
953	774
953	841
953	857
953	897
953	915
953	977
953	996
954	15
954	40
954	70
954	126
954	169
954	181
954	198
954	202
954	264
954	443
954	634
954	703
954	798
954	855
954	867
954	879
954	885
954	909
954	987
955	9
955	429
955	435
955	452
955	566
955	571
955	623
955	661
955	687
955	688
955	740
955	749
955	773
955	784
955	796
955	806
955	849
955	869
955	910
956	19
956	46
956	77
956	90
956	104
956	276
956	413
956	435
956	548
956	559
956	572
956	705
956	719
956	730
956	764
956	781
956	792
956	879
956	993
957	56
957	96
957	99
957	251
957	376
957	510
957	527
957	600
957	632
957	633
957	644
957	654
957	683
957	826
957	877
957	903
957	927
957	986
957	997
958	7
958	8
958	123
958	143
958	263
958	302
958	362
958	431
958	483
958	688
958	698
958	774
958	800
958	857
958	924
958	929
958	968
958	976
958	979
959	52
959	92
959	279
959	316
959	351
959	358
959	388
959	392
959	445
959	579
959	752
959	789
959	821
959	831
959	879
959	942
959	967
959	968
959	983
960	370
960	377
960	425
960	500
960	644
960	682
960	690
960	698
960	699
960	791
960	803
960	824
960	864
960	880
960	952
960	962
960	964
960	969
960	983
961	39
961	92
961	136
961	262
961	279
961	311
961	350
961	369
961	426
961	464
961	592
961	635
961	692
961	808
961	897
961	922
961	934
961	950
961	991
962	24
962	95
962	247
962	272
962	293
962	343
962	353
962	386
962	423
962	483
962	770
962	771
962	772
962	843
962	874
962	880
962	960
962	975
962	991
963	42
963	50
963	301
963	542
963	580
963	721
963	755
963	776
963	788
963	791
963	800
963	806
963	858
963	890
963	902
963	929
963	942
963	970
963	974
964	302
964	414
964	441
964	480
964	519
964	581
964	604
964	667
964	715
964	727
964	759
964	784
964	821
964	872
964	887
964	918
964	960
964	980
964	994
965	79
965	128
965	202
965	244
965	329
965	446
965	512
965	530
965	543
965	551
965	744
965	755
965	763
965	900
965	941
965	973
965	974
965	986
965	996
966	8
966	277
966	321
966	357
966	365
966	396
966	405
966	521
966	552
966	572
966	671
966	704
966	722
966	726
966	825
966	862
966	924
966	951
966	999
967	147
967	215
967	264
967	265
967	320
967	470
967	528
967	578
967	597
967	674
967	715
967	733
967	751
967	752
967	832
967	948
967	959
967	976
967	997
968	17
968	102
968	198
968	321
968	336
968	349
968	405
968	432
968	435
968	484
968	562
968	646
968	866
968	918
968	926
968	934
968	958
968	959
968	992
969	43
969	69
969	77
969	82
969	152
969	436
969	447
969	596
969	627
969	695
969	696
969	716
969	728
969	754
969	857
969	933
969	947
969	960
969	999
970	372
970	501
970	557
970	599
970	677
970	692
970	748
970	751
970	786
970	854
970	864
970	887
970	913
970	917
970	946
970	963
970	975
970	977
970	986
971	15
971	258
971	453
971	500
971	595
971	617
971	685
971	709
971	731
971	734
971	763
971	766
971	792
971	870
971	877
971	878
971	918
971	983
971	984
972	6
972	141
972	161
972	179
972	239
972	269
972	272
972	420
972	505
972	605
972	641
972	658
972	667
972	798
972	872
972	921
972	929
972	977
972	997
973	90
973	101
973	290
973	437
973	620
973	623
973	660
973	670
973	839
973	844
973	863
973	865
973	884
973	898
973	913
973	941
973	950
973	965
973	995
974	108
974	180
974	196
974	281
974	360
974	588
974	672
974	772
974	774
974	795
974	831
974	847
974	853
974	941
974	950
974	963
974	965
974	986
974	994
975	201
975	251
975	256
975	282
975	315
975	353
975	491
975	655
975	665
975	683
975	834
975	876
975	890
975	891
975	902
975	907
975	940
975	962
975	970
976	134
976	181
976	243
976	398
976	423
976	436
976	561
976	694
976	799
976	802
976	806
976	876
976	890
976	899
976	908
976	921
976	933
976	958
976	967
977	183
977	274
977	317
977	490
977	536
977	565
977	708
977	734
977	764
977	775
977	818
977	823
977	854
977	926
977	927
977	937
977	953
977	970
977	972
977	979
978	47
978	315
978	331
978	344
978	458
978	483
978	534
978	542
978	568
978	595
978	600
978	663
978	664
978	755
978	761
978	775
978	805
978	832
978	952
978	992
979	217
979	274
979	294
979	347
979	372
979	471
979	485
979	502
979	742
979	748
979	781
979	803
979	810
979	846
979	875
979	902
979	922
979	928
979	958
979	977
980	252
980	288
980	316
980	339
980	351
980	379
980	491
980	495
980	505
980	534
980	658
980	754
980	769
980	796
980	815
980	816
980	866
980	891
980	946
980	964
981	67
981	98
981	129
981	148
981	212
981	292
981	344
981	447
981	600
981	639
981	640
981	704
981	720
981	769
981	824
981	846
981	865
981	896
981	925
981	989
982	86
982	88
982	133
982	162
982	337
982	357
982	435
982	493
982	680
982	729
982	730
982	747
982	863
982	865
982	891
982	898
982	903
982	914
982	923
982	946
983	151
983	354
983	373
983	465
983	485
983	526
983	538
983	610
983	648
983	790
983	797
983	798
983	805
983	820
983	871
983	931
983	959
983	960
983	971
983	998
984	76
984	291
984	389
984	412
984	540
984	555
984	585
984	598
984	614
984	675
984	735
984	742
984	758
984	794
984	813
984	818
984	831
984	926
984	928
984	971
985	62
985	94
985	276
985	289
985	308
985	374
985	421
985	444
985	506
985	523
985	635
985	648
985	734
985	794
985	811
985	857
985	863
985	872
985	932
985	936
986	95
986	107
986	115
986	391
986	496
986	590
986	606
986	609
986	729
986	811
986	813
986	885
986	900
986	914
986	949
986	957
986	965
986	970
986	974
986	1000
987	53
987	60
987	161
987	168
987	280
987	299
987	344
987	370
987	437
987	484
987	501
987	518
987	662
987	716
987	779
987	819
987	831
987	842
987	853
987	954
988	2
988	138
988	199
988	236
988	285
988	313
988	400
988	454
988	473
988	540
988	583
988	641
988	681
988	779
988	803
988	814
988	885
988	886
988	921
988	925
989	8
989	48
989	81
989	123
989	408
989	502
989	581
989	602
989	612
989	722
989	797
989	810
989	812
989	865
989	878
989	904
989	937
989	946
989	981
989	990
990	6
990	91
990	104
990	122
990	263
990	404
990	467
990	610
990	625
990	626
990	699
990	776
990	806
990	840
990	848
990	865
990	876
990	905
990	940
990	989
991	52
991	99
991	133
991	147
991	291
991	309
991	351
991	427
991	519
991	628
991	674
991	707
991	809
991	852
991	887
991	894
991	910
991	922
991	961
991	962
992	30
992	188
992	223
992	290
992	378
992	416
992	432
992	527
992	632
992	668
992	725
992	729
992	764
992	766
992	825
992	889
992	901
992	930
992	968
992	978
993	25
993	118
993	160
993	255
993	379
993	381
993	530
993	672
993	677
993	689
993	721
993	722
993	736
993	848
993	880
993	893
993	894
993	956
993	996
993	998
994	75
994	167
994	188
994	189
994	270
994	364
994	395
994	468
994	520
994	550
994	554
994	597
994	606
994	701
994	776
994	841
994	891
994	920
994	964
994	974
995	3
995	34
995	189
995	198
995	210
995	240
995	270
995	391
995	412
995	437
995	622
995	708
995	716
995	769
995	861
995	883
995	929
995	938
995	973
995	999
996	94
996	125
996	161
996	338
996	440
996	463
996	496
996	550
996	808
996	832
996	845
996	886
996	887
996	910
996	917
996	932
996	948
996	953
996	965
996	993
997	15
997	42
997	109
997	331
997	336
997	352
997	437
997	448
997	548
997	594
997	619
997	647
997	733
997	785
997	814
997	882
997	938
997	957
997	967
997	972
998	16
998	21
998	99
998	225
998	381
998	421
998	448
998	466
998	593
998	626
998	700
998	829
998	837
998	867
998	873
998	875
998	890
998	902
998	983
998	993
999	15
999	53
999	156
999	206
999	363
999	376
999	386
999	423
999	485
999	543
999	587
999	596
999	657
999	659
999	726
999	818
999	952
999	966
999	969
999	995
1000	8
1000	49
1000	69
1000	73
1000	74
1000	266
1000	433
1000	515
1000	592
1000	596
1000	653
1000	767
1000	771
1000	794
1000	813
1000	873
1000	878
1000	903
1000	904
1000	986
