1	9
2	11
3	7
4	0
5	2
6	11
7	6
8	3
9	1
10	6
11	0
12	8
13	11
14	7
15	5
16	6
17	9
18	8
19	3
20	8
21	8
22	5
23	1
24	10
25	4
26	9
27	11
28	4
29	2
30	1
31	5
32	4
33	4
34	6
35	4
36	2
37	4
38	11
39	7
40	4
41	1
42	4
43	4
44	6
45	5
46	11
47	11
48	7
49	6
50	9
51	0
52	0
53	11
54	10
55	4
56	2
57	6
58	11
59	3
60	8
61	2
62	4
63	6
64	10
65	5
66	7
67	6
68	9
69	4
70	4
71	5
72	6
73	10
74	6
75	2
76	6
77	10
78	11
79	3
80	7
81	7
82	4
83	4
84	2
85	5
86	0
87	7
88	11
89	0
90	0
91	7
92	4
93	8
94	4
95	9
96	7
97	3
98	7
99	9
100	0
101	7
102	1
103	11
104	7
105	1
106	4
107	1
108	9
109	5
110	6
111	10
112	6
113	3
114	0
115	4
116	1
117	11
118	9
119	9
120	7
121	8
122	1
123	7
124	4
125	11
126	7
127	11
128	5
129	0
130	3
131	0
132	11
133	6
134	8
135	8
136	6
137	11
138	8
139	7
140	5
141	9
142	9
143	4
144	11
145	4
146	11
147	2
148	7
149	11
150	4
151	2
152	7
153	7
154	6
155	4
156	6
157	3
158	6
159	4
160	5
161	8
162	1
163	10
164	6
165	5
166	0
167	7
168	4
169	3
170	3
171	0
172	11
173	0
174	7
175	8
176	11
177	11
178	4
179	5
180	6
181	0
182	0
183	4
184	7
185	0
186	4
187	8
188	1
189	4
190	4
191	5
192	1
193	4
194	0
195	0
196	7
197	7
198	11
199	11
200	8
201	7
202	10
203	8
204	5
205	0
206	3
207	7
208	7
209	3
210	4
211	7
212	9
213	0
214	11
215	9
216	2
217	0
218	0
219	9
220	4
221	3
222	0
223	7
224	5
225	6
226	3
227	6
228	0
229	8
230	3
231	4
232	2
233	0
234	0
235	1
236	2
237	8
238	9
239	6
240	11
241	6
242	0
243	6
244	2
245	11
246	1
247	4
248	11
249	4
250	4
251	1
252	10
253	8
254	6
255	2
256	8
257	6
258	1
259	7
260	4
261	7
262	10
263	0
264	4
265	11
266	10
267	1
268	3
269	10
270	4
271	5
272	11
273	1
274	8
275	4
276	1
277	10
278	9
279	8
280	2
281	4
282	2
283	11
284	7
285	7
286	8
287	9
288	4
289	2
290	0
291	9
292	7
293	5
294	2
295	5
296	0
297	2
298	7
299	8
300	6
301	0
302	11
303	1
304	4
305	10
306	9
307	2
308	5
309	1
310	5
311	7
312	4
313	6
314	8
315	7
316	7
317	7
318	0
319	2
320	3
321	4
322	8
323	8
324	11
325	0
326	1
327	1
328	5
329	2
330	7
331	11
332	5
333	4
334	11
335	1
336	1
337	7
338	0
339	7
340	3
341	0
342	4
343	5
344	0
345	7
346	1
347	2
348	5
349	1
350	0
351	11
352	0
353	0
354	9
355	11
356	3
357	8
358	0
359	6
360	9
361	3
362	11
363	5
364	4
365	8
366	0
367	8
368	7
369	3
370	9
371	7
372	0
373	5
374	9
375	1
376	10
377	11
378	0
379	4
380	11
381	7
382	10
383	8
384	9
385	0
386	0
387	7
388	7
389	5
390	10
391	8
392	7
393	0
394	1
395	9
396	2
397	0
398	0
399	7
400	9
401	0
402	7
403	0
404	0
405	7
406	6
407	0
408	11
409	6
410	10
411	10
412	11
413	5
414	0
415	11
416	1
417	5
418	7
419	0
420	4
421	5
422	0
423	5
424	2
425	11
426	6
427	9
428	7
429	3
430	0
431	4
432	4
433	4
434	2
435	7
436	0
437	6
438	4
439	8
440	5
441	10
442	7
443	0
444	7
445	0
446	6
447	7
448	6
449	10
450	0
451	5
452	3
453	8
454	11
455	9
456	0
457	5
458	9
459	0
460	0
461	6
462	0
463	7
464	6
465	5
466	7
467	9
468	9
469	9
470	11
471	7
472	10
473	4
474	0
475	1
476	4
477	6
478	9
479	2
480	5
481	4
482	1
483	8
484	0
485	6
486	4
487	3
488	7
489	4
490	4
491	3
492	3
493	1
494	1
495	7
496	10
497	2
498	4
499	1
500	8
501	2
502	0
503	8
504	11
505	7
506	4
507	8
508	0
509	7
510	6
511	0
512	6
513	0
514	7
515	0
516	5
517	11
518	4
519	4
520	8
521	11
522	7
523	9
524	6
525	4
526	11
527	0
528	7
529	1
530	8
531	11
532	8
533	5
534	3
535	7
536	11
537	1
538	0
539	2
540	8
541	5
542	6
543	2
544	4
545	2
546	8
547	0
548	7
549	6
550	10
551	8
552	11
553	1
554	10
555	10
556	2
557	8
558	1
559	8
560	10
561	0
562	9
563	6
564	4
565	11
566	7
567	0
568	9
569	5
570	6
571	2
572	4
573	10
574	7
575	0
576	6
577	7
578	2
579	4
580	2
581	11
582	10
583	9
584	1
585	7
586	7
587	0
588	6
589	2
590	7
591	8
592	10
593	4
594	5
595	4
596	1
597	3
598	1
599	7
600	5
601	0
602	0
603	8
604	4
605	5
606	0
607	4
608	8
609	8
610	3
611	10
612	3
613	6
614	7
615	8
616	5
617	4
618	10
619	2
620	7
621	6
622	9
623	11
624	0
625	0
626	5
627	3
628	7
629	0
630	7
631	5
632	5
633	0
634	6
635	3
636	4
637	0
638	7
639	1
640	0
641	0
642	8
643	11
644	7
645	6
646	7
647	0
648	0
649	8
650	4
651	0
652	1
653	1
654	1
655	0
656	4
657	7
658	8
659	2
660	10
661	1
662	10
663	4
664	9
665	11
666	1
667	11
668	1
669	11
670	11
671	0
672	11
673	5
674	8
675	5
676	1
677	3
678	1
679	4
680	0
681	4
682	6
683	2
684	0
685	0
686	0
687	11
688	9
689	1
690	11
691	2
692	0
693	4
694	6
695	5
696	11
697	4
698	8
699	3
700	9
701	3
702	7
703	2
704	11
705	3
706	11
707	5
708	0
709	1
710	7
711	4
712	0
713	7
714	9
715	0
716	6
717	4
718	3
719	3
720	11
721	7
722	9
723	0
724	9
725	7
726	4
727	3
728	11
729	7
730	11
731	9
732	10
733	10
734	11
735	7
736	7
737	0
738	0
739	2
740	1
741	5
742	5
743	9
744	11
745	4
746	2
747	8
748	11
749	11
750	10
751	10
752	7
753	1
754	0
755	1
756	8
757	8
758	8
759	6
760	11
761	4
762	8
763	1
764	8
765	2
766	11
767	3
768	0
769	11
770	6
771	6
772	8
773	2
774	4
775	6
776	2
777	2
778	1
779	4
780	9
781	11
782	7
783	7
784	6
785	0
786	5
787	7
788	10
789	2
790	7
791	5
792	3
793	1
794	11
795	0
796	0
797	8
798	8
799	7
800	6
801	2
802	0
803	3
804	7
805	7
806	0
807	3
808	5
809	4
810	5
811	6
812	7
813	0
814	0
815	4
816	8
817	4
818	4
819	1
820	11
821	11
822	6
823	4
824	5
825	3
826	8
827	7
828	11
829	2
830	2
831	3
832	11
833	0
834	8
835	11
836	0
837	0
838	1
839	9
840	6
841	7
842	5
843	6
844	9
845	7
846	7
847	2
848	8
849	11
850	4
851	2
852	5
853	0
854	8
855	8
856	0
857	8
858	7
859	5
860	10
861	4
862	11
863	10
864	10
865	4
866	7
867	10
868	6
869	3
870	0
871	2
872	8
873	0
874	6
875	8
876	4
877	9
878	4
879	1
880	1
881	7
882	3
883	5
884	0
885	10
886	6
887	0
888	11
889	9
890	7
891	6
892	4
893	0
894	7
895	11
896	4
897	0
898	11
899	5
900	9
901	10
902	7
903	9
904	4
905	2
906	0
907	6
908	0
909	3
910	6
911	3
912	8
913	4
914	7
915	8
916	3
917	8
918	4
919	7
920	9
921	5
922	0
923	5
924	6
925	9
926	4
927	7
928	1
929	7
930	7
931	5
932	0
933	8
934	9
935	11
936	2
937	11
938	5
939	1
940	0
941	10
942	7
943	10
944	7
945	3
946	1
947	6
948	7
949	4
950	11
951	7
952	10
953	3
954	2
955	6
956	6
957	11
958	11
959	11
960	4
961	2
962	10
963	2
964	2
965	5
966	6
967	9
968	8
969	8
970	0
971	6
972	4
973	0
974	6
975	11
976	6
977	11
978	11
979	8
980	9
981	7
982	7
983	11
984	10
985	0
986	7
987	9
988	4
989	2
990	7
991	8
992	7
993	0
994	7
995	8
996	1
997	2
998	7
999	8
1000	1
