1	4
2	6
3	3
4	5
5	6
6	2
7	5
8	5
9	3
10	3
11	6
12	7
13	1
14	3
15	7
16	4
17	4
18	3
19	4
20	3
21	2
22	4
23	5
24	2
25	1
26	3
27	5
28	4
29	7
30	0
31	8
32	2
33	2
34	0
35	0
36	7
37	5
38	6
39	3
40	2
41	0
42	1
43	3
44	3
45	1
46	3
47	1
48	6
49	6
50	1
51	4
52	5
53	2
54	1
55	5
56	6
57	5
58	0
59	6
60	2
61	6
62	5
63	1
64	1
65	0
66	5
67	4
68	4
69	0
70	6
71	5
72	0
73	5
74	6
75	7
76	3
77	6
78	4
79	3
80	5
81	2
82	2
83	6
84	5
85	1
86	6
87	5
88	2
89	3
90	1
91	1
92	2
93	1
94	0
95	0
96	3
97	0
98	0
99	0
100	2
101	3
102	5
103	2
104	1
105	5
106	5
107	2
108	3
109	5
110	1
111	4
112	2
113	0
114	7
115	3
116	2
117	4
118	0
119	1
120	8
121	5
122	2
123	1
124	3
125	1
126	0
127	0
128	1
129	4
130	2
131	1
132	1
133	2
134	0
135	5
136	3
137	1
138	6
139	0
140	5
141	3
142	0
143	4
144	3
145	0
146	4
147	0
148	0
149	6
150	0
151	6
152	1
153	0
154	4
155	6
156	5
157	1
158	1
159	0
160	1
161	5
162	1
163	3
164	2
165	5
166	6
167	5
168	1
169	2
170	0
171	1
172	6
173	2
174	3
175	6
176	2
177	0
178	8
179	6
180	1
181	7
182	7
183	2
184	5
185	8
186	0
187	0
188	5
189	1
190	5
191	1
192	3
193	0
194	8
195	2
196	3
197	4
198	8
199	2
200	0
201	3
202	3
203	1
204	2
205	2
206	3
207	0
208	0
209	2
210	1
211	8
212	3
213	5
214	7
215	6
216	0
217	3
218	2
219	2
220	1
221	2
222	6
223	2
224	4
225	2
226	8
227	5
228	8
229	1
230	0
231	5
232	0
233	0
234	0
235	4
236	7
237	4
238	0
239	7
240	7
241	5
242	5
243	1
244	5
245	8
246	0
247	0
248	1
249	1
250	0
251	4
252	2
253	0
254	8
255	0
256	3
257	5
258	3
259	3
260	6
261	4
262	7
263	5
264	7
265	5
266	2
267	6
268	3
269	5
270	5
271	3
272	0
273	3
274	1
275	1
276	5
277	1
278	2
279	0
280	5
281	5
282	6
283	5
284	0
285	3
286	1
287	2
288	3
289	3
290	1
291	2
292	2
293	5
294	2
295	3
296	1
297	3
298	6
299	4
300	0
301	7
302	0
303	4
304	0
305	0
306	1
307	6
308	1
309	4
310	6
311	0
312	6
313	0
314	2
315	3
316	0
317	8
318	3
319	6
320	1
321	2
322	1
323	5
324	5
325	4
326	4
327	5
328	6
329	4
330	5
331	0
332	1
333	3
334	0
335	6
336	1
337	0
338	0
339	1
340	0
341	3
342	4
343	5
344	0
345	0
346	1
347	2
348	7
349	4
350	1
351	5
352	2
353	2
354	1
355	3
356	1
357	0
358	7
359	3
360	2
361	5
362	4
363	5
364	3
365	3
366	4
367	7
368	8
369	7
370	7
371	1
372	1
373	1
374	5
375	2
376	2
377	3
378	1
379	0
380	0
381	4
382	3
383	6
384	2
385	3
386	2
387	2
388	7
389	4
390	3
391	4
392	0
393	3
394	4
395	6
396	1
397	3
398	7
399	5
400	2
401	1
402	1
403	1
404	6
405	1
406	1
407	7
408	0
409	0
410	0
411	2
412	5
413	5
414	3
415	2
416	1
417	2
418	0
419	6
420	0
421	2
422	1
423	0
424	5
425	7
426	5
427	5
428	5
429	8
430	1
431	0
432	7
433	5
434	2
435	6
436	0
437	3
438	2
439	7
440	2
441	0
442	3
443	0
444	8
445	4
446	1
447	0
448	1
449	1
450	1
451	8
452	8
453	5
454	0
455	6
456	3
457	2
458	0
459	1
460	8
461	0
462	1
463	2
464	4
465	4
466	2
467	5
468	1
469	4
470	7
471	5
472	1
473	5
474	1
475	6
476	5
477	7
478	8
479	5
480	2
481	6
482	4
483	3
484	5
485	0
486	2
487	2
488	4
489	4
490	1
491	0
492	3
493	2
494	6
495	8
496	4
497	5
498	6
499	5
500	1
501	5
502	2
503	0
504	4
505	0
506	0
507	4
508	1
509	3
510	6
511	0
512	4
513	7
514	4
515	0
516	7
517	0
518	0
519	3
520	4
521	0
522	0
523	5
524	6
525	5
526	0
527	0
528	1
529	5
530	5
531	2
532	6
533	2
534	5
535	3
536	4
537	5
538	4
539	5
540	1
541	3
542	3
543	3
544	2
545	0
546	6
547	2
548	2
549	4
550	7
551	7
552	3
553	0
554	0
555	1
556	8
557	1
558	3
559	5
560	1
561	2
562	0
563	6
564	6
565	0
566	6
567	2
568	5
569	5
570	4
571	4
572	1
573	3
574	0
575	4
576	2
577	2
578	0
579	6
580	6
581	2
582	8
583	6
584	1
585	1
586	1
587	5
588	8
589	1
590	7
591	0
592	8
593	4
594	0
595	4
596	3
597	0
598	0
599	5
600	2
601	4
602	8
603	0
604	0
605	5
606	5
607	2
608	1
609	0
610	6
611	7
612	2
613	2
614	8
615	0
616	0
617	7
618	5
619	1
620	1
621	3
622	2
623	1
624	4
625	8
626	2
627	4
628	0
629	1
630	4
631	0
632	0
633	1
634	5
635	1
636	3
637	6
638	6
639	0
640	1
641	5
642	7
643	5
644	0
645	0
646	3
647	5
648	7
649	0
650	0
651	6
652	1
653	0
654	2
655	6
656	2
657	5
658	7
659	1
660	2
661	6
662	3
663	1
664	7
665	1
666	8
667	4
668	1
669	0
670	8
671	2
672	5
673	2
674	7
675	1
676	0
677	3
678	0
679	8
680	0
681	4
682	3
683	3
684	1
685	6
686	2
687	3
688	1
689	2
690	3
691	6
692	1
693	7
694	7
695	0
696	3
697	3
698	1
699	5
700	6
701	7
702	7
703	3
704	5
705	1
706	3
707	1
708	6
709	4
710	4
711	4
712	4
713	4
714	2
715	6
716	2
717	1
718	7
719	4
720	7
721	5
722	1
723	5
724	0
725	4
726	7
727	0
728	1
729	8
730	1
731	2
732	0
733	8
734	6
735	6
736	7
737	3
738	0
739	6
740	7
741	3
742	1
743	6
744	3
745	6
746	1
747	1
748	2
749	0
750	5
751	2
752	0
753	4
754	1
755	2
756	6
757	8
758	5
759	7
760	2
761	8
762	3
763	6
764	0
765	0
766	4
767	5
768	8
769	0
770	6
771	3
772	1
773	2
774	4
775	0
776	1
777	4
778	0
779	5
780	6
781	1
782	0
783	2
784	1
785	5
786	6
787	0
788	3
789	5
790	0
791	5
792	7
793	0
794	4
795	1
796	0
797	6
798	1
799	6
800	4
801	3
802	1
803	5
804	1
805	1
806	2
807	8
808	5
809	4
810	1
811	6
812	1
813	3
814	0
815	0
816	6
817	2
818	0
819	7
820	5
821	4
822	2
823	0
824	3
825	0
826	2
827	2
828	3
829	1
830	1
831	7
832	3
833	5
834	0
835	8
836	0
837	0
838	2
839	1
840	1
841	1
842	1
843	3
844	8
845	5
846	0
847	2
848	5
849	3
850	5
851	4
852	0
853	1
854	1
855	2
856	5
857	7
858	5
859	5
860	0
861	0
862	0
863	5
864	7
865	1
866	1
867	5
868	2
869	2
870	0
871	3
872	0
873	5
874	1
875	5
876	1
877	1
878	0
879	5
880	3
881	1
882	6
883	1
884	0
885	1
886	1
887	7
888	0
889	2
890	7
891	1
892	0
893	1
894	2
895	4
896	7
897	7
898	2
899	2
900	2
901	0
902	7
903	5
904	4
905	1
906	4
907	4
908	7
909	1
910	7
911	0
912	7
913	5
914	5
915	1
916	5
917	5
918	8
919	0
920	1
921	0
922	0
923	3
924	3
925	6
926	8
927	5
928	3
929	2
930	2
931	5
932	8
933	7
934	1
935	5
936	5
937	2
938	7
939	3
940	0
941	5
942	0
943	4
944	6
945	4
946	1
947	3
948	7
949	1
950	5
951	0
952	3
953	1
954	2
955	6
956	0
957	4
958	6
959	4
960	2
961	2
962	1
963	8
964	1
965	1
966	1
967	0
968	3
969	0
970	4
971	5
972	3
973	8
974	6
975	0
976	6
977	4
978	1
979	4
980	5
981	2
982	5
983	4
984	1
985	8
986	7
987	3
988	4
989	3
990	3
991	6
992	5
993	1
994	2
995	4
996	5
997	5
998	6
999	0
1000	4
