1	9
2	3
3	5
4	0
5	1
6	0
7	5
8	3
9	9
10	6
11	1
12	4
13	1
14	8
15	1
16	5
17	4
18	1
19	1
20	3
21	10
22	7
23	6
24	3
25	4
26	1
27	0
28	7
29	3
30	10
31	10
32	3
33	0
34	1
35	8
36	8
37	7
38	2
39	7
40	1
41	10
42	2
43	4
44	5
45	4
46	6
47	0
48	1
49	1
50	4
51	5
52	1
53	7
54	7
55	3
56	4
57	2
58	4
59	3
60	1
61	0
62	4
63	1
64	0
65	5
66	7
67	7
68	9
69	10
70	4
71	10
72	7
73	7
74	5
75	0
76	7
77	1
78	1
79	7
80	4
81	7
82	2
83	7
84	3
85	2
86	5
87	0
88	4
89	4
90	4
91	5
92	1
93	0
94	1
95	3
96	4
97	10
98	1
99	3
100	10
101	2
102	3
103	2
104	0
105	10
106	2
107	8
108	4
109	4
110	2
111	7
112	4
113	3
114	7
115	3
116	2
117	0
118	6
119	1
120	7
121	0
122	3
123	3
124	7
125	3
126	5
127	3
128	2
129	3
130	6
131	1
132	9
133	2
134	8
135	2
136	8
137	2
138	4
139	3
140	3
141	3
142	10
143	4
144	7
145	7
146	5
147	3
148	3
149	4
150	2
151	4
152	9
153	10
154	3
155	10
156	6
157	2
158	1
159	1
160	3
161	8
162	7
163	3
164	8
165	2
166	7
167	4
168	3
169	1
170	7
171	3
172	1
173	6
174	3
175	4
176	3
177	2
178	2
179	10
180	7
181	1
182	3
183	2
184	7
185	7
186	1
187	6
188	7
189	1
190	1
191	7
192	10
193	2
194	1
195	1
196	1
197	6
198	2
199	3
200	6
201	3
202	1
203	2
204	1
205	7
206	3
207	3
208	1
209	6
210	4
211	1
212	2
213	2
214	10
215	3
216	6
217	6
218	8
219	0
220	4
221	2
222	3
223	2
224	1
225	10
226	2
227	8
228	10
229	8
230	10
231	0
232	9
233	4
234	3
235	1
236	4
237	3
238	3
239	3
240	6
241	9
242	0
243	7
244	3
245	0
246	3
247	6
248	2
249	3
250	6
251	2
252	1
253	6
254	7
255	3
256	4
257	3
258	1
259	2
260	2
261	5
262	0
263	9
264	2
265	3
266	4
267	3
268	3
269	6
270	7
271	6
272	4
273	7
274	7
275	8
276	1
277	7
278	0
279	2
280	4
281	2
282	8
283	5
284	2
285	5
286	1
287	2
288	1
289	1
290	1
291	6
292	7
293	7
294	3
295	8
296	8
297	0
298	8
299	3
300	10
301	3
302	8
303	8
304	10
305	1
306	7
307	2
308	8
309	6
310	2
311	9
312	5
313	1
314	1
315	2
316	1
317	7
318	1
319	10
320	0
321	5
322	2
323	7
324	2
325	1
326	2
327	7
328	1
329	4
330	1
331	2
332	3
333	4
334	4
335	6
336	1
337	5
338	0
339	9
340	4
341	3
342	0
343	5
344	0
345	3
346	2
347	3
348	1
349	9
350	6
351	7
352	7
353	5
354	5
355	3
356	3
357	7
358	7
359	3
360	4
361	4
362	8
363	3
364	4
365	10
366	1
367	9
368	3
369	6
370	9
371	3
372	4
373	3
374	7
375	3
376	7
377	9
378	6
379	3
380	4
381	4
382	4
383	8
384	7
385	1
386	4
387	3
388	7
389	2
390	0
391	6
392	3
393	10
394	5
395	0
396	3
397	6
398	4
399	3
400	10
401	6
402	3
403	0
404	6
405	1
406	2
407	5
408	3
409	3
410	3
411	1
412	3
413	7
414	7
415	3
416	2
417	4
418	7
419	4
420	0
421	1
422	7
423	10
424	8
425	4
426	4
427	3
428	4
429	0
430	0
431	4
432	3
433	10
434	2
435	4
436	1
437	1
438	9
439	10
440	10
441	3
442	0
443	2
444	5
445	3
446	3
447	2
448	1
449	3
450	2
451	1
452	2
453	6
454	2
455	8
456	4
457	4
458	2
459	4
460	1
461	1
462	4
463	10
464	4
465	3
466	1
467	6
468	3
469	1
470	8
471	7
472	7
473	5
474	8
475	3
476	2
477	3
478	3
479	6
480	7
481	5
482	3
483	3
484	2
485	6
486	3
487	1
488	4
489	2
490	4
491	7
492	8
493	2
494	1
495	3
496	4
497	2
498	7
499	7
500	10
501	8
502	2
503	4
504	2
505	4
506	0
507	2
508	2
509	2
510	6
511	2
512	0
513	2
514	1
515	2
516	0
517	1
518	3
519	10
520	10
521	8
522	7
523	3
524	1
525	6
526	6
527	2
528	2
529	6
530	9
531	7
532	7
533	2
534	6
535	2
536	2
537	2
538	2
539	2
540	7
541	3
542	1
543	1
544	9
545	8
546	2
547	4
548	6
549	2
550	5
551	2
552	0
553	1
554	6
555	1
556	2
557	3
558	3
559	4
560	3
561	7
562	2
563	2
564	7
565	1
566	1
567	4
568	2
569	10
570	10
571	5
572	7
573	2
574	2
575	4
576	3
577	9
578	2
579	4
580	10
581	10
582	8
583	6
584	2
585	7
586	3
587	3
588	9
589	10
590	2
591	7
592	3
593	2
594	3
595	1
596	0
597	4
598	3
599	10
600	2
601	2
602	3
603	1
604	0
605	1
606	8
607	4
608	3
609	1
610	3
611	2
612	6
613	1
614	5
615	6
616	3
617	10
618	1
619	1
620	2
621	7
622	6
623	1
624	8
625	2
626	3
627	2
628	3
629	7
630	10
631	6
632	9
633	5
634	3
635	4
636	4
637	3
638	3
639	3
640	2
641	1
642	7
643	8
644	2
645	0
646	3
647	8
648	9
649	3
650	8
651	4
652	5
653	3
654	4
655	4
656	4
657	2
658	7
659	1
660	6
661	1
662	4
663	3
664	6
665	7
666	4
667	3
668	4
669	9
670	0
671	0
672	10
673	1
674	7
675	1
676	3
677	7
678	3
679	6
680	3
681	3
682	3
683	1
684	1
685	1
686	1
687	1
688	8
689	0
690	2
691	2
692	7
693	2
694	2
695	7
696	4
697	3
698	1
699	8
700	0
701	1
702	9
703	8
704	4
705	4
706	6
707	3
708	3
709	8
710	3
711	4
712	3
713	0
714	8
715	10
716	9
717	5
718	1
719	1
720	2
721	4
722	7
723	2
724	7
725	4
726	1
727	1
728	2
729	6
730	5
731	2
732	10
733	8
734	6
735	3
736	3
737	0
738	2
739	4
740	3
741	7
742	0
743	6
744	1
745	3
746	10
747	7
748	2
749	1
750	2
751	6
752	2
753	7
754	5
755	2
756	2
757	4
758	2
759	7
760	10
761	1
762	9
763	2
764	1
765	10
766	4
767	1
768	4
769	0
770	9
771	3
772	7
773	7
774	7
775	4
776	1
777	1
778	8
779	2
780	9
781	5
782	5
783	1
784	4
785	9
786	10
787	3
788	0
789	1
790	6
791	2
792	1
793	9
794	7
795	4
796	0
797	3
798	7
799	10
800	1
801	4
802	10
803	10
804	3
805	3
806	0
807	0
808	3
809	10
810	6
811	7
812	2
813	3
814	1
815	4
816	8
817	7
818	0
819	1
820	3
821	9
822	10
823	2
824	3
825	6
826	2
827	8
828	2
829	3
830	7
831	3
832	1
833	7
834	0
835	7
836	5
837	1
838	5
839	1
840	6
841	2
842	0
843	3
844	3
845	6
846	3
847	10
848	2
849	3
850	0
851	8
852	3
853	2
854	4
855	10
856	6
857	6
858	3
859	10
860	6
861	3
862	2
863	7
864	3
865	7
866	9
867	3
868	4
869	1
870	2
871	8
872	3
873	1
874	3
875	8
876	2
877	3
878	4
879	2
880	7
881	1
882	6
883	3
884	5
885	4
886	0
887	8
888	4
889	1
890	8
891	4
892	1
893	10
894	7
895	3
896	1
897	10
898	4
899	7
900	1
901	6
902	2
903	3
904	5
905	4
906	5
907	0
908	10
909	4
910	3
911	4
912	8
913	2
914	1
915	3
916	4
917	6
918	5
919	4
920	7
921	8
922	1
923	9
924	4
925	3
926	7
927	4
928	2
929	1
930	1
931	10
932	8
933	7
934	3
935	2
936	10
937	5
938	3
939	7
940	4
941	3
942	5
943	1
944	4
945	5
946	3
947	7
948	3
949	6
950	1
951	8
952	3
953	3
954	4
955	7
956	2
957	1
958	3
959	10
960	0
961	10
962	4
963	3
964	2
965	6
966	8
967	3
968	3
969	1
970	4
971	0
972	2
973	3
974	7
975	9
976	10
977	9
978	8
979	5
980	5
981	7
982	4
983	10
984	7
985	9
986	7
987	6
988	10
989	2
990	3
991	2
992	6
993	3
994	0
995	7
996	2
997	3
998	4
999	3
1000	6
