1	4
2	1
3	6
4	3
5	5
6	7
7	0
8	2
9	5
10	1
11	4
12	1
13	4
14	5
15	0
16	7
17	2
18	7
19	6
20	1
21	3
22	2
23	0
24	1
25	6
26	6
27	0
28	6
29	6
30	3
31	3
32	4
33	2
34	0
35	1
36	5
37	6
38	0
39	2
40	1
41	5
42	4
43	4
44	2
45	3
46	3
47	3
48	1
49	4
50	3
51	5
52	1
53	5
54	3
55	4
56	4
57	1
58	1
59	5
60	0
61	2
62	6
63	3
64	0
65	1
66	3
67	0
68	3
69	4
70	2
71	6
72	4
73	3
74	6
75	4
76	4
77	7
78	5
79	2
80	0
81	6
82	7
83	6
84	6
85	0
86	6
87	3
88	1
89	3
90	7
91	3
92	0
93	4
94	1
95	1
96	6
97	3
98	0
99	2
100	2
101	6
102	3
103	1
104	1
105	7
106	0
107	0
108	6
109	1
110	5
111	6
112	6
113	0
114	7
115	6
116	0
117	0
118	3
119	0
120	0
121	6
122	0
123	0
124	6
125	4
126	2
127	2
128	2
129	4
130	4
131	5
132	5
133	7
134	1
135	7
136	2
137	2
138	3
139	7
140	3
141	5
142	0
143	2
144	7
145	4
146	3
147	6
148	3
149	2
150	2
151	3
152	5
153	0
154	7
155	4
156	4
157	6
158	3
159	7
160	0
161	3
162	4
163	4
164	3
165	6
166	3
167	2
168	2
169	4
170	1
171	2
172	7
173	2
174	5
175	4
176	4
177	7
178	6
179	0
180	2
181	2
182	4
183	7
184	3
185	6
186	6
187	2
188	2
189	5
190	3
191	1
192	3
193	0
194	5
195	5
196	3
197	2
198	0
199	6
200	2
201	5
202	2
203	2
204	1
205	3
206	3
207	3
208	4
209	6
210	3
211	7
212	6
213	2
214	5
215	7
216	1
217	1
218	1
219	1
220	3
221	2
222	0
223	1
224	3
225	6
226	0
227	3
228	2
229	6
230	6
231	4
232	1
233	0
234	5
235	4
236	3
237	3
238	2
239	7
240	3
241	5
242	1
243	6
244	4
245	0
246	3
247	3
248	1
249	5
250	1
251	3
252	2
253	3
254	1
255	3
256	6
257	2
258	3
259	2
260	3
261	6
262	3
263	2
264	3
265	1
266	5
267	6
268	0
269	2
270	3
271	4
272	2
273	1
274	6
275	1
276	6
277	3
278	6
279	3
280	2
281	3
282	6
283	4
284	1
285	3
286	1
287	0
288	1
289	4
290	4
291	1
292	4
293	4
294	2
295	5
296	1
297	0
298	5
299	2
300	0
301	4
302	3
303	1
304	3
305	2
306	5
307	6
308	3
309	5
310	1
311	3
312	3
313	3
314	2
315	3
316	2
317	6
318	7
319	3
320	2
321	2
322	6
323	3
324	0
325	6
326	4
327	1
328	6
329	6
330	3
331	0
332	4
333	1
334	4
335	2
336	0
337	1
338	3
339	5
340	2
341	4
342	5
343	1
344	0
345	5
346	2
347	3
348	4
349	2
350	5
351	6
352	4
353	0
354	3
355	6
356	4
357	4
358	1
359	1
360	3
361	1
362	6
363	6
364	1
365	4
366	3
367	5
368	1
369	6
370	0
371	2
372	5
373	1
374	5
375	0
376	2
377	2
378	6
379	4
380	2
381	5
382	4
383	7
384	4
385	1
386	3
387	4
388	5
389	0
390	6
391	0
392	2
393	0
394	6
395	3
396	2
397	4
398	3
399	7
400	2
401	0
402	6
403	2
404	2
405	1
406	0
407	3
408	3
409	7
410	1
411	4
412	6
413	1
414	2
415	4
416	6
417	4
418	3
419	7
420	0
421	2
422	3
423	6
424	2
425	0
426	7
427	6
428	6
429	1
430	2
431	0
432	0
433	1
434	0
435	2
436	2
437	1
438	4
439	2
440	6
441	1
442	0
443	1
444	7
445	6
446	4
447	2
448	3
449	7
450	4
451	2
452	3
453	2
454	3
455	3
456	3
457	2
458	5
459	6
460	6
461	0
462	4
463	4
464	4
465	4
466	4
467	1
468	4
469	6
470	0
471	2
472	6
473	4
474	3
475	3
476	3
477	3
478	1
479	1
480	4
481	7
482	6
483	0
484	2
485	4
486	5
487	0
488	3
489	1
490	3
491	7
492	0
493	3
494	0
495	3
496	6
497	1
498	3
499	2
500	3
501	5
502	5
503	2
504	1
505	7
506	0
507	1
508	3
509	4
510	4
511	1
512	2
513	3
514	2
515	6
516	3
517	1
518	6
519	0
520	2
521	2
522	3
523	3
524	6
525	6
526	0
527	3
528	2
529	0
530	1
531	1
532	1
533	5
534	3
535	4
536	3
537	3
538	0
539	2
540	2
541	0
542	1
543	4
544	0
545	1
546	0
547	1
548	3
549	4
550	0
551	5
552	3
553	0
554	4
555	5
556	7
557	5
558	1
559	0
560	0
561	5
562	6
563	3
564	4
565	5
566	6
567	0
568	1
569	2
570	2
571	1
572	1
573	2
574	6
575	6
576	2
577	3
578	3
579	4
580	5
581	6
582	4
583	4
584	6
585	2
586	7
587	6
588	1
589	0
590	1
591	3
592	2
593	6
594	1
595	2
596	2
597	7
598	7
599	0
600	4
601	2
602	2
603	6
604	6
605	0
606	3
607	0
608	6
609	5
610	3
611	0
612	3
613	4
614	6
615	5
616	4
617	6
618	2
619	6
620	2
621	6
622	4
623	4
624	3
625	1
626	1
627	4
628	1
629	0
630	0
631	6
632	6
633	4
634	2
635	3
636	0
637	6
638	2
639	6
640	1
641	2
642	2
643	5
644	6
645	3
646	5
647	1
648	1
649	3
650	6
651	2
652	3
653	5
654	4
655	0
656	0
657	4
658	4
659	3
660	4
661	0
662	3
663	6
664	4
665	0
666	6
667	1
668	6
669	6
670	0
671	5
672	6
673	5
674	1
675	3
676	6
677	0
678	3
679	1
680	0
681	1
682	1
683	5
684	0
685	6
686	6
687	6
688	2
689	1
690	6
691	4
692	2
693	2
694	2
695	3
696	0
697	3
698	4
699	6
700	0
701	3
702	7
703	1
704	3
705	0
706	5
707	4
708	6
709	3
710	1
711	1
712	5
713	6
714	5
715	2
716	1
717	6
718	6
719	6
720	6
721	3
722	1
723	2
724	0
725	1
726	0
727	2
728	2
729	0
730	5
731	7
732	0
733	3
734	4
735	6
736	7
737	2
738	1
739	3
740	6
741	2
742	6
743	3
744	1
745	7
746	3
747	3
748	4
749	3
750	4
751	6
752	4
753	6
754	2
755	3
756	2
757	7
758	0
759	4
760	5
761	5
762	0
763	1
764	5
765	1
766	3
767	3
768	6
769	4
770	0
771	7
772	7
773	2
774	2
775	7
776	2
777	4
778	2
779	4
780	2
781	2
782	2
783	3
784	4
785	0
786	3
787	5
788	3
789	2
790	5
791	3
792	4
793	4
794	6
795	3
796	0
797	0
798	1
799	3
800	6
801	0
802	6
803	3
804	6
805	0
806	3
807	3
808	1
809	4
810	4
811	0
812	0
813	6
814	3
815	2
816	0
817	6
818	4
819	1
820	6
821	1
822	0
823	4
824	6
825	6
826	2
827	2
828	2
829	7
830	6
831	3
832	1
833	4
834	7
835	7
836	2
837	4
838	0
839	4
840	3
841	0
842	3
843	2
844	2
845	3
846	4
847	6
848	2
849	0
850	4
851	3
852	3
853	0
854	1
855	5
856	3
857	2
858	2
859	2
860	4
861	0
862	7
863	3
864	4
865	0
866	2
867	1
868	5
869	6
870	0
871	3
872	0
873	0
874	0
875	7
876	5
877	5
878	2
879	3
880	3
881	2
882	3
883	2
884	0
885	5
886	3
887	0
888	4
889	0
890	3
891	2
892	1
893	0
894	6
895	3
896	4
897	2
898	4
899	7
900	1
901	0
902	0
903	2
904	0
905	5
906	1
907	5
908	7
909	2
910	4
911	1
912	0
913	2
914	6
915	7
916	6
917	5
918	2
919	4
920	5
921	2
922	0
923	1
924	2
925	1
926	3
927	0
928	3
929	3
930	5
931	6
932	6
933	7
934	1
935	6
936	0
937	2
938	1
939	3
940	1
941	7
942	6
943	3
944	4
945	5
946	0
947	2
948	1
949	6
950	2
951	5
952	1
953	7
954	5
955	1
956	2
957	4
958	1
959	2
960	6
961	3
962	7
963	0
964	4
965	2
966	2
967	0
968	2
969	1
970	3
971	2
972	3
973	4
974	4
975	6
976	6
977	2
978	3
979	2
980	2
981	4
982	4
983	2
984	1
985	2
986	1
987	2
988	0
989	4
990	0
991	3
992	4
993	3
994	3
995	5
996	0
997	3
998	1
999	3
1000	3
