1	313
1	469
1	510
1	740
1	744
1	784
2	238
2	286
2	443
2	651
2	886
2	983
3	551
3	647
3	794
3	831
3	951
3	989
4	271
4	479
4	605
4	683
4	724
4	811
5	589
5	717
5	788
5	906
5	923
5	949
6	26
6	185
6	667
6	852
6	857
6	985
7	360
7	397
7	504
7	777
7	785
7	975
8	69
8	432
8	863
8	883
8	938
8	944
9	63
9	245
9	544
9	576
9	644
9	833
10	334
10	518
10	691
10	806
10	856
10	954
11	178
11	251
11	401
11	764
11	930
11	968
12	184
12	612
12	668
12	677
12	899
12	999
13	483
13	533
13	563
13	615
13	777
13	920
14	581
14	595
14	756
14	786
14	861
14	921
15	478
15	821
15	842
15	853
15	961
15	971
16	19
16	248
16	360
16	366
16	475
16	497
17	20
17	452
17	460
17	931
17	973
17	983
18	258
18	267
18	453
18	707
18	725
18	786
19	16
19	164
19	202
19	498
19	700
19	708
20	17
20	148
20	158
20	549
20	711
20	845
21	414
21	530
21	568
21	703
21	778
21	931
22	78
22	108
22	588
22	892
22	913
22	925
23	39
23	371
23	415
23	789
23	983
23	988
24	259
24	414
24	691
24	698
24	817
24	1000
25	197
25	609
25	647
25	808
25	834
25	937
26	6
26	639
26	672
26	716
26	887
26	934
27	102
27	133
27	147
27	602
27	620
27	972
28	313
28	462
28	693
28	767
28	859
28	939
29	105
29	428
29	579
29	862
29	883
29	997
30	162
30	420
30	487
30	678
30	699
30	991
31	492
31	568
31	575
31	682
31	684
31	785
32	207
32	305
32	407
32	489
32	766
32	880
33	460
33	533
33	613
33	619
33	775
33	883
34	144
34	446
34	589
34	725
34	960
34	977
35	166
35	204
35	254
35	772
35	884
35	926
36	102
36	233
36	709
36	710
36	950
36	966
37	259
37	599
37	731
37	755
37	782
37	996
38	273
38	671
38	846
38	889
38	950
38	968
39	23
39	217
39	525
39	746
39	756
39	855
40	210
40	373
40	536
40	576
40	613
40	730
41	58
41	214
41	340
41	551
41	710
41	935
42	667
42	835
42	911
42	952
42	970
42	984
43	118
43	147
43	291
43	787
43	836
43	881
44	278
44	465
44	496
44	573
44	682
44	941
45	109
45	324
45	546
45	827
45	909
45	986
46	67
46	126
46	452
46	818
46	904
46	943
47	218
47	691
47	736
47	874
47	923
47	980
48	322
48	367
48	395
48	734
48	913
48	983
49	192
49	397
49	458
49	842
49	968
49	992
50	64
50	374
50	876
50	908
50	953
50	996
51	706
51	796
51	851
51	855
51	944
51	992
52	184
52	243
52	525
52	600
52	608
52	709
53	89
53	135
53	531
53	790
53	891
53	962
54	282
54	679
54	714
54	786
54	840
54	977
55	108
55	135
55	290
55	642
55	870
55	967
56	62
56	243
56	438
56	470
56	479
56	854
57	86
57	701
57	761
57	828
57	900
57	951
58	41
58	82
58	465
58	493
58	902
58	923
59	202
59	314
59	558
59	583
59	768
59	865
60	275
60	409
60	428
60	687
60	921
60	927
61	304
61	466
61	616
61	638
61	676
61	968
62	56
62	634
62	704
62	765
62	795
62	809
63	9
63	567
63	669
63	748
63	771
63	917
64	50
64	171
64	312
64	799
64	863
64	914
65	236
65	470
65	660
65	693
65	937
65	993
66	574
66	688
66	832
66	854
66	884
66	971
67	46
67	91
67	327
67	874
67	882
67	915
68	261
68	369
68	370
68	767
68	796
68	987
69	8
69	433
69	604
69	706
69	774
69	887
70	121
70	141
70	253
70	568
70	831
70	999
71	198
71	301
71	814
71	863
71	942
71	997
72	300
72	436
72	592
72	833
72	912
72	968
73	104
73	141
73	414
73	760
73	851
73	957
74	80
74	435
74	580
74	657
74	812
74	851
75	172
75	238
75	266
75	373
75	387
75	569
76	568
76	673
76	821
76	891
76	939
76	972
77	321
77	517
77	849
77	885
77	943
77	999
78	22
78	185
78	524
78	736
78	854
78	873
79	258
79	669
79	816
79	903
79	976
79	978
80	74
80	340
80	388
80	560
80	670
80	978
81	140
81	348
81	382
81	489
81	641
81	696
82	58
82	276
82	329
82	780
82	860
82	927
83	88
83	394
83	584
83	628
83	793
83	965
84	199
84	328
84	623
84	868
84	873
84	923
85	118
85	458
85	713
85	787
85	902
85	916
86	57
86	226
86	381
86	385
86	592
86	699
87	198
87	278
87	581
87	916
87	971
87	997
88	83
88	471
88	572
88	579
88	796
88	892
89	53
89	447
89	616
89	684
89	879
89	889
90	116
90	275
90	278
90	367
90	399
90	575
91	67
91	230
91	371
91	389
91	798
91	942
92	244
92	396
92	575
92	782
92	863
92	888
93	231
93	640
93	698
93	746
93	859
93	871
94	143
94	350
94	762
94	824
94	956
94	994
95	268
95	321
95	399
95	402
95	720
95	728
96	271
96	370
96	583
96	597
96	758
96	839
97	184
97	435
97	458
97	723
97	849
97	971
98	266
98	270
98	392
98	747
98	793
98	869
99	555
99	771
99	888
99	914
99	955
99	968
100	168
100	391
100	764
100	846
100	890
100	922
101	119
101	153
101	196
101	209
101	328
101	730
102	27
102	36
102	557
102	603
102	867
102	995
103	149
103	236
103	255
103	578
103	713
103	866
104	73
104	192
104	521
104	875
104	878
104	953
105	29
105	455
105	512
105	840
105	911
105	934
106	172
106	589
106	598
106	681
106	904
106	991
107	498
107	736
107	743
107	750
107	888
107	999
108	22
108	55
108	151
108	511
108	551
108	789
109	45
109	240
109	392
109	429
109	659
109	946
110	142
110	153
110	922
110	956
110	995
110	999
111	466
111	527
111	579
111	640
111	868
111	930
112	459
112	574
112	583
112	735
112	767
112	902
113	324
113	448
113	488
113	509
113	657
113	831
114	605
114	638
114	686
114	718
114	905
114	931
115	339
115	387
115	465
115	593
115	686
115	799
116	90
116	468
116	539
116	679
116	889
116	950
117	605
117	667
117	744
117	893
117	924
117	997
118	43
118	85
118	383
118	559
118	652
118	979
119	101
119	321
119	684
119	883
119	932
119	949
120	383
120	721
120	747
120	796
120	842
120	848
121	70
121	426
121	603
121	646
121	852
121	863
122	167
122	453
122	476
122	570
122	785
122	970
123	324
123	594
123	628
123	675
123	734
123	997
124	293
124	703
124	708
124	886
124	955
124	966
125	162
125	400
125	730
125	829
125	881
125	944
126	46
126	602
126	660
126	751
126	804
126	995
127	222
127	359
127	498
127	656
127	858
127	988
128	402
128	531
128	601
128	845
128	909
128	970
129	159
129	286
129	817
129	864
129	866
129	960
130	422
130	441
130	592
130	757
130	861
130	988
131	334
131	345
131	619
131	890
131	907
131	928
132	263
132	421
132	445
132	494
132	881
132	918
133	27
133	218
133	570
133	634
133	635
133	757
134	159
134	318
134	649
134	733
134	877
134	997
135	53
135	55
135	416
135	461
135	578
135	808
136	239
136	440
136	746
136	750
136	889
136	987
137	193
137	450
137	708
137	756
137	881
137	892
138	570
138	630
138	915
138	918
138	965
138	982
139	376
139	670
139	786
139	789
139	909
139	959
140	81
140	299
140	332
140	618
140	646
140	969
141	70
141	73
141	651
141	704
141	961
141	971
142	110
142	280
142	296
142	604
142	930
142	947
143	94
143	270
143	424
143	907
143	908
143	996
144	34
144	658
144	680
144	799
144	840
144	851
145	455
145	664
145	766
145	778
145	843
145	910
146	210
146	288
146	430
146	532
146	723
146	917
147	27
147	43
147	355
147	611
147	638
147	914
148	20
148	200
148	440
148	614
148	726
148	734
149	103
149	323
149	515
149	559
149	753
149	834
150	403
150	448
150	851
150	855
150	976
150	998
151	108
151	290
151	295
151	390
151	779
151	931
152	302
152	478
152	528
152	571
152	891
152	959
153	101
153	110
153	404
153	437
153	772
153	997
154	804
154	829
154	877
154	880
154	897
154	973
155	364
155	589
155	768
155	786
155	909
155	933
156	544
156	675
156	783
156	911
156	912
156	994
157	476
157	607
157	640
157	676
157	893
157	942
158	20
158	470
158	649
158	882
158	941
158	958
159	129
159	134
159	240
159	252
159	547
159	858
160	169
160	541
160	556
160	560
160	618
160	803
161	213
161	582
161	620
161	639
161	842
161	944
162	30
162	125
162	253
162	641
162	670
162	947
163	280
163	334
163	473
163	476
163	482
163	618
164	19
164	276
164	587
164	691
164	696
164	949
165	216
165	316
165	357
165	614
165	644
165	717
166	35
166	243
166	290
166	362
166	558
166	937
167	122
167	338
167	469
167	501
167	543
167	799
168	100
168	212
168	314
168	407
168	472
168	998
169	160
169	318
169	322
169	724
169	784
169	841
170	257
170	355
170	509
170	716
170	955
170	969
171	64
171	542
171	794
171	798
171	815
171	953
172	75
172	106
172	256
172	662
172	774
172	977
173	196
173	656
173	822
173	827
173	850
173	921
174	192
174	500
174	638
174	731
174	809
174	942
175	205
175	374
175	431
175	694
175	837
175	984
176	225
176	611
176	809
176	959
176	975
176	991
177	539
177	631
177	653
177	899
177	951
177	989
178	11
178	239
178	807
178	809
178	834
178	937
179	330
179	377
179	394
179	698
179	717
179	866
180	232
180	406
180	430
180	569
180	616
180	843
181	382
181	400
181	546
181	613
181	741
181	748
182	228
182	328
182	653
182	788
182	819
182	890
183	281
183	506
183	607
183	659
183	744
183	824
184	12
184	52
184	97
184	315
184	359
184	645
185	6
185	78
185	329
185	590
185	657
185	762
186	343
186	448
186	501
186	725
186	733
186	985
187	421
187	431
187	719
187	816
187	925
187	954
188	408
188	519
188	654
188	673
188	683
188	940
189	225
189	266
189	301
189	451
189	507
189	511
190	405
190	643
190	647
190	653
190	796
190	960
191	459
191	847
191	856
191	873
191	879
191	936
192	49
192	104
192	174
192	413
192	649
192	700
193	137
193	266
193	489
193	517
193	521
193	933
194	510
194	572
194	618
194	631
194	973
194	983
195	305
195	520
195	538
195	639
195	798
195	856
196	101
196	173
196	247
196	441
196	776
196	915
196	975
197	25
197	551
197	587
197	609
197	654
197	872
197	954
198	71
198	87
198	438
198	644
198	927
198	935
198	994
199	84
199	485
199	557
199	611
199	843
199	915
199	980
200	148
200	450
200	743
200	772
200	845
200	975
200	976
201	413
201	444
201	562
201	821
201	942
201	959
201	999
202	19
202	59
202	249
202	285
202	454
202	823
202	991
203	475
203	661
203	691
203	737
203	803
203	850
203	896
204	35
204	232
204	405
204	407
204	673
204	845
204	977
205	175
205	270
205	696
205	715
205	860
205	939
205	986
206	591
206	616
206	617
206	890
206	914
206	928
206	999
207	32
207	571
207	811
207	878
207	924
207	927
207	955
208	318
208	341
208	412
208	449
208	590
208	926
208	938
209	101
209	316
209	495
209	579
209	748
209	822
209	872
210	40
210	146
210	282
210	447
210	600
210	755
210	854
211	382
211	434
211	470
211	596
211	684
211	752
211	966
212	168
212	669
212	723
212	773
212	831
212	839
212	891
213	161
213	470
213	503
213	511
213	665
213	923
213	940
214	41
214	458
214	504
214	632
214	675
214	688
214	740
215	418
215	507
215	536
215	579
215	596
215	699
215	700
216	165
216	356
216	539
216	559
216	874
216	940
216	969
217	39
217	319
217	367
217	421
217	608
217	776
217	957
218	47
218	133
218	316
218	392
218	549
218	705
218	920
219	223
219	506
219	555
219	653
219	892
219	920
219	975
220	547
220	605
220	662
220	688
220	775
220	819
220	889
221	265
221	501
221	598
221	744
221	805
221	814
221	928
222	127
222	364
222	620
222	628
222	672
222	689
222	755
223	219
223	234
223	453
223	593
223	795
223	917
223	970
224	249
224	516
224	631
224	785
224	815
224	981
224	989
225	176
225	189
225	528
225	562
225	681
225	685
225	921
226	86
226	305
226	403
226	499
226	706
226	846
226	908
227	270
227	332
227	496
227	720
227	728
227	804
227	975
228	182
228	376
228	429
228	591
228	779
228	850
228	965
229	304
229	658
229	711
229	818
229	862
229	935
229	984
230	91
230	257
230	661
230	685
230	824
230	905
230	986
231	93
231	343
231	476
231	513
231	710
231	796
231	996
232	180
232	204
232	408
232	733
232	748
232	797
232	865
233	36
233	333
233	453
233	625
233	671
233	799
233	966
234	223
234	585
234	892
234	916
234	945
234	960
234	977
235	281
235	561
235	705
235	894
235	924
235	925
235	935
236	65
236	103
236	280
236	512
236	518
236	586
236	986
237	446
237	557
237	626
237	681
237	747
237	796
237	978
238	2
238	75
238	625
238	696
238	858
238	873
238	876
239	136
239	178
239	778
239	851
239	862
239	964
239	991
240	109
240	159
240	280
240	356
240	580
240	845
240	984
241	334
241	368
241	484
241	586
241	604
241	767
241	927
242	533
242	691
242	708
242	757
242	783
242	863
242	939
243	52
243	56
243	166
243	745
243	836
243	860
243	977
244	92
244	591
244	664
244	785
244	886
244	933
244	934
245	9
245	711
245	725
245	843
245	870
245	920
245	934
246	256
246	286
246	462
246	690
246	737
246	870
246	996
247	196
247	285
247	645
247	734
247	738
247	872
247	988
248	16
248	418
248	795
248	857
248	872
248	955
248	997
249	202
249	224
249	258
249	783
249	793
249	821
249	904
250	389
250	492
250	716
250	745
250	829
250	878
250	984
251	11
251	689
251	830
251	896
251	955
251	982
251	998
252	159
252	290
252	338
252	417
252	627
252	861
252	937
253	70
253	162
253	424
253	465
253	720
253	783
253	937
254	35
254	383
254	433
254	525
254	592
254	945
254	979
255	103
255	347
255	376
255	512
255	629
255	834
255	964
256	172
256	246
256	481
256	612
256	613
256	633
256	929
257	170
257	230
257	313
257	402
257	782
257	868
257	947
258	18
258	79
258	249
258	694
258	705
258	911
258	937
259	24
259	37
259	299
259	611
259	840
259	852
259	939
260	372
260	582
260	854
260	895
260	896
260	930
260	986
261	68
261	571
261	646
261	773
261	790
261	821
261	987
262	369
262	827
262	840
262	841
262	921
262	950
262	965
263	132
263	292
263	305
263	448
263	549
263	926
263	967
264	292
264	484
264	689
264	795
264	861
264	901
264	999
265	221
265	372
265	594
265	819
265	878
265	966
265	978
266	75
266	98
266	189
266	193
266	386
266	483
266	882
267	18
267	302
267	366
267	595
267	835
267	852
267	943
268	95
268	297
268	352
268	507
268	811
268	813
268	957
269	308
269	472
269	739
269	753
269	811
269	903
269	961
270	98
270	143
270	205
270	227
270	515
270	640
270	757
271	4
271	96
271	601
271	697
271	855
271	899
271	952
272	524
272	526
272	542
272	683
272	709
272	780
272	986
273	38
273	309
273	369
273	542
273	709
273	762
273	988
274	343
274	421
274	566
274	609
274	677
274	781
274	847
275	60
275	90
275	559
275	708
275	792
275	893
275	933
276	82
276	164
276	541
276	627
276	906
276	923
276	962
277	331
277	409
277	946
277	950
277	978
277	992
277	997
278	44
278	87
278	90
278	720
278	823
278	990
278	992
279	281
279	339
279	614
279	653
279	667
279	847
279	897
280	142
280	163
280	236
280	240
280	441
280	733
280	929
281	183
281	235
281	279
281	677
281	775
281	851
281	969
282	54
282	210
282	309
282	352
282	366
282	754
282	984
283	323
283	387
283	737
283	801
283	809
283	824
283	844
284	472
284	503
284	626
284	689
284	747
284	761
284	813
285	202
285	247
285	577
285	662
285	747
285	808
285	978
286	2
286	129
286	246
286	379
286	554
286	619
286	628
287	346
287	357
287	503
287	601
287	905
287	970
287	973
288	146
288	304
288	647
288	804
288	839
288	861
288	971
289	474
289	709
289	761
289	848
289	883
289	926
289	949
290	55
290	151
290	166
290	252
290	310
290	585
290	880
291	43
291	424
291	730
291	803
291	816
291	857
291	868
292	263
292	264
292	510
292	550
292	580
292	701
292	938
293	124
293	490
293	587
293	744
293	880
293	918
293	981
294	402
294	419
294	645
294	736
294	889
294	936
294	999
295	151
295	489
295	557
295	604
295	712
295	726
295	910
296	142
296	342
296	354
296	444
296	898
296	911
296	968
297	268
297	511
297	545
297	824
297	841
297	907
297	919
298	524
298	768
298	775
298	837
298	912
298	926
298	974
299	140
299	259
299	405
299	445
299	537
299	870
299	979
300	72
300	459
300	487
300	658
300	678
300	915
300	946
301	71
301	189
301	593
301	596
301	648
301	815
301	978
302	152
302	267
302	505
302	635
302	650
302	810
302	928
303	311
303	602
303	626
303	674
303	690
303	848
303	929
304	61
304	229
304	288
304	836
304	876
304	932
304	985
305	32
305	195
305	226
305	263
305	328
305	365
305	782
306	533
306	566
306	816
306	833
306	925
306	964
306	967
307	467
307	498
307	656
307	869
307	899
307	984
307	993
308	269
308	476
308	561
308	647
308	665
308	688
308	765
309	273
309	282
309	674
309	786
309	831
309	873
309	955
310	290
310	356
310	397
310	655
310	819
310	876
310	882
311	303
311	456
311	661
311	694
311	728
311	946
311	957
312	64
312	505
312	528
312	554
312	659
312	957
312	969
313	1
313	28
313	257
313	397
313	759
313	940
313	998
314	59
314	168
314	380
314	699
314	727
314	872
314	923
315	184
315	587
315	638
315	740
315	839
315	882
315	916
316	165
316	209
316	218
316	774
316	864
316	865
316	914
317	347
317	424
317	635
317	722
317	871
317	907
317	998
318	134
318	169
318	208
318	507
318	698
318	810
318	992
319	217
319	463
319	571
319	705
319	817
319	867
319	966
320	518
320	648
320	730
320	793
320	848
320	862
320	948
321	77
321	95
321	119
321	576
321	740
321	861
321	937
322	48
322	169
322	403
322	657
322	831
322	867
322	954
323	149
323	283
323	384
323	509
323	730
323	823
323	962
324	45
324	113
324	123
324	427
324	585
324	926
324	998
325	359
325	437
325	469
325	656
325	689
325	857
325	874
326	349
326	357
326	688
326	743
326	844
326	902
326	966
327	67
327	497
327	610
327	621
327	847
327	893
327	971
328	84
328	101
328	182
328	305
328	630
328	654
328	787
329	82
329	185
329	389
329	409
329	642
329	725
329	938
330	179
330	366
330	474
330	537
330	656
330	709
330	863
331	277
331	537
331	620
331	682
331	800
331	840
331	842
332	140
332	227
332	350
332	619
332	623
332	625
332	750
333	233
333	525
333	530
333	561
333	578
333	872
333	894
334	10
334	131
334	163
334	241
334	692
334	706
334	728
335	760
335	779
335	873
335	902
335	928
335	959
335	994
336	457
336	685
336	688
336	805
336	831
336	894
336	919
337	629
337	707
337	768
337	806
337	807
337	890
337	917
338	167
338	252
338	707
338	855
338	895
338	904
338	939
339	115
339	279
339	362
339	408
339	541
339	920
339	936
340	41
340	80
340	530
340	538
340	753
340	781
340	842
341	208
341	377
341	392
341	446
341	493
341	912
341	925
342	296
342	386
342	408
342	772
342	805
342	896
342	953
343	186
343	231
343	274
343	693
343	721
343	895
343	902
344	398
344	414
344	435
344	466
344	518
344	792
344	953
345	131
345	370
345	534
345	649
345	751
345	859
345	949
346	287
346	413
346	422
346	443
346	476
346	689
346	969
347	255
347	317
347	391
347	447
347	793
347	864
347	985
348	81
348	375
348	393
348	805
348	816
348	828
348	853
349	326
349	524
349	540
349	745
349	839
349	875
349	963
350	94
350	332
350	624
350	823
350	828
350	880
350	943
351	427
351	828
351	830
351	835
351	887
351	981
351	982
352	268
352	282
352	742
352	787
352	899
352	906
352	975
353	547
353	637
353	734
353	754
353	763
353	814
353	875
354	296
354	426
354	691
354	695
354	701
354	705
354	915
355	147
355	170
355	513
355	825
355	852
355	864
355	962
356	216
356	240
356	310
356	455
356	575
356	628
356	755
357	165
357	287
357	326
357	521
357	721
357	763
357	974
358	556
358	675
358	804
358	841
358	857
358	940
358	985
359	127
359	184
359	325
359	396
359	473
359	530
359	654
360	7
360	16
360	487
360	515
360	677
360	772
360	969
361	409
361	501
361	516
361	533
361	601
361	767
361	976
361	982
362	166
362	339
362	410
362	654
362	677
362	757
362	910
362	993
363	414
363	561
363	653
363	771
363	853
363	880
363	933
363	985
364	155
364	222
364	541
364	633
364	663
364	815
364	891
364	994
365	305
365	372
365	444
365	495
365	538
365	674
365	811
365	885
366	16
366	267
366	282
366	330
366	745
366	785
366	788
366	998
367	48
367	90
367	217
367	639
367	839
367	857
367	977
367	996
368	241
368	514
368	723
368	839
368	846
368	894
368	938
368	979
369	68
369	262
369	273
369	567
369	803
369	949
369	971
369	986
370	68
370	96
370	345
370	488
370	640
370	686
370	924
370	997
371	23
371	91
371	440
371	584
371	726
371	749
371	759
371	932
372	260
372	265
372	365
372	505
372	665
372	774
372	957
372	998
373	40
373	75
373	459
373	654
373	686
373	760
373	776
373	805
374	50
374	175
374	505
374	758
374	769
374	924
374	934
374	951
375	348
375	733
375	747
375	802
375	840
375	904
375	975
375	986
376	139
376	228
376	255
376	450
376	462
376	646
376	766
376	990
377	179
377	341
377	520
377	651
377	692
377	710
377	827
377	903
378	443
378	503
378	553
378	586
378	690
378	772
378	993
378	994
379	286
379	404
379	409
379	623
379	668
379	791
379	793
379	947
380	314
380	551
380	632
380	671
380	922
380	935
380	959
380	977
381	86
381	490
381	614
381	707
381	806
381	901
381	945
381	981
382	81
382	181
382	211
382	485
382	678
382	838
382	895
382	992
383	118
383	120
383	254
383	630
383	802
383	882
383	973
383	999
384	323
384	555
384	681
384	696
384	763
384	774
384	857
384	994
385	86
385	519
385	701
385	779
385	883
385	938
385	967
385	991
386	266
386	342
386	560
386	610
386	650
386	672
386	783
386	897
387	75
387	115
387	283
387	523
387	575
387	588
387	766
387	960
388	80
388	554
388	561
388	627
388	672
388	771
388	795
388	861
389	91
389	250
389	329
389	454
389	723
389	769
389	883
389	955
390	151
390	501
390	510
390	579
390	603
390	706
390	807
390	949
391	100
391	347
391	673
391	685
391	788
391	832
391	933
391	995
392	98
392	109
392	218
392	341
392	656
392	779
392	827
392	886
393	348
393	417
393	487
393	781
393	844
393	901
393	908
393	981
394	83
394	179
394	475
394	544
394	642
394	744
394	903
394	914
395	48
395	418
395	540
395	543
395	754
395	859
395	900
395	1000
396	92
396	359
396	433
396	524
396	640
396	653
396	915
396	920
397	7
397	49
397	310
397	313
397	423
397	535
397	596
397	994
398	344
398	404
398	507
398	720
398	798
398	806
398	850
398	979
399	90
399	95
399	502
399	547
399	742
399	773
399	893
399	902
400	125
400	181
400	675
400	775
400	820
400	911
400	921
400	948
401	11
401	561
401	870
401	874
401	895
401	931
401	956
401	985
402	95
402	128
402	257
402	294
402	569
402	752
402	943
402	989
403	150
403	226
403	322
403	434
403	868
403	906
403	911
403	934
404	153
404	379
404	398
404	760
404	773
404	807
404	848
404	904
405	190
405	204
405	299
405	689
405	695
405	837
405	845
405	862
406	180
406	522
406	636
406	825
406	835
406	922
406	929
406	952
407	32
407	168
407	204
407	436
407	572
407	602
407	737
407	891
408	188
408	232
408	339
408	342
408	780
408	835
408	911
408	969
409	60
409	277
409	329
409	361
409	379
409	547
409	676
409	841
410	362
410	634
410	742
410	746
410	803
410	877
410	940
410	995
411	475
411	575
411	787
411	798
411	804
411	818
411	821
411	967
412	208
412	540
412	547
412	554
412	698
412	763
412	823
412	833
413	192
413	201
413	346
413	564
413	632
413	792
413	795
413	989
414	21
414	24
414	73
414	344
414	363
414	681
414	704
414	868
415	23
415	442
415	556
415	610
415	759
415	892
415	929
415	958
416	135
416	482
416	642
416	708
416	725
416	900
416	919
416	947
417	252
417	393
417	446
417	488
417	606
417	629
417	858
417	922
418	215
418	248
418	395
418	548
418	575
418	622
418	739
418	846
419	294
419	468
419	477
419	501
419	580
419	721
419	808
419	871
420	30
420	445
420	493
420	538
420	734
420	782
420	796
420	804
421	132
421	187
421	217
421	274
421	526
421	580
421	731
421	782
422	130
422	346
422	625
422	687
422	787
422	829
422	866
422	894
423	397
423	700
423	778
423	815
423	864
423	865
423	916
423	1000
424	143
424	253
424	291
424	317
424	569
424	668
424	988
424	989
425	427
425	473
425	532
425	562
425	780
425	897
425	951
425	981
426	121
426	354
426	624
426	681
426	838
426	903
426	948
426	954
427	324
427	351
427	425
427	460
427	697
427	712
427	883
427	905
428	29
428	60
428	471
428	496
428	646
428	741
428	758
428	923
429	109
429	228
429	742
429	775
429	838
429	843
429	887
429	990
430	146
430	180
430	497
430	498
430	564
430	657
430	731
430	994
431	175
431	187
431	461
431	533
431	679
431	866
431	882
431	996
432	8
432	435
432	644
432	687
432	738
432	843
432	870
432	873
433	69
433	254
433	396
433	480
433	576
433	914
433	922
433	960
434	211
434	403
434	544
434	691
434	715
434	720
434	859
434	922
435	74
435	97
435	344
435	432
435	687
435	735
435	795
435	864
436	72
436	407
436	515
436	681
436	716
436	817
436	854
436	970
437	153
437	325
437	649
437	735
437	763
437	797
437	850
437	988
438	56
438	198
438	505
438	520
438	813
438	849
438	894
438	898
439	510
439	670
439	694
439	746
439	761
439	896
439	929
439	938
440	136
440	148
440	371
440	471
440	559
440	825
440	977
440	995
441	130
441	196
441	280
441	482
441	498
441	645
441	776
441	895
442	415
442	456
442	742
442	782
442	802
442	914
442	958
442	964
443	2
443	346
443	378
443	479
443	813
443	927
443	956
443	990
444	201
444	296
444	365
444	482
444	593
444	855
444	891
444	928
445	132
445	299
445	420
445	559
445	648
445	728
445	786
445	919
446	34
446	237
446	341
446	417
446	802
446	810
446	840
446	864
447	89
447	210
447	347
447	453
447	787
447	900
447	933
447	955
448	113
448	150
448	186
448	263
448	481
448	563
448	768
448	807
449	208
449	658
449	668
449	932
449	935
449	944
449	963
449	996
450	137
450	200
450	376
450	467
450	624
450	640
450	971
450	973
451	189
451	472
451	478
451	535
451	617
451	666
451	694
451	940
452	17
452	46
452	570
452	583
452	800
452	909
452	920
452	938
453	18
453	122
453	223
453	233
453	447
453	569
453	627
453	674
454	202
454	389
454	590
454	650
454	730
454	821
454	952
454	990
455	105
455	145
455	356
455	499
455	769
455	772
455	912
455	988
456	311
456	442
456	651
456	664
456	677
456	801
456	956
456	970
457	336
457	487
457	646
457	805
457	951
457	968
457	974
457	984
458	49
458	85
458	97
458	214
458	606
458	676
458	834
458	942
459	112
459	191
459	300
459	373
459	706
459	784
459	888
459	974
460	17
460	33
460	427
460	708
460	746
460	800
460	824
460	840
461	135
461	431
461	566
461	721
461	847
461	889
461	961
461	984
462	28
462	246
462	376
462	530
462	861
462	896
462	913
462	970
463	319
463	537
463	670
463	729
463	774
463	913
463	978
463	993
464	573
464	611
464	643
464	685
464	687
464	824
464	852
464	856
465	44
465	58
465	115
465	253
465	542
465	556
465	671
465	751
466	61
466	111
466	344
466	507
466	566
466	760
466	896
466	957
467	307
467	450
467	584
467	754
467	765
467	836
467	929
467	1000
468	116
468	419
468	560
468	720
468	726
468	794
468	887
468	970
469	1
469	167
469	325
469	619
469	882
469	915
469	942
469	983
470	56
470	65
470	158
470	211
470	213
470	702
470	909
470	942
470	962
471	88
471	428
471	440
471	528
471	661
471	770
471	790
471	822
471	854
472	168
472	269
472	284
472	451
472	478
472	714
472	812
472	833
472	975
473	163
473	359
473	425
473	508
473	604
473	622
473	729
473	801
473	831
474	289
474	330
474	534
474	600
474	779
474	835
474	879
474	981
474	991
475	16
475	203
475	394
475	411
475	649
475	762
475	814
475	934
475	984
476	122
476	157
476	163
476	231
476	308
476	346
476	565
476	584
476	843
477	419
477	520
477	628
477	652
477	665
477	724
477	732
477	797
477	838
478	15
478	152
478	451
478	472
478	530
478	665
478	907
478	976
478	998
479	4
479	56
479	443
479	502
479	536
479	684
479	708
479	724
479	966
480	433
480	545
480	611
480	655
480	719
480	755
480	935
480	944
480	976
481	256
481	448
481	486
481	612
481	723
481	821
481	856
481	874
481	960
482	163
482	416
482	441
482	444
482	647
482	692
482	773
482	988
482	990
483	13
483	266
483	517
483	651
483	711
483	795
483	819
483	890
483	901
484	241
484	264
484	486
484	596
484	798
484	820
484	863
484	885
484	905
485	199
485	382
485	697
485	708
485	741
485	875
485	879
485	882
485	889
486	481
486	484
486	546
486	789
486	791
486	927
486	975
486	983
486	984
487	30
487	300
487	360
487	393
487	457
487	590
487	872
487	904
487	993
488	113
488	370
488	417
488	694
488	713
488	760
488	781
488	886
488	996
489	32
489	81
489	193
489	295
489	745
489	898
489	902
489	972
489	986
490	293
490	381
490	596
490	687
490	831
490	878
490	908
490	910
490	944
491	550
491	552
491	594
491	596
491	612
491	627
491	843
491	895
491	996
492	31
492	250
492	788
492	792
492	797
492	844
492	872
492	955
492	1000
493	58
493	341
493	420
493	661
493	744
493	819
493	879
493	904
493	990
494	132
494	616
494	622
494	632
494	669
494	835
494	972
494	989
494	990
495	209
495	365
495	617
495	619
495	643
495	798
495	923
495	987
495	993
496	44
496	227
496	428
496	551
496	776
496	890
496	906
496	908
496	983
497	16
497	327
497	430
497	553
497	748
497	854
497	877
497	939
497	972
498	19
498	107
498	127
498	307
498	430
498	441
498	757
498	785
498	921
499	226
499	455
499	609
499	663
499	700
499	790
499	817
499	926
499	956
500	174
500	630
500	683
500	754
500	848
500	856
500	879
500	913
500	932
501	167
501	186
501	221
501	361
501	390
501	419
501	575
501	653
501	976
502	399
502	479
502	690
502	816
502	821
502	835
502	914
502	975
502	997
503	213
503	284
503	287
503	378
503	559
503	598
503	711
503	786
503	816
504	7
504	214
504	577
504	676
504	721
504	884
504	943
504	970
504	988
505	302
505	312
505	372
505	374
505	438
505	507
505	590
505	633
505	903
506	183
506	219
506	522
506	523
506	610
506	715
506	760
506	780
506	850
507	189
507	215
507	268
507	318
507	398
507	466
507	505
507	719
507	989
508	473
508	573
508	586
508	730
508	794
508	830
508	832
508	837
508	991
509	113
509	170
509	323
509	593
509	781
509	817
509	821
509	953
509	958
510	1
510	194
510	292
510	390
510	439
510	518
510	541
510	840
510	870
511	108
511	189
511	213
511	297
511	673
511	684
511	921
511	936
511	948
512	105
512	236
512	255
512	601
512	644
512	814
512	885
512	886
512	930
513	231
513	355
513	545
513	578
513	680
513	778
513	929
513	936
513	997
514	368
514	588
514	693
514	741
514	787
514	859
514	861
514	904
514	929
515	149
515	270
515	360
515	436
515	583
515	589
515	844
515	845
515	856
516	224
516	361
516	552
516	560
516	605
516	621
516	675
516	816
516	995
517	77
517	193
517	483
517	726
517	760
517	860
517	901
517	951
517	965
518	10
518	236
518	320
518	344
518	510
518	754
518	811
518	958
518	981
519	188
519	385
519	632
519	642
519	791
519	802
519	820
519	884
519	963
520	195
520	377
520	438
520	477
520	750
520	859
520	918
520	971
520	973
521	104
521	193
521	357
521	695
521	764
521	775
521	800
521	859
521	921
522	406
522	506
522	542
522	651
522	774
522	788
522	823
522	832
522	961
523	387
523	506
523	628
523	657
523	690
523	736
523	803
523	821
523	957
524	78
524	272
524	298
524	349
524	396
524	810
524	841
524	872
524	898
525	39
525	52
525	254
525	333
525	535
525	727
525	777
525	890
525	924
526	272
526	421
526	684
526	710
526	817
526	820
526	822
526	922
526	994
527	111
527	716
527	774
527	804
527	815
527	832
527	852
527	864
527	991
528	152
528	225
528	312
528	471
528	741
528	801
528	833
528	886
528	937
529	535
529	599
529	633
529	715
529	851
529	923
529	940
529	962
529	979
530	21
530	333
530	340
530	359
530	462
530	478
530	612
530	700
530	857
531	53
531	128
531	615
531	676
531	717
531	754
531	792
531	884
531	887
532	146
532	425
532	654
532	682
532	746
532	769
532	799
532	918
532	1000
533	13
533	33
533	242
533	306
533	361
533	431
533	726
533	744
533	948
534	345
534	474
534	600
534	651
534	711
534	796
534	818
534	893
534	989
535	397
535	451
535	525
535	529
535	707
535	831
535	895
535	906
535	908
536	40
536	215
536	479
536	546
536	555
536	626
536	637
536	759
536	965
537	299
537	330
537	331
537	463
537	588
537	777
537	784
537	921
537	961
538	195
538	340
538	365
538	420
538	548
538	739
538	766
538	884
538	915
539	116
539	177
539	216
539	565
539	820
539	858
539	880
539	895
539	924
540	349
540	395
540	412
540	690
540	693
540	898
540	952
540	961
540	1000
541	160
541	276
541	339
541	364
541	510
541	673
541	748
541	797
541	914
542	171
542	272
542	273
542	465
542	522
542	709
542	814
542	954
542	987
543	167
543	395
543	579
543	583
543	636
543	665
543	726
543	851
543	968
544	9
544	156
544	394
544	434
544	617
544	648
544	781
544	860
544	903
545	297
545	480
545	513
545	639
545	695
545	862
545	866
545	907
545	1000
546	45
546	181
546	486
546	536
546	680
546	687
546	705
546	921
546	956
547	159
547	220
547	353
547	399
547	409
547	412
547	556
547	748
547	777
548	418
548	538
548	564
548	618
548	644
548	800
548	854
548	867
548	947
549	20
549	218
549	263
549	579
549	734
549	793
549	811
549	869
549	874
550	292
550	491
550	652
550	669
550	826
550	841
550	858
550	952
550	989
551	3
551	41
551	108
551	197
551	380
551	496
551	565
551	618
551	951
552	491
552	516
552	562
552	774
552	839
552	913
552	935
552	946
552	979
553	378
553	497
553	555
553	609
553	712
553	739
553	820
553	910
553	953
554	286
554	312
554	388
554	412
554	571
554	655
554	784
554	802
554	931
555	99
555	219
555	384
555	536
555	553
555	558
555	615
555	662
555	827
556	160
556	358
556	415
556	465
556	547
556	564
556	683
556	826
556	940
557	102
557	199
557	237
557	295
557	615
557	718
557	741
557	788
557	864
558	59
558	166
558	555
558	681
558	881
558	885
558	898
558	916
558	928
559	118
559	149
559	216
559	275
559	440
559	445
559	503
559	803
559	948
560	80
560	160
560	386
560	468
560	516
560	592
560	629
560	977
560	994
561	235
561	308
561	333
561	363
561	388
561	401
561	853
561	917
561	996
562	201
562	225
562	425
562	552
562	566
562	778
562	848
562	970
562	984
563	13
563	448
563	578
563	636
563	646
563	822
563	954
563	960
563	1000
564	413
564	430
564	548
564	556
564	598
564	622
564	664
564	866
564	920
565	476
565	539
565	551
565	701
565	708
565	823
565	908
565	960
565	973
566	274
566	306
566	461
566	466
566	562
566	852
566	875
566	898
566	1000
567	63
567	369
567	722
567	787
567	804
567	892
567	914
567	919
567	932
568	21
568	31
568	70
568	76
568	619
568	722
568	881
568	896
568	905
569	75
569	180
569	402
569	424
569	453
569	776
569	867
569	871
569	877
570	122
570	133
570	138
570	452
570	715
570	835
570	843
570	978
570	979
571	152
571	207
571	261
571	319
571	554
571	611
571	714
571	798
571	907
572	88
572	194
572	407
572	669
572	861
572	899
572	914
572	985
572	995
573	44
573	464
573	508
573	664
573	798
573	873
573	896
573	981
573	993
574	66
574	112
574	695
574	715
574	754
574	762
574	770
574	967
574	969
575	31
575	90
575	92
575	356
575	387
575	411
575	418
575	501
575	945
575	958
576	9
576	40
576	321
576	433
576	588
576	663
576	768
576	841
576	849
576	883
577	285
577	504
577	597
577	667
577	715
577	782
577	789
577	826
577	862
577	935
578	103
578	135
578	333
578	513
578	563
578	765
578	900
578	906
578	938
578	1000
579	29
579	88
579	111
579	209
579	215
579	390
579	543
579	549
579	634
579	961
580	74
580	240
580	292
580	419
580	421
580	635
580	745
580	925
580	968
580	994
581	14
581	87
581	764
581	855
581	875
581	879
581	882
581	887
581	924
581	940
582	161
582	260
582	610
582	660
582	665
582	717
582	826
582	844
582	952
582	988
583	59
583	96
583	112
583	452
583	515
583	543
583	670
583	781
583	813
583	924
584	83
584	371
584	467
584	476
584	592
584	666
584	770
584	826
584	877
584	905
585	234
585	290
585	324
585	622
585	744
585	749
585	817
585	895
585	939
585	947
586	236
586	241
586	378
586	508
586	722
586	735
586	805
586	837
586	873
586	935
587	164
587	197
587	293
587	315
587	647
587	680
587	867
587	950
587	979
587	997
588	22
588	387
588	514
588	537
588	576
588	686
588	784
588	849
588	922
588	999
589	5
589	34
589	106
589	155
589	515
589	755
589	806
589	815
589	819
589	977
590	185
590	208
590	454
590	487
590	505
590	596
590	641
590	949
590	968
590	981
591	206
591	228
591	244
591	656
591	813
591	823
591	898
591	910
591	933
591	940
592	72
592	86
592	130
592	254
592	560
592	584
592	743
592	877
592	900
592	952
593	115
593	223
593	301
593	444
593	509
593	785
593	823
593	867
593	893
593	944
594	123
594	265
594	491
594	597
594	670
594	704
594	707
594	826
594	871
594	884
595	14
595	267
595	624
595	662
595	789
595	809
595	853
595	866
595	924
595	985
596	211
596	215
596	301
596	397
596	484
596	490
596	491
596	590
596	745
596	898
597	96
597	577
597	594
597	689
597	717
597	748
597	831
597	839
597	848
597	928
598	106
598	221
598	503
598	564
598	631
598	735
598	792
598	918
598	951
598	964
599	37
599	529
599	731
599	733
599	739
599	884
599	896
599	906
599	974
599	996
600	52
600	210
600	474
600	534
600	669
600	835
600	862
600	917
600	919
600	927
601	128
601	271
601	287
601	361
601	512
601	652
601	884
601	913
601	930
601	963
602	27
602	126
602	303
602	407
602	615
602	688
602	740
602	765
602	968
602	987
603	102
603	121
603	390
603	727
603	767
603	811
603	838
603	848
603	850
603	976
604	69
604	142
604	241
604	295
604	473
604	721
604	756
604	922
604	959
604	989
605	4
605	114
605	117
605	220
605	516
605	609
605	779
605	891
605	914
605	985
606	417
606	458
606	722
606	737
606	825
606	928
606	930
606	936
606	980
606	995
607	157
607	183
607	642
607	688
607	749
607	852
607	853
607	958
607	961
607	971
608	52
608	217
608	623
608	723
608	743
608	772
608	785
608	811
608	873
608	975
609	25
609	197
609	274
609	499
609	553
609	605
609	807
609	945
609	991
609	995
610	327
610	386
610	415
610	506
610	582
610	718
610	854
610	898
610	959
610	998
611	147
611	176
611	199
611	259
611	464
611	480
611	571
611	753
611	776
611	825
612	12
612	256
612	481
612	491
612	530
612	763
612	864
612	947
612	960
612	992
613	33
613	40
613	181
613	256
613	622
613	666
613	736
613	802
613	811
613	935
614	148
614	165
614	279
614	381
614	633
614	634
614	658
614	830
614	900
614	953
615	13
615	531
615	555
615	557
615	602
615	679
615	731
615	742
615	785
615	982
616	61
616	89
616	180
616	206
616	494
616	768
616	777
616	779
616	873
616	881
617	206
617	451
617	495
617	544
617	725
617	810
617	823
617	883
617	937
617	984
618	140
618	160
618	163
618	194
618	548
618	551
618	735
618	799
618	949
618	987
619	33
619	131
619	286
619	332
619	469
619	495
619	568
619	623
619	639
619	860
620	27
620	161
620	222
620	331
620	692
620	774
620	846
620	933
620	961
620	973
621	327
621	516
621	685
621	711
621	762
621	777
621	823
621	836
621	857
621	862
622	418
622	473
622	494
622	564
622	585
622	613
622	631
622	829
622	860
622	964
623	84
623	332
623	379
623	608
623	619
623	705
623	716
623	900
623	932
623	983
624	350
624	426
624	450
624	595
624	655
624	746
624	851
624	874
624	953
624	983
625	233
625	238
625	332
625	422
625	712
625	766
625	808
625	840
625	926
625	936
626	237
626	284
626	303
626	536
626	747
626	790
626	855
626	927
626	945
626	984
627	252
627	276
627	388
627	453
627	491
627	650
627	820
627	825
627	830
627	998
628	83
628	123
628	222
628	286
628	356
628	477
628	523
628	726
628	869
628	998
629	255
629	337
629	417
629	560
629	743
629	745
629	855
629	860
629	928
629	982
630	138
630	328
630	383
630	500
630	685
630	695
630	750
630	887
630	904
630	992
631	177
631	194
631	224
631	598
631	622
631	808
631	853
631	889
631	972
631	980
632	214
632	380
632	413
632	494
632	519
632	638
632	741
632	787
632	799
632	901
633	256
633	364
633	505
633	529
633	614
633	636
633	693
633	748
633	753
633	890
634	62
634	133
634	410
634	579
634	614
634	661
634	697
634	710
634	765
634	981
635	133
635	302
635	317
635	580
635	700
635	749
635	817
635	903
635	950
635	951
636	406
636	543
636	563
636	633
636	651
636	692
636	780
636	808
636	921
636	933
637	353
637	536
637	658
637	743
637	753
637	827
637	836
637	865
637	912
637	993
638	61
638	114
638	147
638	174
638	315
638	632
638	715
638	718
638	947
638	957
639	26
639	161
639	195
639	367
639	545
639	619
639	649
639	776
639	906
639	966
640	93
640	111
640	157
640	270
640	370
640	396
640	450
640	765
640	883
640	974
641	81
641	162
641	590
641	649
641	763
641	769
641	861
641	900
641	946
641	947
642	55
642	329
642	394
642	416
642	519
642	607
642	825
642	912
642	932
642	951
643	190
643	464
643	495
643	684
643	781
643	886
643	892
643	920
643	941
643	990
644	9
644	165
644	198
644	432
644	512
644	548
644	711
644	724
644	861
644	874
645	184
645	247
645	294
645	441
645	669
645	751
645	820
645	829
645	903
645	961
645	999
646	121
646	140
646	261
646	376
646	428
646	457
646	563
646	701
646	794
646	842
646	887
647	3
647	25
647	190
647	288
647	308
647	482
647	587
647	648
647	671
647	839
647	939
648	301
648	320
648	445
648	544
648	647
648	672
648	682
648	761
648	768
648	858
648	900
649	134
649	158
649	192
649	345
649	437
649	475
649	639
649	641
649	710
649	854
649	919
650	302
650	386
650	454
650	627
650	793
650	818
650	846
650	968
650	980
650	986
650	993
651	2
651	141
651	377
651	456
651	483
651	522
651	534
651	636
651	890
651	989
651	990
652	118
652	477
652	550
652	601
652	701
652	800
652	901
652	911
652	913
652	928
652	1000
653	177
653	182
653	190
653	219
653	279
653	363
653	396
653	501
653	786
653	891
653	929
654	188
654	197
654	328
654	359
654	362
654	373
654	532
654	718
654	763
654	980
654	992
655	310
655	480
655	554
655	624
655	673
655	726
655	829
655	911
655	962
655	969
655	993
656	127
656	173
656	307
656	325
656	330
656	392
656	591
656	699
656	755
656	957
656	962
657	74
657	113
657	185
657	322
657	430
657	523
657	690
657	762
657	795
657	848
657	867
658	144
658	229
658	300
658	449
658	614
658	637
658	756
658	767
658	858
658	873
658	928
659	109
659	183
659	312
659	746
659	757
659	784
659	785
659	799
659	926
659	966
659	971
660	65
660	126
660	582
660	734
660	771
660	790
660	826
660	882
660	897
660	905
660	919
661	203
661	230
661	311
661	471
661	493
661	634
661	738
661	798
661	876
661	944
661	959
662	172
662	220
662	285
662	555
662	595
662	809
662	827
662	866
662	870
662	874
662	930
663	364
663	499
663	576
663	686
663	696
663	736
663	739
663	751
663	829
663	961
663	971
664	145
664	244
664	456
664	564
664	573
664	701
664	758
664	895
664	921
664	973
664	984
665	213
665	308
665	372
665	477
665	478
665	543
665	582
665	666
665	795
665	806
665	906
666	451
666	584
666	613
666	665
666	668
666	670
666	740
666	843
666	849
666	970
666	972
667	6
667	42
667	117
667	279
667	577
667	722
667	818
667	838
667	907
667	966
667	990
668	12
668	379
668	424
668	449
668	666
668	683
668	734
668	830
668	874
668	916
668	954
669	63
669	79
669	212
669	494
669	550
669	572
669	600
669	645
669	855
669	916
669	972
670	80
670	139
670	162
670	439
670	463
670	583
670	594
670	666
670	731
670	946
670	950
671	38
671	233
671	380
671	465
671	647
671	698
671	773
671	846
671	896
671	901
671	912
672	26
672	222
672	386
672	388
672	648
672	699
672	751
672	816
672	826
672	879
672	975
673	76
673	188
673	204
673	391
673	511
673	541
673	655
673	738
673	845
673	969
673	997
674	303
674	309
674	365
674	453
674	838
674	840
674	869
674	939
674	942
674	982
674	986
675	123
675	156
675	214
675	358
675	400
675	516
675	677
675	732
675	765
675	792
675	897
676	61
676	157
676	409
676	458
676	504
676	531
676	706
676	774
676	801
676	918
676	929
677	12
677	274
677	281
677	360
677	362
677	456
677	675
677	784
677	817
677	908
677	982
678	30
678	300
678	382
678	682
678	687
678	839
678	862
678	877
678	879
678	903
678	918
679	54
679	116
679	431
679	615
679	726
679	785
679	816
679	849
679	913
679	934
679	981
680	144
680	513
680	546
680	587
680	681
680	700
680	727
680	888
680	899
680	946
680	971
681	106
681	225
681	237
681	384
681	414
681	426
681	436
681	558
681	680
681	710
681	827
682	31
682	44
682	331
682	532
682	648
682	678
682	742
682	935
682	945
682	953
682	986
683	4
683	188
683	272
683	500
683	556
683	668
683	754
683	759
683	792
683	920
683	943
684	31
684	89
684	119
684	211
684	479
684	511
684	526
684	643
684	704
684	738
684	834
685	225
685	230
685	336
685	391
685	464
685	621
685	630
685	765
685	885
685	897
685	945
686	114
686	115
686	370
686	373
686	588
686	663
686	936
686	955
686	961
686	992
686	999
687	60
687	422
687	432
687	435
687	464
687	490
687	546
687	678
687	766
687	800
687	988
688	66
688	214
688	220
688	308
688	326
688	336
688	602
688	607
688	754
688	813
688	983
689	222
689	251
689	264
689	284
689	325
689	346
689	405
689	597
689	712
689	814
689	926
690	246
690	303
690	378
690	502
690	523
690	540
690	657
690	834
690	896
690	924
690	958
691	10
691	24
691	47
691	164
691	203
691	242
691	354
691	434
691	761
691	899
691	985
692	334
692	377
692	482
692	620
692	636
692	758
692	776
692	860
692	863
692	875
692	880
693	28
693	65
693	343
693	514
693	540
693	633
693	725
693	757
693	898
693	909
693	984
694	175
694	258
694	311
694	439
694	451
694	488
694	737
694	749
694	790
694	834
694	865
695	354
695	405
695	521
695	545
695	574
695	630
695	703
695	769
695	784
695	791
695	837
696	81
696	164
696	205
696	238
696	384
696	663
696	781
696	790
696	812
696	876
696	981
697	271
697	427
697	485
697	634
697	751
697	761
697	800
697	835
697	907
697	913
697	936
698	24
698	93
698	179
698	318
698	412
698	671
698	713
698	733
698	789
698	802
698	877
699	30
699	86
699	215
699	314
699	656
699	672
699	811
699	847
699	868
699	886
699	958
700	19
700	192
700	215
700	423
700	499
700	530
700	635
700	680
700	790
700	849
700	903
701	57
701	292
701	354
701	385
701	565
701	646
701	652
701	664
701	945
701	963
701	992
702	470
702	824
702	827
702	895
702	897
702	900
702	910
702	917
702	981
702	986
702	991
703	21
703	124
703	695
703	714
703	752
703	850
703	860
703	867
703	950
703	990
703	993
704	62
704	141
704	414
704	594
704	684
704	743
704	814
704	819
704	902
704	940
704	958
705	218
705	235
705	258
705	319
705	354
705	546
705	623
705	858
705	888
705	938
705	954
706	51
706	69
706	226
706	334
706	390
706	459
706	676
706	720
706	732
706	813
706	948
707	18
707	337
707	338
707	381
707	535
707	594
707	751
707	854
707	881
707	925
707	964
708	19
708	124
708	137
708	242
708	275
708	416
708	460
708	479
708	485
708	565
708	773
709	36
709	52
709	272
709	273
709	289
709	330
709	542
709	743
709	921
709	926
709	985
710	36
710	41
710	231
710	377
710	526
710	634
710	649
710	681
710	787
710	949
710	980
711	20
711	229
711	245
711	483
711	503
711	534
711	621
711	644
711	725
711	752
711	838
712	295
712	427
712	553
712	625
712	689
712	775
712	828
712	847
712	917
712	945
712	977
713	85
713	103
713	488
713	698
713	786
713	890
713	891
713	898
713	906
713	925
713	933
714	54
714	472
714	571
714	703
714	742
714	753
714	808
714	825
714	866
714	884
714	912
714	974
715	205
715	434
715	506
715	529
715	570
715	574
715	577
715	638
715	757
715	769
715	859
715	990
716	26
716	170
716	250
716	436
716	527
716	623
716	732
716	790
716	811
716	862
716	890
716	894
717	5
717	165
717	179
717	531
717	582
717	597
717	730
717	799
717	851
717	878
717	891
717	909
718	114
718	557
718	610
718	638
718	654
718	746
718	770
718	802
718	902
718	941
718	953
718	992
719	187
719	480
719	507
719	763
719	789
719	852
719	870
719	885
719	900
719	943
719	949
719	974
720	95
720	227
720	253
720	278
720	398
720	434
720	468
720	706
720	723
720	806
720	846
720	939
721	120
721	343
721	357
721	419
721	461
721	504
721	604
721	750
721	860
721	948
721	966
721	995
722	317
722	567
722	568
722	586
722	606
722	667
722	734
722	867
722	875
722	879
722	963
722	964
723	97
723	146
723	212
723	368
723	389
723	481
723	608
723	720
723	925
723	930
723	958
723	976
724	4
724	169
724	477
724	479
724	644
724	803
724	830
724	859
724	869
724	886
724	893
724	948
725	18
725	34
725	186
725	245
725	329
725	416
725	617
725	693
725	711
725	917
725	943
725	955
726	148
726	295
726	371
726	468
726	517
726	533
726	543
726	628
726	655
726	679
726	871
726	900
727	314
727	525
727	603
727	680
727	746
727	764
727	791
727	848
727	890
727	909
727	986
727	996
728	95
728	227
728	311
728	334
728	445
728	804
728	869
728	872
728	906
728	918
728	937
728	992
729	463
729	473
729	741
729	788
729	807
729	826
729	838
729	892
729	941
729	943
729	972
729	993
730	40
730	101
730	125
730	291
730	320
730	323
730	454
730	508
730	717
730	783
730	826
730	999
731	37
731	174
731	421
731	430
731	599
731	615
731	670
731	795
731	822
731	917
731	930
731	962
732	477
732	675
732	706
732	716
732	756
732	776
732	819
732	850
732	870
732	878
732	952
732	955
733	134
733	186
733	232
733	280
733	375
733	599
733	698
733	863
733	866
733	872
733	969
733	993
734	48
734	123
734	148
734	247
734	353
734	420
734	549
734	660
734	668
734	722
734	746
734	784
735	112
735	435
735	437
735	586
735	598
735	618
735	747
735	759
735	793
735	821
735	897
735	978
736	47
736	78
736	107
736	294
736	523
736	613
736	663
736	805
736	922
736	989
736	991
736	995
737	203
737	246
737	283
737	407
737	606
737	694
737	753
737	844
737	863
737	901
737	975
737	976
738	247
738	432
738	661
738	673
738	684
738	758
738	904
738	929
738	936
738	938
738	939
738	964
739	269
739	418
739	538
739	553
739	599
739	663
739	768
739	794
739	829
739	867
739	919
739	965
740	1
740	214
740	315
740	321
740	602
740	666
740	775
740	840
740	876
740	898
740	973
740	984
741	181
741	428
741	485
741	514
741	528
741	557
741	632
741	729
741	794
741	802
741	915
741	956
742	352
742	399
742	410
742	429
742	442
742	615
742	682
742	714
742	836
742	876
742	973
742	980
743	107
743	200
743	326
743	592
743	608
743	629
743	637
743	704
743	709
743	870
743	888
743	966
744	1
744	117
744	183
744	221
744	293
744	394
744	493
744	533
744	585
744	770
744	869
744	895
745	243
745	250
745	349
745	366
745	489
745	580
745	596
745	629
745	770
745	779
745	793
745	946
746	39
746	93
746	136
746	410
746	439
746	460
746	532
746	624
746	659
746	718
746	727
746	734
747	98
747	120
747	237
747	284
747	285
747	375
747	626
747	735
747	802
747	824
747	959
747	965
748	63
748	181
748	209
748	232
748	497
748	541
748	547
748	597
748	633
748	903
748	963
748	970
749	371
749	585
749	607
749	635
749	694
749	836
749	876
749	901
749	912
749	916
749	940
749	981
750	107
750	136
750	332
750	520
750	630
750	721
750	818
750	840
750	862
750	948
750	968
750	972
751	126
751	345
751	465
751	645
751	663
751	672
751	697
751	707
751	778
751	849
751	960
751	994
752	211
752	402
752	703
752	711
752	780
752	781
752	807
752	833
752	854
752	911
752	946
752	967
753	149
753	269
753	340
753	611
753	633
753	637
753	714
753	737
753	791
753	928
753	931
753	969
754	282
754	353
754	395
754	467
754	500
754	518
754	531
754	574
754	683
754	688
754	860
754	966
755	37
755	210
755	222
755	356
755	480
755	589
755	656
755	763
755	858
755	887
755	938
755	979
756	14
756	39
756	137
756	604
756	658
756	732
756	758
756	782
756	888
756	893
756	915
756	995
757	130
757	133
757	242
757	270
757	362
757	498
757	659
757	693
757	715
757	851
757	939
757	946
758	96
758	374
758	428
758	664
758	692
758	738
758	756
758	770
758	868
758	950
758	979
758	989
759	313
759	371
759	415
759	536
759	683
759	735
759	830
759	902
759	910
759	913
759	927
759	972
760	73
760	335
760	373
760	404
760	466
760	488
760	506
760	517
760	770
760	873
760	911
760	932
761	57
761	284
761	289
761	439
761	648
761	691
761	697
761	826
761	828
761	850
761	886
761	982
762	94
762	185
762	273
762	475
762	574
762	621
762	657
762	857
762	907
762	918
762	931
762	983
763	353
763	357
763	384
763	412
763	437
763	612
763	641
763	654
763	719
763	755
763	807
763	865
764	11
764	100
764	521
764	581
764	727
764	780
764	806
764	841
764	866
764	941
764	962
764	987
765	62
765	308
765	467
765	578
765	602
765	634
765	640
765	675
765	685
765	766
765	792
765	833
766	32
766	145
766	376
766	387
766	538
766	625
766	687
766	765
766	797
766	820
766	856
766	998
767	28
767	68
767	112
767	241
767	361
767	603
767	658
767	821
767	830
767	888
767	928
767	949
767	974
768	59
768	155
768	298
768	337
768	448
768	576
768	616
768	648
768	739
768	794
768	828
768	880
768	885
769	374
769	389
769	455
769	532
769	641
769	695
769	715
769	801
769	866
769	905
769	947
769	980
769	987
770	471
770	574
770	584
770	718
770	744
770	745
770	758
770	760
770	829
770	865
770	927
770	932
770	998
771	63
771	99
771	363
771	388
771	660
771	780
771	786
771	831
771	832
771	856
771	878
771	948
771	964
772	35
772	153
772	200
772	342
772	360
772	378
772	455
772	608
772	784
772	910
772	920
772	927
772	946
773	212
773	261
773	399
773	404
773	482
773	671
773	708
773	827
773	933
773	964
773	967
773	982
773	985
774	69
774	172
774	316
774	372
774	384
774	463
774	522
774	527
774	552
774	620
774	676
774	849
774	913
775	33
775	220
775	281
775	298
775	400
775	429
775	521
775	712
775	740
775	857
775	934
775	961
775	967
776	196
776	217
776	373
776	441
776	496
776	569
776	611
776	639
776	692
776	732
776	860
776	920
776	988
777	7
777	13
777	525
777	537
777	547
777	616
777	621
777	837
777	863
777	900
777	914
777	970
777	971
778	21
778	145
778	239
778	423
778	513
778	562
778	751
778	842
778	875
778	894
778	922
778	931
778	947
779	151
779	228
779	335
779	385
779	392
779	474
779	605
779	616
779	745
779	850
779	947
779	957
779	974
780	82
780	272
780	408
780	425
780	506
780	636
780	752
780	764
780	771
780	812
780	866
780	921
780	947
781	274
781	340
781	393
781	488
781	509
781	544
781	583
781	643
781	696
781	752
781	889
781	910
781	962
782	37
782	92
782	257
782	305
782	420
782	421
782	442
782	577
782	756
782	788
782	790
782	849
782	896
783	156
783	242
783	249
783	253
783	386
783	730
783	813
783	817
783	862
783	951
783	960
783	997
783	999
784	1
784	169
784	459
784	537
784	554
784	588
784	659
784	677
784	695
784	734
784	772
784	787
784	875
785	7
785	31
785	122
785	224
785	244
785	366
785	498
785	593
785	608
785	615
785	659
785	679
785	955
786	14
786	18
786	54
786	139
786	155
786	309
786	445
786	503
786	653
786	713
786	771
786	871
786	969
787	43
787	85
787	328
787	352
787	411
787	422
787	447
787	514
787	567
787	632
787	710
787	784
787	841
788	5
788	182
788	366
788	391
788	492
788	522
788	557
788	729
788	782
788	882
788	895
788	943
788	979
789	23
789	108
789	139
789	486
789	577
789	595
789	698
789	719
789	830
789	905
789	957
789	958
789	960
790	53
790	261
790	471
790	499
790	626
790	660
790	694
790	696
790	700
790	716
790	782
790	941
790	953
791	379
791	486
791	519
791	695
791	727
791	753
791	827
791	861
791	930
791	938
791	939
791	943
791	944
792	275
792	344
792	413
792	492
792	531
792	598
792	675
792	683
792	765
792	937
792	938
792	953
792	987
793	83
793	98
793	249
793	320
793	347
793	379
793	549
793	650
793	735
793	745
793	823
793	922
793	993
794	3
794	171
794	468
794	508
794	646
794	739
794	741
794	768
794	828
794	858
794	877
794	925
794	934
795	62
795	223
795	248
795	264
795	388
795	413
795	435
795	483
795	657
795	665
795	731
795	925
795	1000
796	51
796	68
796	88
796	120
796	190
796	231
796	237
796	420
796	534
796	797
796	839
796	938
796	960
797	232
797	437
797	477
797	492
797	541
797	766
797	796
797	803
797	868
797	912
797	919
797	972
797	976
798	91
798	171
798	195
798	398
798	411
798	484
798	495
798	571
798	573
798	661
798	829
798	907
798	994
799	64
799	115
799	144
799	167
799	233
799	532
799	618
799	632
799	659
799	717
799	816
799	864
799	958
800	331
800	452
800	460
800	521
800	548
800	652
800	687
800	697
800	832
800	839
800	916
800	931
800	964
801	283
801	456
801	473
801	528
801	676
801	769
801	824
801	827
801	849
801	906
801	979
801	986
801	988
802	375
802	383
802	442
802	446
802	519
802	554
802	613
802	698
802	718
802	741
802	747
802	967
802	993
803	160
803	203
803	291
803	369
803	410
803	523
803	559
803	724
803	797
803	821
803	907
803	955
803	977
804	126
804	154
804	227
804	288
804	358
804	411
804	420
804	527
804	567
804	728
804	892
804	920
804	987
805	221
805	336
805	342
805	348
805	373
805	457
805	586
805	736
805	843
805	856
805	876
805	936
805	978
806	10
806	337
806	381
806	398
806	589
806	665
806	720
806	764
806	903
806	914
806	949
806	959
806	980
807	178
807	337
807	390
807	404
807	448
807	609
807	729
807	752
807	763
807	818
807	912
807	915
807	932
808	25
808	135
808	285
808	419
808	625
808	631
808	636
808	714
808	830
808	843
808	847
808	884
808	947
809	62
809	174
809	176
809	178
809	283
809	595
809	662
809	834
809	884
809	899
809	917
809	930
809	953
810	302
810	318
810	446
810	524
810	617
810	831
810	832
810	843
810	895
810	920
810	926
810	944
810	953
811	4
811	207
811	268
811	269
811	365
811	518
811	549
811	603
811	608
811	613
811	699
811	716
811	812
812	74
812	472
812	696
812	780
812	811
812	830
812	881
812	900
812	918
812	944
812	959
812	969
812	983
813	268
813	284
813	438
813	443
813	583
813	591
813	688
813	706
813	783
813	893
813	909
813	952
813	983
813	1000
814	71
814	221
814	353
814	475
814	512
814	542
814	689
814	704
814	857
814	874
814	878
814	947
814	972
814	979
815	171
815	224
815	301
815	364
815	423
815	527
815	589
815	824
815	857
815	869
815	885
815	917
815	927
815	933
816	79
816	187
816	291
816	306
816	348
816	502
816	503
816	516
816	672
816	679
816	799
816	820
816	852
816	922
817	24
817	129
817	319
817	436
817	499
817	509
817	526
817	585
817	635
817	677
817	783
817	836
817	921
817	950
818	46
818	229
818	411
818	534
818	650
818	667
818	750
818	807
818	899
818	902
818	924
818	976
818	980
818	983
819	182
819	220
819	265
819	310
819	483
819	493
819	589
819	704
819	732
819	869
819	917
819	963
819	991
819	998
820	400
820	484
820	519
820	526
820	539
820	553
820	627
820	645
820	766
820	816
820	838
820	879
820	937
820	961
821	15
821	76
821	201
821	249
821	261
821	411
821	454
821	481
821	502
821	509
821	523
821	735
821	767
821	803
822	173
822	209
822	471
822	526
822	563
822	731
822	832
822	852
822	865
822	889
822	894
822	910
822	945
822	1000
823	202
823	278
823	323
823	350
823	412
823	522
823	565
823	591
823	593
823	617
823	621
823	793
823	894
823	924
824	94
824	183
824	230
824	283
824	297
824	460
824	464
824	702
824	747
824	801
824	815
824	932
824	954
824	988
825	355
825	406
825	440
825	606
825	611
825	627
825	642
825	714
825	837
825	842
825	948
825	978
825	980
825	992
826	550
826	556
826	577
826	582
826	584
826	594
826	660
826	672
826	729
826	730
826	761
826	959
826	982
826	992
827	45
827	173
827	262
827	377
827	392
827	555
827	637
827	662
827	681
827	702
827	773
827	791
827	801
827	906
828	57
828	348
828	350
828	351
828	712
828	761
828	768
828	794
828	869
828	909
828	917
828	942
828	956
828	961
829	125
829	154
829	250
829	422
829	622
829	645
829	655
829	663
829	739
829	770
829	798
829	845
829	905
829	959
830	251
830	351
830	508
830	614
830	627
830	668
830	724
830	759
830	767
830	789
830	808
830	812
830	896
830	939
831	3
831	70
831	113
831	212
831	309
831	322
831	336
831	473
831	490
831	535
831	597
831	771
831	810
831	941
832	66
832	391
832	508
832	522
832	527
832	771
832	800
832	810
832	822
832	860
832	864
832	885
832	980
832	999
833	9
833	72
833	306
833	412
833	472
833	528
833	752
833	765
833	838
833	847
833	888
833	948
833	957
833	964
834	25
834	149
834	178
834	255
834	458
834	684
834	690
834	694
834	809
834	858
834	868
834	940
834	959
834	992
835	42
835	267
835	351
835	406
835	408
835	474
835	494
835	502
835	570
835	600
835	697
835	878
835	957
835	967
836	43
836	243
836	304
836	467
836	621
836	637
836	742
836	749
836	817
836	887
836	929
836	950
836	957
836	967
837	175
837	298
837	405
837	508
837	586
837	695
837	777
837	825
837	847
837	855
837	910
837	923
837	943
837	995
838	382
838	426
838	429
838	477
838	603
838	667
838	674
838	711
838	729
838	820
838	833
838	899
838	983
838	984
839	96
839	212
839	288
839	315
839	349
839	367
839	368
839	552
839	597
839	647
839	678
839	796
839	800
839	920
840	54
840	105
840	144
840	259
840	262
840	331
840	375
840	446
840	460
840	510
840	625
840	674
840	740
840	750
841	169
841	262
841	297
841	358
841	409
841	524
841	550
841	576
841	764
841	787
841	902
841	942
841	963
841	996
842	15
842	49
842	120
842	161
842	331
842	340
842	646
842	778
842	825
842	886
842	888
842	918
842	964
842	987
843	145
843	180
843	199
843	245
843	429
843	432
843	476
843	491
843	570
843	666
843	805
843	808
843	810
843	966
844	283
844	326
844	393
844	492
844	515
844	582
844	737
844	881
844	924
844	928
844	943
844	954
844	962
844	976
845	20
845	128
845	200
845	204
845	240
845	405
845	515
845	673
845	829
845	869
845	916
845	945
845	971
845	985
846	38
846	100
846	226
846	368
846	418
846	620
846	650
846	671
846	720
846	882
846	915
846	941
846	968
846	978
847	191
847	274
847	279
847	327
847	461
847	699
847	712
847	808
847	833
847	837
847	867
847	955
847	957
847	988
848	120
848	289
848	303
848	320
848	404
848	500
848	562
848	597
848	603
848	657
848	727
848	890
848	995
848	997
849	77
849	97
849	438
849	576
849	588
849	666
849	679
849	700
849	751
849	774
849	782
849	801
849	902
849	951
850	173
850	203
850	228
850	398
850	437
850	506
850	603
850	703
850	732
850	761
850	779
850	881
850	963
850	970
851	51
851	73
851	74
851	144
851	150
851	239
851	281
851	529
851	543
851	624
851	717
851	757
851	904
851	936
852	6
852	121
852	259
852	267
852	355
852	464
852	527
852	566
852	607
852	719
852	816
852	822
852	856
852	975
853	15
853	348
853	363
853	561
853	595
853	607
853	631
853	868
853	871
853	879
853	897
853	919
853	987
853	989
854	56
854	66
854	78
854	210
854	260
854	436
854	471
854	497
854	548
854	610
854	649
854	707
854	752
854	906
855	39
855	51
855	150
855	271
855	338
855	444
855	581
855	626
855	629
855	669
855	837
855	876
855	932
855	990
856	10
856	191
856	195
856	464
856	481
856	500
856	515
856	766
856	771
856	805
856	852
856	871
856	904
856	958
856	962
857	6
857	248
857	291
857	325
857	358
857	367
857	384
857	530
857	621
857	762
857	775
857	814
857	815
857	941
857	942
858	127
858	159
858	238
858	417
858	539
858	550
858	648
858	658
858	705
858	755
858	794
858	834
858	863
858	903
858	994
859	28
859	93
859	345
859	395
859	434
859	514
859	520
859	521
859	715
859	724
859	879
859	961
859	967
859	969
859	998
860	82
860	205
860	243
860	517
860	544
860	619
860	622
860	629
860	692
860	703
860	721
860	754
860	776
860	832
860	932
861	14
861	130
861	252
861	264
861	288
861	321
861	388
861	462
861	514
861	572
861	641
861	644
861	791
861	878
861	915
862	29
862	229
862	239
862	320
862	405
862	545
862	577
862	600
862	621
862	678
862	716
862	750
862	783
862	880
862	982
863	8
863	64
863	71
863	92
863	121
863	242
863	330
863	484
863	692
863	733
863	737
863	777
863	858
863	889
863	891
864	129
864	316
864	347
864	355
864	423
864	435
864	446
864	527
864	557
864	612
864	799
864	832
864	894
864	941
864	972
865	59
865	232
865	316
865	423
865	637
865	694
865	763
865	770
865	822
865	912
865	938
865	942
865	948
865	974
865	991
866	103
866	129
866	179
866	422
866	431
866	545
866	564
866	595
866	662
866	714
866	733
866	764
866	769
866	780
866	918
867	102
867	319
867	322
867	548
867	569
867	587
867	593
867	657
867	703
867	722
867	739
867	847
867	875
867	950
867	996
868	84
868	111
868	257
868	291
868	403
868	414
868	699
868	758
868	797
868	834
868	853
868	925
868	957
868	979
868	989
869	98
869	307
869	549
869	628
869	674
869	724
869	728
869	744
869	815
869	819
869	828
869	845
869	893
869	901
869	987
870	55
870	245
870	246
870	299
870	401
870	432
870	510
870	662
870	719
870	732
870	743
870	896
870	910
870	911
870	963
871	93
871	317
871	419
871	569
871	594
871	726
871	786
871	853
871	856
871	918
871	919
871	926
871	927
871	956
871	963
872	197
872	209
872	247
872	248
872	314
872	333
872	487
872	492
872	524
872	728
872	733
872	886
872	898
872	901
872	956
873	78
873	84
873	191
873	238
873	309
873	335
873	432
873	573
873	586
873	608
873	616
873	658
873	760
873	883
873	951
874	47
874	67
874	216
874	325
874	401
874	481
874	549
874	624
874	644
874	662
874	668
874	814
874	875
874	935
874	974
875	104
875	349
875	353
875	485
875	566
875	581
875	692
875	722
875	778
875	784
875	867
875	874
875	935
875	973
875	978
876	50
876	238
876	304
876	310
876	661
876	696
876	740
876	742
876	749
876	805
876	855
876	877
876	885
876	894
876	952
877	134
877	154
877	410
877	497
877	569
877	584
877	592
877	678
877	698
877	794
877	876
877	930
877	934
877	947
877	981
878	104
878	207
878	250
878	265
878	490
878	717
878	732
878	771
878	814
878	835
878	861
878	893
878	950
878	965
878	980
879	89
879	191
879	474
879	485
879	493
879	500
879	581
879	672
879	678
879	722
879	820
879	853
879	859
879	953
879	990
880	32
880	154
880	290
880	293
880	350
880	363
880	539
880	692
880	768
880	862
880	888
880	897
880	911
880	933
880	952
881	43
881	125
881	132
881	137
881	558
881	568
881	616
881	707
881	812
881	844
881	850
881	901
881	905
881	986
881	998
882	67
882	158
882	266
882	310
882	315
882	383
882	431
882	469
882	485
882	581
882	660
882	788
882	846
882	922
882	995
883	8
883	29
883	33
883	119
883	289
883	385
883	389
883	427
883	576
883	617
883	640
883	873
883	931
883	948
883	992
884	35
884	66
884	504
884	519
884	531
884	538
884	594
884	599
884	601
884	714
884	808
884	809
884	933
884	956
884	963
885	77
885	365
885	484
885	512
885	558
885	685
885	719
885	768
885	815
885	832
885	876
885	888
885	917
885	920
885	964
886	2
886	124
886	244
886	392
886	488
886	512
886	528
886	643
886	699
886	724
886	761
886	842
886	872
886	892
886	898
887	26
887	69
887	351
887	429
887	468
887	531
887	581
887	630
887	646
887	755
887	836
887	908
887	925
887	970
887	983
888	92
888	99
888	107
888	459
888	680
888	705
888	743
888	756
888	767
888	833
888	842
888	880
888	885
888	908
888	997
889	38
889	89
889	116
889	136
889	220
889	294
889	461
889	485
889	631
889	781
889	822
889	863
889	917
889	930
889	958
890	100
890	131
890	182
890	206
890	337
890	483
890	496
890	525
890	633
890	651
890	713
890	716
890	727
890	848
890	942
891	53
891	76
891	152
891	212
891	364
891	407
891	444
891	605
891	653
891	713
891	717
891	863
891	902
891	973
891	981
892	22
892	88
892	137
892	219
892	234
892	415
892	567
892	643
892	729
892	804
892	886
892	894
892	963
892	965
892	974
892	988
893	117
893	157
893	275
893	327
893	399
893	534
893	593
893	724
893	756
893	813
893	869
893	878
893	894
893	924
893	934
893	936
894	235
894	333
894	336
894	368
894	422
894	438
894	716
894	778
894	822
894	823
894	864
894	876
894	892
894	893
894	951
894	989
895	260
895	338
895	343
895	382
895	401
895	441
895	491
895	535
895	539
895	585
895	664
895	702
895	744
895	788
895	810
895	998
896	203
896	251
896	260
896	342
896	439
896	462
896	466
896	568
896	573
896	599
896	671
896	690
896	782
896	830
896	870
896	998
897	154
897	279
897	386
897	425
897	660
897	675
897	685
897	702
897	735
897	853
897	880
897	921
897	971
897	987
897	992
897	995
898	296
898	438
898	489
898	524
898	540
898	558
898	566
898	591
898	596
898	610
898	693
898	713
898	740
898	872
898	886
898	972
899	12
899	177
899	271
899	307
899	352
899	572
899	680
899	691
899	809
899	818
899	838
899	924
899	926
899	966
899	968
899	980
900	57
900	395
900	416
900	447
900	578
900	592
900	614
900	623
900	641
900	648
900	702
900	719
900	726
900	777
900	812
900	957
901	264
901	381
901	393
901	483
901	517
901	632
901	652
901	671
901	737
901	749
901	869
901	872
901	881
901	919
901	974
901	992
902	58
902	85
902	112
902	326
902	335
902	343
902	399
902	489
902	704
902	718
902	759
902	818
902	841
902	849
902	891
902	917
903	79
903	269
903	377
903	394
903	426
903	505
903	544
903	635
903	645
903	678
903	700
903	748
903	806
903	858
903	916
903	941
904	46
904	106
904	249
904	338
904	375
904	404
904	487
904	493
904	514
904	630
904	738
904	851
904	856
904	913
904	973
904	975
905	114
905	230
905	287
905	427
905	484
905	568
905	584
905	660
905	769
905	789
905	829
905	881
905	908
905	919
905	935
905	940
906	5
906	276
906	352
906	403
906	496
906	535
906	578
906	599
906	639
906	665
906	713
906	728
906	801
906	827
906	854
906	962
907	131
907	143
907	297
907	317
907	478
907	545
907	571
907	667
907	697
907	762
907	798
907	803
907	920
907	923
907	950
907	998
908	50
908	143
908	226
908	393
908	490
908	496
908	535
908	565
908	677
908	887
908	888
908	905
908	933
908	956
908	969
908	999
909	45
909	128
909	139
909	155
909	452
909	470
909	693
909	717
909	727
909	813
909	828
909	913
909	919
909	965
909	977
909	994
910	145
910	295
910	362
910	490
910	553
910	591
910	702
910	759
910	772
910	781
910	822
910	837
910	870
910	915
910	958
910	987
911	42
911	105
911	156
911	258
911	296
911	400
911	403
911	408
911	652
911	655
911	752
911	760
911	870
911	880
911	945
911	997
912	72
912	156
912	298
912	341
912	455
912	637
912	642
912	671
912	714
912	749
912	797
912	807
912	865
912	916
912	960
912	981
913	22
913	48
913	462
913	463
913	500
913	552
913	601
913	652
913	679
913	697
913	759
913	774
913	904
913	909
913	944
913	962
914	64
914	99
914	147
914	206
914	316
914	394
914	433
914	442
914	502
914	541
914	567
914	572
914	605
914	777
914	806
914	977
915	67
915	138
915	196
915	199
915	300
915	354
915	396
915	469
915	538
915	741
915	756
915	807
915	846
915	861
915	910
915	970
916	85
916	87
916	234
916	315
916	423
916	558
916	668
916	669
916	749
916	800
916	845
916	903
916	912
916	929
916	934
916	946
916	987
917	63
917	146
917	223
917	337
917	561
917	600
917	702
917	712
917	725
917	731
917	809
917	815
917	819
917	828
917	885
917	889
917	902
918	132
918	138
918	293
918	520
918	532
918	598
918	676
918	678
918	728
918	762
918	812
918	842
918	866
918	871
918	941
918	956
918	975
919	297
919	336
919	416
919	445
919	567
919	600
919	649
919	660
919	739
919	797
919	853
919	871
919	901
919	905
919	909
919	954
919	976
920	13
920	218
920	219
920	245
920	339
920	396
920	452
920	564
920	643
920	683
920	772
920	776
920	804
920	810
920	839
920	885
920	907
921	14
921	60
921	173
921	225
921	262
921	400
921	498
921	511
921	521
921	537
921	546
921	636
921	664
921	709
921	780
921	817
921	897
922	100
922	110
922	380
922	406
922	417
922	433
922	434
922	526
922	588
922	604
922	736
922	778
922	793
922	816
922	882
922	985
922	991
923	5
923	47
923	58
923	84
923	213
923	276
923	314
923	428
923	495
923	529
923	837
923	907
923	930
923	931
923	962
923	975
923	1000
924	117
924	207
924	235
924	370
924	374
924	525
924	539
924	581
924	583
924	595
924	690
924	818
924	823
924	844
924	893
924	899
924	934
925	22
925	187
925	235
925	306
925	341
925	580
925	707
925	713
925	723
925	794
925	795
925	868
925	887
925	965
925	976
925	979
925	1000
926	35
926	208
926	263
926	289
926	298
926	324
926	499
926	625
926	659
926	689
926	709
926	810
926	871
926	899
926	943
926	963
926	985
927	60
927	82
927	198
927	207
927	241
927	443
927	486
927	600
927	626
927	759
927	770
927	772
927	815
927	871
927	929
927	939
927	994
928	131
928	206
928	221
928	302
928	335
928	444
928	558
928	597
928	606
928	629
928	652
928	658
928	753
928	767
928	844
928	976
928	999
929	256
929	280
929	303
929	406
929	415
929	439
929	467
929	513
929	514
929	653
929	676
929	738
929	836
929	916
929	927
929	952
929	994
930	11
930	111
930	142
930	260
930	512
930	601
930	606
930	662
930	723
930	731
930	791
930	809
930	877
930	889
930	923
930	936
930	956
931	17
931	21
931	114
931	151
931	401
931	554
931	753
931	762
931	778
931	800
931	883
931	923
931	935
931	964
931	967
931	980
931	997
932	119
932	304
932	371
932	449
932	500
932	567
932	623
932	642
932	760
932	770
932	807
932	824
932	855
932	860
932	936
932	946
932	972
933	155
933	193
933	244
933	275
933	363
933	391
933	447
933	591
933	620
933	636
933	713
933	773
933	815
933	880
933	884
933	908
933	941
934	26
934	105
934	244
934	245
934	374
934	403
934	475
934	679
934	775
934	794
934	877
934	893
934	916
934	924
934	954
934	990
934	995
935	41
935	198
935	229
935	235
935	380
935	449
935	480
935	552
935	577
935	586
935	613
935	682
935	874
935	875
935	905
935	931
935	944
936	191
936	294
936	339
936	511
936	513
936	606
936	625
936	686
936	697
936	738
936	805
936	851
936	893
936	930
936	932
936	956
936	979
937	25
937	65
937	166
937	178
937	252
937	253
937	258
937	321
937	528
937	617
937	728
937	792
937	820
937	954
937	978
937	991
937	999
938	8
938	208
938	292
938	329
938	368
938	385
938	439
938	452
938	578
938	705
938	738
938	755
938	791
938	792
938	796
938	865
938	965
939	28
939	76
939	205
939	242
939	259
939	338
939	497
939	585
939	647
939	674
939	720
939	738
939	757
939	791
939	830
939	927
939	975
940	188
940	213
940	216
940	313
940	358
940	410
940	451
940	529
940	556
940	581
940	591
940	704
940	749
940	834
940	905
940	964
940	996
941	44
941	158
941	643
941	718
941	729
941	764
941	790
941	831
941	846
941	857
941	864
941	903
941	918
941	933
941	958
941	974
941	1000
942	71
942	91
942	157
942	174
942	201
942	458
942	469
942	470
942	674
942	828
942	841
942	857
942	865
942	890
942	951
942	959
942	982
943	46
943	77
943	267
943	350
943	402
943	504
943	683
943	719
943	725
943	729
943	788
943	791
943	837
943	844
943	926
943	971
943	976
944	8
944	51
944	125
944	161
944	449
944	480
944	490
944	593
944	661
944	791
944	810
944	812
944	913
944	935
944	967
944	972
944	979
945	234
945	254
945	381
945	575
945	609
945	626
945	682
945	685
945	701
945	712
945	822
945	845
945	911
945	950
945	956
945	969
945	994
946	109
946	277
946	300
946	311
946	552
946	641
946	670
946	680
946	745
946	752
946	757
946	772
946	916
946	932
946	948
946	955
946	979
946	997
947	142
947	162
947	257
947	379
947	416
947	548
947	585
947	612
947	638
947	641
947	769
947	778
947	779
947	780
947	808
947	814
947	877
947	958
948	320
948	400
948	426
948	511
948	533
948	559
948	706
948	721
948	724
948	750
948	771
948	825
948	833
948	865
948	883
948	946
948	988
948	996
949	5
949	119
949	164
949	289
949	345
949	369
949	390
949	590
949	618
949	710
949	719
949	767
949	806
949	950
949	960
949	963
949	980
949	987
950	36
950	38
950	116
950	262
950	277
950	587
950	635
950	670
950	703
950	758
950	817
950	836
950	867
950	878
950	907
950	945
950	949
950	952
951	3
951	57
951	177
951	374
951	425
951	457
951	517
951	551
951	598
951	635
951	642
951	783
951	849
951	873
951	894
951	942
951	953
951	966
952	42
952	271
952	406
952	454
952	540
952	550
952	582
952	592
952	732
952	813
952	876
952	880
952	929
952	950
952	965
952	974
952	985
952	989
953	50
953	104
953	171
953	342
953	344
953	509
953	553
953	614
953	624
953	682
953	718
953	790
953	792
953	809
953	810
953	879
953	951
953	966
954	10
954	187
954	197
954	322
954	426
954	542
954	563
954	668
954	705
954	824
954	844
954	919
954	934
954	937
954	965
954	974
954	980
954	982
955	99
955	124
955	170
955	207
955	248
955	251
955	309
955	389
955	447
955	492
955	686
955	725
955	732
955	785
955	803
955	847
955	946
955	963
956	94
956	110
956	401
956	443
956	456
956	499
956	546
956	741
956	828
956	871
956	872
956	884
956	908
956	918
956	930
956	936
956	945
956	990
957	73
957	217
957	268
957	311
957	312
957	372
957	466
957	523
957	638
957	656
957	779
957	789
957	833
957	835
957	836
957	847
957	868
957	900
958	158
958	415
958	442
958	509
958	518
958	575
958	607
958	690
958	699
958	704
958	723
958	789
958	799
958	856
958	889
958	910
958	941
958	947
959	139
959	152
959	176
959	201
959	335
959	380
959	604
959	610
959	661
959	747
959	806
959	812
959	826
959	829
959	834
959	942
959	993
959	996
960	34
960	129
960	190
960	234
960	387
960	433
960	481
960	563
960	565
960	612
960	751
960	783
960	789
960	796
960	912
960	949
960	968
960	991
961	15
961	141
961	269
961	461
961	522
961	537
961	540
961	579
961	607
961	620
961	645
961	663
961	686
961	775
961	820
961	828
961	859
961	1000
962	53
962	276
962	323
962	355
962	470
962	529
962	655
962	656
962	731
962	764
962	781
962	844
962	856
962	906
962	913
962	923
962	972
962	982
963	349
963	449
963	519
963	601
963	701
963	722
963	748
963	819
963	841
963	850
963	870
963	871
963	884
963	892
963	926
963	949
963	955
963	985
964	239
964	255
964	306
964	442
964	598
964	622
964	707
964	722
964	738
964	771
964	773
964	800
964	833
964	842
964	885
964	931
964	940
964	969
965	83
965	138
965	228
965	262
965	517
965	536
965	739
965	747
965	878
965	892
965	909
965	925
965	938
965	952
965	954
965	967
965	976
965	1000
966	36
966	124
966	211
966	233
966	265
966	319
966	326
966	479
966	639
966	659
966	667
966	721
966	743
966	754
966	843
966	899
966	951
966	953
967	55
967	263
967	306
967	385
967	411
967	574
967	752
967	773
967	775
967	802
967	835
967	836
967	859
967	931
967	944
967	965
967	986
967	988
968	11
968	38
968	49
968	61
968	72
968	99
968	296
968	457
968	543
968	580
968	590
968	602
968	650
968	750
968	846
968	899
968	960
968	980
969	140
969	170
969	216
969	281
969	312
969	346
969	360
969	408
969	574
969	655
969	673
969	733
969	753
969	786
969	812
969	859
969	908
969	945
969	964
970	42
970	122
970	128
970	223
970	287
970	436
970	456
970	462
970	468
970	504
970	562
970	666
970	748
970	777
970	850
970	887
970	915
970	982
970	983
971	15
971	66
971	87
971	97
971	141
971	288
971	327
971	369
971	450
971	520
971	607
971	659
971	663
971	680
971	777
971	845
971	897
971	943
971	973
972	27
972	76
972	489
972	494
972	497
972	631
972	666
972	669
972	729
972	750
972	759
972	797
972	814
972	864
972	898
972	932
972	944
972	962
972	982
973	17
973	154
973	194
973	287
973	383
973	450
973	520
973	565
973	620
973	664
973	740
973	742
973	875
973	891
973	904
973	971
973	977
973	995
973	996
974	298
974	357
974	457
974	459
974	599
974	640
974	714
974	719
974	767
974	779
974	865
974	874
974	892
974	901
974	941
974	952
974	954
974	981
974	984
975	7
975	176
975	196
975	200
975	219
975	227
975	352
975	375
975	472
975	486
975	502
975	608
975	672
975	737
975	852
975	904
975	918
975	923
975	939
976	79
976	150
976	200
976	361
976	478
976	480
976	501
976	603
976	723
976	737
976	797
976	818
976	844
976	919
976	925
976	928
976	943
976	965
976	983
977	34
977	54
977	172
977	204
977	234
977	243
977	367
977	380
977	440
977	560
977	589
977	712
977	803
977	909
977	914
977	973
977	978
977	990
977	993
978	79
978	80
978	237
978	265
978	277
978	285
978	301
978	463
978	570
978	735
978	805
978	825
978	846
978	875
978	937
978	977
978	982
978	989
978	995
979	118
979	254
979	299
979	368
979	398
979	529
979	552
979	570
979	587
979	755
979	758
979	788
979	801
979	814
979	868
979	925
979	936
979	944
979	946
980	47
980	199
980	606
980	631
980	650
980	654
980	710
980	742
980	769
980	806
980	818
980	825
980	832
980	878
980	899
980	931
980	949
980	954
980	968
981	224
981	293
981	351
981	381
981	393
981	425
981	474
981	518
981	573
981	590
981	634
981	679
981	696
981	702
981	749
981	877
981	891
981	912
981	974
982	138
982	251
982	351
982	361
982	615
982	629
982	674
982	677
982	761
982	773
982	826
982	862
982	942
982	954
982	962
982	970
982	972
982	978
982	993
983	2
983	17
983	23
983	48
983	194
983	469
983	486
983	496
983	623
983	624
983	688
983	762
983	812
983	813
983	818
983	838
983	887
983	970
983	976
984	42
984	175
984	229
984	240
984	250
984	282
984	307
984	457
984	461
984	475
984	486
984	562
984	617
984	626
984	664
984	693
984	740
984	838
984	974
985	6
985	186
985	304
985	347
985	358
985	363
985	401
985	572
985	595
985	605
985	691
985	709
985	773
985	845
985	922
985	926
985	952
985	963
985	999
986	45
986	205
986	230
986	236
986	260
986	272
986	369
986	375
986	489
986	650
986	674
986	682
986	702
986	727
986	801
986	881
986	967
986	991
986	992
987	68
987	136
987	261
987	495
987	542
987	602
987	618
987	764
987	769
987	792
987	804
987	842
987	853
987	869
987	897
987	910
987	916
987	949
987	994
988	23
988	127
988	130
988	247
988	273
988	424
988	437
988	455
988	482
988	504
988	582
988	687
988	776
988	801
988	824
988	847
988	892
988	948
988	967
989	3
989	177
989	224
989	402
989	413
989	424
989	494
989	507
989	534
989	550
989	604
989	651
989	736
989	758
989	853
989	868
989	894
989	952
989	978
990	278
990	376
990	429
990	443
990	454
990	482
990	493
990	494
990	643
990	651
990	667
990	703
990	715
990	855
990	879
990	934
990	956
990	977
990	991
991	30
991	106
991	176
991	202
991	239
991	385
991	474
991	508
991	527
991	609
991	702
991	736
991	819
991	865
991	922
991	937
991	960
991	986
991	990
992	49
992	51
992	277
992	278
992	318
992	382
992	612
992	630
992	654
992	686
992	701
992	718
992	728
992	825
992	826
992	834
992	883
992	897
992	901
992	986
993	65
993	307
993	362
993	378
993	463
993	487
993	495
993	573
993	637
993	650
993	655
993	703
993	729
993	733
993	793
993	802
993	959
993	977
993	982
993	996
994	94
994	156
994	198
994	335
994	364
994	378
994	384
994	397
994	430
994	526
994	560
994	580
994	751
994	798
994	858
994	909
994	927
994	929
994	945
994	987
995	102
995	110
995	126
995	391
995	410
995	440
995	516
995	572
995	606
995	609
995	721
995	736
995	756
995	837
995	848
995	882
995	897
995	934
995	973
995	978
996	37
996	50
996	143
996	231
996	246
996	367
996	431
996	449
996	488
996	491
996	561
996	599
996	727
996	841
996	867
996	940
996	948
996	959
996	973
996	993
997	29
997	71
997	87
997	117
997	123
997	134
997	153
997	248
997	277
997	370
997	502
997	513
997	587
997	673
997	783
997	848
997	888
997	911
997	931
997	946
998	150
998	168
998	251
998	313
998	317
998	324
998	366
998	372
998	478
998	610
998	627
998	628
998	766
998	770
998	819
998	859
998	881
998	895
998	896
998	907
999	12
999	70
999	77
999	107
999	110
999	201
999	206
999	264
999	294
999	383
999	588
999	645
999	686
999	730
999	783
999	832
999	908
999	928
999	937
999	985
1000	24
1000	395
1000	423
1000	467
1000	492
1000	532
1000	540
1000	545
1000	563
1000	566
1000	578
1000	652
1000	795
1000	813
1000	822
1000	923
1000	925
1000	941
1000	961
1000	965
