1	250
1	723
1	748
1	822
1	842
1	937
2	169
2	334
2	376
2	757
2	772
2	794
3	373
3	543
3	684
3	782
3	944
3	975
4	59
4	235
4	520
4	581
4	587
4	910
5	109
5	394
5	580
5	704
5	789
5	863
6	392
6	649
6	713
6	748
6	895
6	901
7	231
7	457
7	516
7	579
7	638
7	888
8	404
8	657
8	680
8	844
8	925
8	934
9	78
9	121
9	575
9	652
9	887
9	968
10	48
10	373
10	465
10	703
10	871
10	948
11	273
11	591
11	723
11	763
11	843
11	885
12	156
12	645
12	706
12	713
12	792
12	849
13	412
13	502
13	506
13	802
13	806
13	932
14	101
14	301
14	595
14	849
14	948
14	986
15	365
15	415
15	528
15	817
15	953
15	967
16	497
16	650
16	794
16	919
16	921
16	969
17	256
17	386
17	644
17	677
17	759
17	909
18	459
18	474
18	642
18	747
18	871
18	959
19	164
19	173
19	487
19	689
19	747
19	884
20	823
20	858
20	875
20	917
20	962
20	988
21	242
21	400
21	411
21	713
21	860
21	924
22	295
22	512
22	629
22	751
22	935
22	962
23	136
23	276
23	580
23	910
23	950
23	952
24	468
24	482
24	532
24	629
24	683
24	821
25	221
25	308
25	384
25	594
25	796
25	966
26	54
26	400
26	662
26	686
26	705
26	709
27	92
27	123
27	760
27	851
27	967
27	993
28	434
28	500
28	604
28	878
28	940
28	992
29	242
29	347
29	548
29	600
29	804
29	997
30	487
30	530
30	800
30	954
30	955
30	989
31	281
31	335
31	593
31	811
31	895
31	995
32	149
32	265
32	524
32	633
32	862
32	940
33	623
33	663
33	706
33	728
33	820
33	889
34	89
34	624
34	879
34	880
34	884
34	908
35	293
35	314
35	482
35	772
35	926
35	962
36	132
36	340
36	703
36	744
36	854
36	926
37	79
37	154
37	483
37	509
37	661
37	909
38	396
38	615
38	655
38	835
38	864
38	944
39	271
39	283
39	506
39	798
39	889
39	975
40	440
40	509
40	556
40	787
40	808
40	830
41	306
41	411
41	471
41	949
41	969
41	982
42	106
42	120
42	342
42	736
42	747
42	800
43	70
43	373
43	587
43	832
43	882
43	978
44	498
44	517
44	518
44	551
44	754
44	822
45	99
45	429
45	773
45	808
45	851
45	867
46	679
46	721
46	757
46	846
46	881
46	920
47	285
47	461
47	646
47	833
47	865
47	869
48	10
48	504
48	537
48	557
48	721
48	864
49	112
49	192
49	449
49	508
49	540
49	556
50	209
50	353
50	602
50	722
50	763
50	814
51	104
51	319
51	375
51	383
51	764
51	907
52	121
52	568
52	683
52	722
52	783
52	1000
53	365
53	530
53	759
53	890
53	959
53	995
54	26
54	151
54	265
54	639
54	831
54	896
55	274
55	526
55	634
55	668
55	688
55	933
56	159
56	281
56	393
56	413
56	920
56	939
57	640
57	786
57	792
57	865
57	949
57	981
58	418
58	775
58	812
58	969
58	995
58	999
59	4
59	368
59	659
59	726
59	868
59	970
60	209
60	216
60	242
60	440
60	686
60	992
61	376
61	656
61	776
61	874
61	899
61	965
62	301
62	381
62	544
62	551
62	608
62	746
63	72
63	407
63	522
63	565
63	839
63	939
64	223
64	539
64	554
64	812
64	893
64	936
65	441
65	481
65	485
65	669
65	826
65	899
66	220
66	550
66	571
66	859
66	867
66	881
67	425
67	478
67	667
67	795
67	829
67	853
68	234
68	555
68	883
68	936
68	983
68	992
69	482
69	579
69	724
69	780
69	937
69	982
70	43
70	832
70	881
70	929
70	936
70	987
71	419
71	560
71	787
71	907
71	937
71	973
72	63
72	243
72	391
72	448
72	651
72	880
73	176
73	219
73	344
73	482
73	727
73	992
74	91
74	253
74	281
74	466
74	974
74	992
75	248
75	298
75	418
75	792
75	947
75	963
76	440
76	597
76	791
76	830
76	934
76	991
77	233
77	646
77	673
77	765
77	925
77	997
78	9
78	679
78	688
78	856
78	909
78	914
79	37
79	280
79	301
79	326
79	896
79	918
80	247
80	292
80	311
80	768
80	872
80	932
81	430
81	489
81	567
81	696
81	932
81	936
82	409
82	635
82	687
82	726
82	849
82	951
83	180
83	627
83	703
83	724
83	815
83	871
84	110
84	273
84	830
84	884
84	966
84	981
85	120
85	257
85	468
85	549
85	733
85	911
86	187
86	291
86	576
86	703
86	777
86	952
87	311
87	465
87	572
87	621
87	817
87	999
88	425
88	448
88	510
88	529
88	760
88	930
89	34
89	299
89	422
89	484
89	673
89	890
90	468
90	700
90	791
90	819
90	890
90	942
91	74
91	367
91	455
91	783
91	905
91	972
92	27
92	180
92	469
92	674
92	699
92	751
93	118
93	134
93	158
93	927
93	971
93	973
94	286
94	508
94	522
94	777
94	953
94	956
95	173
95	611
95	631
95	672
95	720
95	851
96	544
96	608
96	617
96	636
96	911
96	954
97	217
97	247
97	490
97	521
97	773
97	791
98	197
98	615
98	636
98	953
98	961
98	990
99	45
99	333
99	499
99	606
99	722
99	826
100	203
100	345
100	361
100	472
100	510
100	656
101	14
101	271
101	609
101	735
101	829
101	968
102	117
102	413
102	571
102	611
102	866
102	868
103	274
103	355
103	627
103	913
103	920
103	966
104	51
104	183
104	598
104	674
104	863
104	939
105	141
105	623
105	685
105	724
105	842
105	999
106	42
106	165
106	364
106	469
106	493
106	633
107	407
107	496
107	569
107	696
107	856
107	928
108	395
108	470
108	800
108	813
108	904
108	941
109	5
109	269
109	489
109	591
109	877
109	946
110	84
110	650
110	686
110	869
110	958
110	980
111	439
111	441
111	532
111	850
111	930
111	986
112	49
112	244
112	397
112	663
112	664
112	701
113	147
113	200
113	237
113	766
113	849
113	948
114	229
114	258
114	665
114	688
114	693
114	756
115	136
115	318
115	440
115	734
115	955
115	977
116	562
116	661
116	914
116	934
116	990
116	999
117	102
117	515
117	516
117	706
117	729
117	821
118	93
118	566
118	699
118	901
118	908
118	941
119	137
119	521
119	562
119	758
119	846
119	928
120	42
120	85
120	228
120	467
120	752
120	828
121	9
121	52
121	470
121	474
121	943
121	947
122	227
122	538
122	726
122	907
122	989
122	995
123	27
123	294
123	669
123	840
123	927
123	989
124	471
124	588
124	675
124	769
124	891
124	944
125	517
125	561
125	840
125	961
125	964
125	993
126	227
126	546
126	593
126	595
126	598
126	734
127	349
127	425
127	521
127	915
127	988
127	998
128	789
128	856
128	872
128	947
128	953
128	1000
129	358
129	566
129	608
129	818
129	918
129	969
130	304
130	539
130	749
130	785
130	882
130	990
131	472
131	549
131	580
131	599
131	843
131	975
132	36
132	420
132	451
132	501
132	797
132	905
133	239
133	559
133	910
133	920
133	944
133	971
134	93
134	436
134	519
134	644
134	876
134	947
135	622
135	672
135	698
135	794
135	888
135	906
136	23
136	115
136	423
136	452
136	663
136	789
137	119
137	264
137	517
137	663
137	670
137	825
138	148
138	226
138	450
138	691
138	793
138	964
139	226
139	249
139	531
139	787
139	827
139	835
140	604
140	685
140	798
140	895
140	960
140	1000
141	105
141	369
141	514
141	637
141	867
141	876
142	242
142	255
142	356
142	646
142	676
142	850
143	733
143	746
143	789
143	904
143	950
143	977
144	531
144	651
144	699
144	768
144	917
144	952
145	254
145	306
145	522
145	743
145	968
145	969
146	244
146	295
146	496
146	602
146	805
146	976
147	113
147	519
147	544
147	686
147	797
147	805
148	138
148	192
148	355
148	409
148	924
148	957
149	32
149	304
149	864
149	870
149	894
149	896
150	319
150	581
150	667
150	707
150	931
150	957
151	54
151	219
151	656
151	764
151	912
151	985
152	230
152	431
152	504
152	749
152	825
152	934
153	643
153	680
153	692
153	744
153	800
153	874
154	37
154	162
154	393
154	858
154	932
154	978
155	378
155	464
155	546
155	597
155	610
155	894
156	12
156	233
156	855
156	985
156	988
156	996
157	396
157	488
157	792
157	868
157	940
157	958
158	93
158	198
158	819
158	909
158	981
158	1000
159	56
159	535
159	541
159	753
159	761
159	820
160	246
160	341
160	426
160	575
160	783
160	823
161	415
161	659
161	668
161	814
161	842
161	946
162	154
162	370
162	621
162	729
162	970
162	993
163	278
163	535
163	662
163	700
163	958
163	966
164	19
164	500
164	539
164	700
164	765
164	924
165	106
165	360
165	539
165	654
165	899
165	950
166	202
166	534
166	877
166	917
166	920
166	932
167	277
167	419
167	538
167	836
167	846
167	894
168	387
168	584
168	632
168	652
168	682
168	951
169	2
169	669
169	681
169	773
169	887
169	919
170	212
170	250
170	382
170	495
170	834
170	970
171	554
171	601
171	946
171	966
171	976
171	994
172	196
172	224
172	232
172	520
172	770
172	929
173	19
173	95
173	194
173	394
173	553
173	872
174	355
174	480
174	618
174	670
174	839
174	954
175	453
175	553
175	794
175	903
175	931
175	959
176	73
176	327
176	517
176	618
176	778
176	929
177	398
177	660
177	825
177	878
177	886
177	994
178	182
178	517
178	536
178	750
178	808
178	966
179	196
179	500
179	513
179	562
179	692
179	944
180	83
180	92
180	284
180	583
180	628
180	854
181	361
181	424
181	605
181	651
181	856
181	918
182	178
182	545
182	663
182	671
182	762
182	792
183	104
183	357
183	627
183	731
183	881
183	942
184	431
184	653
184	752
184	765
184	866
184	962
185	307
185	671
185	677
185	776
185	840
185	866
186	481
186	542
186	753
186	817
186	851
186	926
187	86
187	543
187	642
187	767
187	963
187	996
188	649
188	695
188	813
188	859
188	952
188	959
189	269
189	329
189	398
189	507
189	563
189	723
190	255
190	258
190	262
190	320
190	894
190	989
191	193
191	610
191	822
191	869
191	919
191	953
192	49
192	148
192	736
192	764
192	901
192	917
193	191
193	243
193	289
193	405
193	487
193	888
194	173
194	264
194	515
194	702
194	786
194	873
195	445
195	472
195	713
195	819
195	870
195	987
196	172
196	179
196	677
196	856
196	859
196	924
197	98
197	423
197	476
197	645
197	790
197	961
198	158
198	238
198	606
198	659
198	669
198	975
199	293
199	445
199	642
199	670
199	677
199	978
200	113
200	434
200	532
200	647
200	684
200	785
201	205
201	232
201	519
201	783
201	907
201	960
202	166
202	327
202	665
202	903
202	929
202	990
203	100
203	563
203	838
203	902
203	918
203	920
204	310
204	418
204	442
204	835
204	909
204	913
205	201
205	616
205	654
205	852
205	895
205	982
206	530
206	561
206	791
206	832
206	870
206	945
207	362
207	514
207	554
207	623
207	915
207	923
208	386
208	390
208	739
208	854
208	904
208	988
209	50
209	60
209	686
209	765
209	883
209	986
210	223
210	343
210	466
210	669
210	698
210	767
211	499
211	648
211	835
211	878
211	984
211	990
212	170
212	288
212	552
212	753
212	808
212	851
213	384
213	431
213	472
213	847
213	862
213	993
214	450
214	565
214	743
214	775
214	837
214	846
215	340
215	364
215	512
215	605
215	611
215	698
215	979
216	60
216	499
216	514
216	696
216	708
216	862
216	993
217	97
217	432
217	454
217	459
217	682
217	864
217	898
218	427
218	448
218	514
218	812
218	982
218	988
218	1000
219	73
219	151
219	660
219	679
219	710
219	781
219	929
220	66
220	482
220	515
220	544
220	677
220	872
220	915
221	25
221	412
221	484
221	639
221	715
221	850
221	938
222	465
222	585
222	633
222	646
222	760
222	871
222	899
223	64
223	210
223	287
223	777
223	799
223	811
223	916
224	172
224	226
224	264
224	453
224	558
224	743
224	959
225	260
225	366
225	383
225	573
225	583
225	809
225	922
226	138
226	139
226	224
226	388
226	622
226	825
226	970
227	122
227	126
227	459
227	610
227	862
227	940
227	957
228	120
228	238
228	292
228	704
228	830
228	835
228	984
229	114
229	421
229	641
229	698
229	876
229	894
229	994
230	152
230	390
230	501
230	694
230	923
230	983
230	989
231	7
231	717
231	836
231	857
231	858
231	876
231	972
232	172
232	201
232	313
232	329
232	531
232	602
232	990
233	77
233	156
233	332
233	766
233	774
233	930
233	996
234	68
234	529
234	592
234	678
234	758
234	869
234	928
235	4
235	386
235	484
235	589
235	673
235	955
235	978
236	340
236	397
236	435
236	524
236	567
236	577
236	972
237	113
237	302
237	380
237	844
237	893
237	931
237	936
238	198
238	228
238	344
238	715
238	748
238	932
238	933
239	133
239	291
239	737
239	756
239	769
239	791
239	861
240	565
240	598
240	677
240	755
240	826
240	841
240	937
241	474
241	650
241	673
241	806
241	842
241	853
241	978
242	21
242	29
242	60
242	142
242	508
242	708
242	804
243	72
243	193
243	475
243	622
243	780
243	841
243	987
244	112
244	146
244	400
244	505
244	732
244	904
244	986
245	314
245	556
245	659
245	712
245	715
245	824
245	939
246	160
246	345
246	350
246	415
246	741
246	935
246	998
247	80
247	97
247	677
247	679
247	707
247	786
247	998
248	75
248	282
248	373
248	583
248	592
248	620
248	802
249	139
249	460
249	676
249	794
249	797
249	834
249	854
250	1
250	170
250	412
250	801
250	863
250	946
250	974
251	411
251	549
251	662
251	669
251	696
251	862
251	874
252	274
252	302
252	504
252	668
252	670
252	921
252	950
253	74
253	297
253	358
253	363
253	661
253	693
253	830
254	145
254	408
254	654
254	793
254	828
254	898
254	915
255	142
255	190
255	425
255	532
255	547
255	716
255	798
256	17
256	395
256	501
256	806
256	856
256	910
256	974
257	85
257	528
257	592
257	749
257	792
257	833
257	972
258	114
258	190
258	417
258	684
258	866
258	871
258	958
259	405
259	439
259	614
259	774
259	891
259	929
259	937
260	225
260	295
260	423
260	570
260	590
260	741
260	872
261	266
261	286
261	375
261	688
261	753
261	954
261	967
262	190
262	375
262	447
262	458
262	605
262	736
262	939
263	351
263	421
263	487
263	539
263	571
263	664
263	712
264	137
264	194
264	224
264	648
264	707
264	837
264	908
265	32
265	54
265	323
265	362
265	464
265	684
265	971
266	261
266	438
266	513
266	555
266	756
266	954
266	981
267	289
267	588
267	712
267	818
267	877
267	971
267	1000
268	429
268	436
268	466
268	473
268	887
268	959
268	995
269	109
269	189
269	609
269	760
269	764
269	982
269	999
270	288
270	418
270	853
270	881
270	912
270	980
270	981
271	39
271	101
271	464
271	542
271	579
271	758
271	920
272	294
272	751
272	763
272	771
272	840
272	894
272	932
273	11
273	84
273	280
273	461
273	714
273	811
273	824
274	55
274	103
274	252
274	527
274	576
274	601
274	655
275	462
275	745
275	781
275	789
275	813
275	830
275	989
276	23
276	422
276	577
276	578
276	697
276	907
276	1000
277	167
277	526
277	724
277	735
277	789
277	830
277	974
278	163
278	479
278	534
278	586
278	859
278	958
278	986
279	352
279	359
279	520
279	715
279	844
279	900
279	918
280	79
280	273
280	311
280	611
280	684
280	819
280	862
281	31
281	56
281	74
281	356
281	370
281	691
281	921
282	248
282	323
282	716
282	720
282	725
282	750
282	945
283	39
283	371
283	442
283	579
283	699
283	743
283	963
284	180
284	476
284	507
284	520
284	852
284	971
284	988
285	47
285	359
285	627
285	693
285	871
285	918
285	960
286	94
286	261
286	396
286	430
286	489
286	928
286	992
287	223
287	583
287	690
287	767
287	782
287	825
287	917
288	212
288	270
288	334
288	521
288	612
288	779
288	837
289	193
289	267
289	327
289	529
289	722
289	735
289	980
290	403
290	505
290	546
290	561
290	616
290	761
290	908
291	86
291	239
291	674
291	762
291	944
291	959
291	973
292	80
292	228
292	403
292	446
292	549
292	658
292	979
293	35
293	199
293	635
293	796
293	816
293	915
293	965
294	123
294	272
294	478
294	496
294	637
294	648
294	690
295	22
295	146
295	260
295	297
295	380
295	564
295	876
296	443
296	464
296	513
296	659
296	741
296	858
296	976
297	253
297	295
297	412
297	565
297	634
297	956
297	981
298	75
298	370
298	436
298	488
298	588
298	870
298	898
299	89
299	383
299	709
299	862
299	870
299	906
299	942
300	389
300	396
300	439
300	473
300	487
300	746
300	817
301	14
301	62
301	79
301	701
301	767
301	883
301	987
302	237
302	252
302	647
302	776
302	871
302	889
302	900
303	587
303	715
303	725
303	754
303	942
303	949
303	985
304	130
304	149
304	637
304	663
304	678
304	795
304	809
305	403
305	553
305	735
305	757
305	843
305	877
305	991
306	41
306	145
306	441
306	485
306	589
306	608
306	840
307	185
307	390
307	435
307	620
307	681
307	743
307	768
308	25
308	545
308	607
308	609
308	799
308	881
308	923
309	429
309	602
309	616
309	630
309	667
309	808
309	968
310	204
310	355
310	502
310	770
310	819
310	947
310	988
311	80
311	87
311	280
311	333
311	506
311	563
311	808
312	381
312	515
312	626
312	747
312	863
312	958
312	972
313	232
313	368
313	459
313	480
313	575
313	771
313	906
314	35
314	245
314	338
314	460
314	533
314	807
314	970
315	351
315	541
315	596
315	602
315	643
315	754
315	956
316	333
316	401
316	451
316	498
316	668
316	731
316	853
317	463
317	775
317	802
317	832
317	840
317	850
317	945
318	115
318	581
318	658
318	736
318	775
318	861
318	941
319	51
319	150
319	377
319	538
319	718
319	802
319	874
320	190
320	387
320	391
320	487
320	653
320	742
320	819
321	395
321	423
321	457
321	558
321	577
321	910
321	963
322	710
322	788
322	793
322	812
322	852
322	885
322	983
323	265
323	282
323	555
323	655
323	666
323	820
323	908
324	537
324	564
324	744
324	859
324	886
324	899
324	902
325	431
325	462
325	528
325	552
325	813
325	828
325	886
326	79
326	389
326	475
326	477
326	704
326	740
326	816
327	176
327	202
327	289
327	526
327	611
327	962
327	981
328	440
328	549
328	723
328	744
328	796
328	807
328	908
329	189
329	232
329	429
329	697
329	705
329	744
329	820
330	373
330	559
330	657
330	682
330	749
330	762
330	811
331	339
331	407
331	639
331	724
331	807
331	860
331	962
332	233
332	541
332	838
332	876
332	884
332	928
332	960
333	99
333	311
333	316
333	854
333	867
333	971
333	993
334	2
334	288
334	718
334	777
334	929
334	951
334	982
335	31
335	750
335	822
335	860
335	897
335	922
335	994
336	520
336	568
336	711
336	784
336	905
336	926
336	967
337	391
337	415
337	729
337	757
337	759
337	771
337	869
338	314
338	604
338	626
338	663
338	674
338	768
338	979
339	331
339	568
339	574
339	721
339	795
339	863
339	893
340	36
340	215
340	236
340	341
340	813
340	938
340	956
341	160
341	340
341	391
341	523
341	624
341	740
341	998
342	42
342	368
342	724
342	766
342	838
342	908
342	963
343	210
343	347
343	360
343	729
343	842
343	885
343	971
344	73
344	238
344	620
344	804
344	844
344	914
344	960
345	100
345	246
345	366
345	367
345	529
345	755
345	869
346	392
346	395
346	542
346	563
346	677
346	847
346	860
347	29
347	343
347	554
347	660
347	679
347	900
347	960
348	463
348	574
348	637
348	660
348	662
348	879
348	883
349	127
349	656
349	710
349	884
349	909
349	921
349	925
350	246
350	627
350	725
350	824
350	867
350	927
350	943
351	263
351	315
351	433
351	630
351	775
351	785
351	832
352	279
352	405
352	486
352	504
352	637
352	845
352	936
353	50
353	438
353	457
353	647
353	777
353	831
353	945
354	620
354	626
354	644
354	814
354	948
354	984
354	995
355	103
355	148
355	174
355	310
355	513
355	843
355	977
356	142
356	281
356	624
356	679
356	833
356	890
356	941
357	183
357	374
357	427
357	709
357	758
357	814
357	963
358	129
358	253
358	386
358	473
358	618
358	696
358	768
359	279
359	285
359	446
359	616
359	635
359	665
359	777
360	165
360	343
360	436
360	447
360	762
360	892
360	968
361	100
361	181
361	803
361	832
361	912
361	914
361	915
362	207
362	265
362	408
362	828
362	878
362	936
362	984
363	253
363	580
363	659
363	893
363	940
363	943
363	975
364	106
364	215
364	383
364	530
364	658
364	880
364	995
365	15
365	53
365	419
365	585
365	885
365	913
365	926
366	225
366	345
366	552
366	726
366	747
366	816
366	830
367	91
367	345
367	502
367	806
367	820
367	896
367	952
368	59
368	313
368	342
368	593
368	605
368	641
368	992
369	141
369	448
369	634
369	848
369	905
369	986
369	992
370	162
370	281
370	298
370	524
370	683
370	742
370	887
371	283
371	400
371	463
371	610
371	816
371	860
371	983
372	551
372	705
372	710
372	823
372	921
372	942
372	973
373	3
373	10
373	43
373	248
373	330
373	557
373	995
374	357
374	551
374	628
374	701
374	767
374	916
374	951
375	51
375	261
375	262
375	387
375	566
375	783
375	936
376	2
376	61
376	475
376	508
376	599
376	915
376	972
377	319
377	417
377	501
377	544
377	590
377	868
377	978
378	155
378	478
378	592
378	604
378	640
378	928
378	963
379	646
379	661
379	674
379	719
379	869
379	924
379	997
380	237
380	295
380	706
380	716
380	749
380	761
380	815
380	821
381	62
381	312
381	693
381	762
381	891
381	930
381	938
381	993
382	170
382	786
382	874
382	878
382	924
382	925
382	974
382	979
383	51
383	225
383	299
383	364
383	444
383	905
383	954
383	967
384	25
384	213
384	388
384	519
384	756
384	846
384	891
384	967
385	392
385	511
385	585
385	717
385	719
385	739
385	879
385	962
386	17
386	208
386	235
386	358
386	535
386	721
386	842
386	859
387	168
387	320
387	375
387	511
387	572
387	576
387	938
387	950
388	226
388	384
388	548
388	738
388	872
388	899
388	903
388	957
389	300
389	326
389	484
389	595
389	625
389	826
389	835
389	942
390	208
390	230
390	307
390	428
390	490
390	502
390	584
390	612
391	72
391	320
391	337
391	341
391	620
391	714
391	737
391	816
392	6
392	346
392	385
392	395
392	462
392	607
392	874
392	946
393	56
393	154
393	402
393	438
393	756
393	787
393	851
393	937
394	5
394	173
394	491
394	742
394	745
394	817
394	827
394	869
395	108
395	256
395	321
395	346
395	392
395	799
395	899
395	943
396	38
396	157
396	286
396	300
396	398
396	435
396	437
396	680
397	112
397	236
397	414
397	552
397	700
397	951
397	986
397	995
398	177
398	189
398	396
398	523
398	779
398	888
398	893
398	941
399	467
399	557
399	637
399	666
399	795
399	846
399	911
399	923
400	21
400	26
400	244
400	371
400	754
400	869
400	937
400	974
401	316
401	771
401	785
401	793
401	837
401	868
401	949
401	976
402	393
402	572
402	701
402	729
402	828
402	871
402	886
402	924
403	290
403	292
403	305
403	557
403	632
403	739
403	928
403	1000
404	8
404	523
404	595
404	614
404	697
404	730
404	920
404	971
405	193
405	259
405	352
405	689
405	708
405	716
405	756
405	933
406	411
406	529
406	573
406	740
406	809
406	894
406	903
406	935
407	63
407	107
407	331
407	446
407	721
407	727
407	769
407	923
408	254
408	362
408	433
408	771
408	942
408	973
408	975
408	996
409	82
409	148
409	641
409	646
409	794
409	816
409	823
409	839
410	440
410	562
410	597
410	675
410	734
410	838
410	848
410	893
411	21
411	41
411	251
411	406
411	879
411	935
411	940
411	983
412	13
412	221
412	250
412	297
412	651
412	799
412	831
412	902
413	56
413	102
413	416
413	449
413	465
413	687
413	800
413	994
414	397
414	458
414	577
414	714
414	725
414	776
414	817
414	880
415	15
415	161
415	246
415	337
415	564
415	601
415	884
415	945
416	413
416	645
416	680
416	695
416	714
416	731
416	818
416	978
417	258
417	377
417	657
417	836
417	844
417	885
417	903
417	999
418	58
418	75
418	204
418	270
418	448
418	667
418	768
418	898
419	71
419	167
419	365
419	574
419	691
419	755
419	782
419	945
420	132
420	435
420	570
420	578
420	697
420	856
420	872
420	947
421	229
421	263
421	447
421	627
421	665
421	761
421	896
421	929
422	89
422	276
422	589
422	832
422	833
422	857
422	863
422	918
423	136
423	197
423	260
423	321
423	678
423	679
423	699
423	894
424	181
424	508
424	617
424	812
424	821
424	840
424	945
424	979
425	67
425	88
425	127
425	255
425	773
425	847
425	861
425	957
426	160
426	633
426	726
426	831
426	837
426	887
426	954
426	982
427	218
427	357
427	536
427	645
427	794
427	796
427	853
427	940
428	390
428	476
428	483
428	571
428	687
428	730
428	861
428	987
429	45
429	268
429	309
429	329
429	730
429	798
429	802
429	971
430	81
430	286
430	471
430	617
430	804
430	949
430	956
430	964
431	152
431	184
431	213
431	325
431	636
431	702
431	901
431	957
432	217
432	451
432	515
432	522
432	548
432	644
432	808
432	936
433	351
433	408
433	560
433	580
433	688
433	869
433	970
433	998
434	28
434	200
434	736
434	754
434	777
434	803
434	891
434	994
435	236
435	307
435	396
435	420
435	533
435	566
435	710
435	762
436	134
436	268
436	298
436	360
436	730
436	805
436	905
436	986
437	396
437	523
437	674
437	886
437	921
437	933
437	941
437	995
438	266
438	353
438	393
438	745
438	750
438	768
438	880
438	960
439	111
439	259
439	300
439	672
439	700
439	804
439	832
439	973
440	40
440	60
440	76
440	115
440	328
440	410
440	665
440	924
441	65
441	111
441	306
441	617
441	711
441	768
441	847
441	976
442	204
442	283
442	458
442	562
442	735
442	746
442	776
442	970
443	296
443	468
443	491
443	676
443	731
443	843
443	919
443	1000
444	383
444	485
444	507
444	755
444	802
444	846
444	901
444	977
445	195
445	199
445	447
445	479
445	520
445	731
445	976
445	996
446	292
446	359
446	407
446	546
446	667
446	904
446	988
446	994
447	262
447	360
447	421
447	445
447	856
447	876
447	926
447	984
448	72
448	88
448	218
448	369
448	418
448	528
448	902
448	950
449	49
449	413
449	541
449	574
449	641
449	852
449	855
449	959
450	138
450	214
450	494
450	518
450	639
450	678
450	708
450	775
451	132
451	316
451	432
451	483
451	518
451	892
451	913
451	1000
452	136
452	550
452	569
452	607
452	640
452	784
452	938
452	979
453	175
453	224
453	637
453	653
453	759
453	834
453	930
453	948
454	217
454	470
454	632
454	852
454	913
454	939
454	954
454	980
455	91
455	635
455	656
455	704
455	809
455	865
455	919
455	931
456	587
456	685
456	839
456	880
456	913
456	944
456	989
456	995
457	7
457	321
457	353
457	497
457	498
457	664
457	732
457	879
458	262
458	414
458	442
458	486
458	505
458	664
458	737
458	958
459	18
459	217
459	227
459	313
459	476
459	769
459	791
459	808
460	249
460	314
460	503
460	773
460	948
460	970
460	991
460	996
461	47
461	273
461	492
461	691
461	810
461	926
461	965
461	970
462	275
462	325
462	392
462	493
462	524
462	531
462	556
462	842
463	317
463	348
463	371
463	547
463	869
463	876
463	887
463	899
464	155
464	265
464	271
464	296
464	552
464	565
464	796
464	989
465	10
465	87
465	222
465	413
465	882
465	885
465	931
465	939
466	74
466	210
466	268
466	493
466	724
466	796
466	798
466	959
467	120
467	399
467	845
467	894
467	895
467	977
467	980
467	991
468	24
468	85
468	90
468	443
468	633
468	739
468	891
468	931
469	92
469	106
469	564
469	601
469	717
469	775
469	780
469	848
470	108
470	121
470	454
470	724
470	738
470	771
470	778
470	944
471	41
471	124
471	430
471	686
471	866
471	909
471	950
471	965
472	100
472	131
472	195
472	213
472	486
472	575
472	815
472	890
473	268
473	300
473	358
473	684
473	906
473	959
473	962
473	978
474	18
474	121
474	241
474	733
474	907
474	920
474	922
474	938
475	243
475	326
475	376
475	493
475	554
475	699
475	878
475	968
476	197
476	284
476	428
476	459
476	507
476	821
476	849
476	926
477	326
477	494
477	527
477	642
477	681
477	778
477	838
477	965
478	67
478	294
478	378
478	537
478	843
478	912
478	937
478	997
479	278
479	445
479	484
479	532
479	670
479	677
479	895
479	929
479	975
480	174
480	313
480	520
480	569
480	692
480	788
480	842
480	883
480	942
481	65
481	186
481	556
481	864
481	897
481	930
481	941
481	961
481	993
482	24
482	35
482	69
482	73
482	220
482	735
482	744
482	861
482	973
483	37
483	428
483	451
483	493
483	558
483	589
483	598
483	691
483	949
484	89
484	221
484	235
484	389
484	479
484	889
484	893
484	910
484	913
485	65
485	306
485	444
485	595
485	607
485	629
485	839
485	892
485	914
486	352
486	458
486	472
486	503
486	645
486	670
486	679
486	735
486	897
487	19
487	30
487	193
487	263
487	300
487	320
487	642
487	900
487	917
488	157
488	298
488	599
488	698
488	701
488	720
488	815
488	925
488	943
489	81
489	109
489	286
489	567
489	570
489	784
489	970
489	976
489	989
490	97
490	390
490	569
490	717
490	743
490	805
490	827
490	878
490	956
491	394
491	443
491	655
491	713
491	714
491	733
491	805
491	823
491	885
492	461
492	694
492	713
492	864
492	868
492	906
492	917
492	949
492	978
493	106
493	462
493	466
493	475
493	483
493	615
493	752
493	779
493	977
494	450
494	477
494	587
494	629
494	683
494	757
494	770
494	817
494	859
495	170
495	545
495	557
495	559
495	642
495	694
495	888
495	915
495	965
496	107
496	146
496	294
496	509
496	534
496	672
496	698
496	901
496	976
497	16
497	457
497	587
497	608
497	642
497	649
497	670
497	705
497	751
498	44
498	316
498	457
498	559
498	678
498	760
498	847
498	909
498	987
499	99
499	211
499	216
499	531
499	739
499	826
499	883
499	937
499	964
500	28
500	164
500	179
500	514
500	516
500	595
500	643
500	931
500	994
501	132
501	230
501	256
501	377
501	529
501	581
501	689
501	916
501	940
502	13
502	310
502	367
502	390
502	727
502	753
502	756
502	872
502	876
503	460
503	486
503	534
503	552
503	558
503	633
503	651
503	784
503	815
504	48
504	152
504	252
504	352
504	508
504	706
504	767
504	902
504	912
505	244
505	290
505	458
505	667
505	771
505	833
505	860
505	888
505	890
506	13
506	39
506	311
506	618
506	662
506	788
506	900
506	941
506	999
507	189
507	284
507	444
507	476
507	631
507	745
507	823
507	884
507	947
508	49
508	94
508	242
508	376
508	424
508	504
508	746
508	844
508	908
509	37
509	40
509	496
509	593
509	659
509	698
509	699
509	791
509	882
510	88
510	100
510	536
510	625
510	738
510	785
510	877
510	932
510	942
511	385
511	387
511	568
511	621
511	704
511	912
511	937
511	975
511	985
512	22
512	215
512	765
512	805
512	819
512	875
512	911
512	949
512	972
513	179
513	266
513	296
513	355
513	590
513	949
513	977
513	991
513	993
514	141
514	207
514	216
514	218
514	500
514	565
514	782
514	860
514	917
515	117
515	194
515	220
515	312
515	432
515	546
515	611
515	795
515	800
516	7
516	117
516	500
516	738
516	780
516	882
516	954
516	964
516	965
517	44
517	125
517	137
517	176
517	178
517	528
517	728
517	747
517	803
518	44
518	450
518	451
518	696
518	815
518	836
518	881
518	953
518	990
519	134
519	147
519	201
519	384
519	749
519	769
519	925
519	928
519	939
520	4
520	172
520	279
520	284
520	336
520	445
520	480
520	935
520	990
521	97
521	119
521	127
521	288
521	857
521	880
521	912
521	937
521	968
522	63
522	94
522	145
522	432
522	555
522	695
522	736
522	890
522	910
523	341
523	398
523	404
523	437
523	569
523	620
523	787
523	824
523	930
524	32
524	236
524	370
524	462
524	653
524	686
524	733
524	945
524	982
525	536
525	575
525	593
525	774
525	829
525	924
525	971
525	991
525	992
526	55
526	277
526	327
526	600
526	641
526	684
526	860
526	909
526	997
527	274
527	477
527	548
527	682
527	798
527	888
527	927
527	970
527	972
528	15
528	257
528	325
528	448
528	517
528	688
528	705
528	871
528	936
529	88
529	234
529	289
529	345
529	406
529	501
529	531
529	755
529	836
530	30
530	53
530	206
530	364
530	725
530	847
530	907
530	915
530	984
531	139
531	144
531	232
531	462
531	499
531	529
531	578
531	746
531	919
532	24
532	111
532	200
532	255
532	479
532	706
532	752
532	805
532	868
533	314
533	435
533	624
533	651
533	735
533	750
533	812
533	826
533	940
534	166
534	278
534	496
534	503
534	535
534	585
534	799
534	828
534	856
535	159
535	163
535	386
535	534
535	635
535	879
535	890
535	918
535	993
536	178
536	427
536	510
536	525
536	668
536	738
536	812
536	945
536	953
537	48
537	324
537	478
537	629
537	699
537	756
537	773
537	968
537	984
538	122
538	167
538	319
538	623
538	757
538	793
538	795
538	889
538	964
539	64
539	130
539	164
539	165
539	263
539	611
539	820
539	886
539	897
540	49
540	592
540	599
540	757
540	790
540	803
540	887
540	929
540	997
541	159
541	315
541	332
541	449
541	579
541	772
541	873
541	969
541	985
542	186
542	271
542	346
542	571
542	614
542	617
542	797
542	858
542	875
543	3
543	187
543	592
543	632
543	783
543	866
543	901
543	905
543	967
544	62
544	96
544	147
544	220
544	377
544	627
544	913
544	981
544	988
545	182
545	308
545	495
545	718
545	983
545	987
545	988
545	990
545	999
546	126
546	155
546	290
546	446
546	515
546	689
546	751
546	934
546	949
547	255
547	463
547	557
547	689
547	711
547	809
547	820
547	882
547	900
548	29
548	388
548	432
548	527
548	567
548	673
548	823
548	932
548	981
549	85
549	131
549	251
549	292
549	328
549	749
549	783
549	800
549	956
550	66
550	452
550	554
550	561
550	590
550	748
550	841
550	859
550	902
551	44
551	62
551	372
551	374
551	629
551	635
551	820
551	873
551	992
552	212
552	325
552	366
552	397
552	464
552	503
552	556
552	588
552	853
553	173
553	175
553	305
553	652
553	780
553	872
553	912
553	915
553	964
554	64
554	171
554	207
554	347
554	475
554	550
554	643
554	827
554	919
555	68
555	266
555	323
555	522
555	742
555	772
555	799
555	858
555	864
556	40
556	49
556	245
556	462
556	481
556	552
556	634
556	854
556	979
557	48
557	373
557	399
557	403
557	495
557	547
557	606
557	798
557	803
558	224
558	321
558	483
558	503
558	598
558	615
558	836
558	938
558	985
559	133
559	330
559	495
559	498
559	683
559	726
559	881
559	886
559	904
560	71
560	433
560	645
560	694
560	745
560	754
560	824
560	935
560	979
561	125
561	206
561	290
561	550
561	574
561	689
561	698
561	756
561	908
562	116
562	119
562	179
562	410
562	442
562	628
562	634
562	848
562	937
563	189
563	203
563	311
563	346
563	799
563	832
563	950
563	964
563	972
564	295
564	324
564	415
564	469
564	624
564	925
564	938
564	978
564	980
565	63
565	214
565	240
565	297
565	464
565	514
565	690
565	867
565	980
566	118
566	129
566	375
566	435
566	722
566	791
566	818
566	893
566	906
567	81
567	236
567	489
567	548
567	583
567	744
567	802
567	898
567	911
568	52
568	336
568	339
568	511
568	621
568	649
568	685
568	787
568	995
569	107
569	452
569	480
569	490
569	523
569	753
569	821
569	863
569	954
570	260
570	420
570	489
570	624
570	689
570	695
570	783
570	843
570	865
571	66
571	102
571	263
571	428
571	542
571	603
571	773
571	923
571	971
572	87
572	387
572	402
572	636
572	662
572	835
572	887
572	930
572	958
573	225
573	406
573	728
573	754
573	782
573	955
573	961
573	967
573	968
574	339
574	348
574	419
574	449
574	561
574	606
574	728
574	778
574	976
575	9
575	160
575	313
575	472
575	525
575	781
575	847
575	923
575	997
576	86
576	274
576	387
576	633
576	739
576	795
576	801
576	867
576	944
577	236
577	276
577	321
577	414
577	594
577	841
577	926
577	951
577	980
578	276
578	420
578	531
578	717
578	809
578	900
578	959
578	985
578	994
579	7
579	69
579	271
579	283
579	541
579	843
579	924
579	947
579	990
580	5
580	23
580	131
580	363
580	433
580	700
580	841
580	858
580	952
581	4
581	150
581	318
581	501
581	591
581	786
581	977
581	982
581	997
582	584
582	622
582	712
582	793
582	829
582	880
582	897
582	916
582	972
583	180
583	225
583	248
583	287
583	567
583	693
583	695
583	769
583	803
583	998
584	168
584	390
584	582
584	631
584	690
584	723
584	840
584	858
584	908
584	964
585	222
585	365
585	385
585	534
585	689
585	716
585	818
585	877
585	940
585	960
586	278
586	588
586	606
586	619
586	713
586	813
586	860
586	898
586	909
586	966
587	4
587	43
587	303
587	456
587	494
587	497
587	604
587	965
587	981
587	1000
588	124
588	267
588	298
588	552
588	586
588	628
588	675
588	970
588	987
588	989
589	235
589	306
589	422
589	483
589	661
589	723
589	805
589	827
589	868
589	885
590	260
590	377
590	513
590	550
590	592
590	760
590	778
590	880
590	921
590	922
591	11
591	109
591	581
591	598
591	617
591	740
591	763
591	856
591	949
591	982
592	234
592	248
592	257
592	378
592	540
592	543
592	590
592	778
592	946
592	997
593	31
593	126
593	368
593	509
593	525
593	600
593	774
593	841
593	853
593	918
594	25
594	577
594	632
594	687
594	813
594	850
594	901
594	911
594	961
594	970
595	14
595	126
595	389
595	404
595	485
595	500
595	886
595	894
595	960
595	978
596	315
596	687
596	699
596	725
596	770
596	832
596	850
596	873
596	948
596	983
597	76
597	155
597	410
597	630
597	648
597	662
597	916
597	981
597	984
597	999
598	104
598	126
598	240
598	483
598	558
598	591
598	781
598	796
598	899
598	979
599	131
599	376
599	488
599	540
599	615
599	653
599	680
599	743
599	893
599	984
600	29
600	526
600	593
600	709
600	911
600	923
600	947
600	980
600	983
600	998
601	171
601	274
601	415
601	469
601	700
601	780
601	782
601	784
601	892
601	992
602	50
602	146
602	232
602	309
602	315
602	614
602	643
602	765
602	896
602	939
603	571
603	628
603	764
603	778
603	779
603	852
603	876
603	883
603	946
603	955
604	28
604	140
604	338
604	378
604	587
604	607
604	667
604	750
604	758
604	983
605	181
605	215
605	262
605	368
605	664
605	689
605	721
605	895
605	976
605	982
606	99
606	198
606	557
606	574
606	586
606	607
606	633
606	927
606	930
606	949
607	308
607	392
607	452
607	485
607	604
607	606
607	719
607	925
607	928
607	998
608	62
608	96
608	129
608	306
608	497
608	719
608	820
608	836
608	896
608	973
609	101
609	269
609	308
609	661
609	690
609	722
609	854
609	943
609	961
609	982
610	155
610	191
610	227
610	371
610	688
610	719
610	812
610	855
610	914
610	923
611	95
611	102
611	215
611	280
611	327
611	515
611	539
611	840
611	861
611	993
612	288
612	390
612	625
612	634
612	659
612	681
612	707
612	747
612	944
612	970
613	685
613	709
613	760
613	787
613	819
613	847
613	849
613	887
613	938
613	950
614	259
614	404
614	542
614	602
614	646
614	676
614	758
614	878
614	958
614	982
615	38
615	98
615	493
615	558
615	599
615	638
615	696
615	763
615	898
615	986
616	205
616	290
616	309
616	359
616	640
616	679
616	741
616	943
616	949
616	966
617	96
617	424
617	430
617	441
617	542
617	591
617	908
617	953
617	964
617	967
618	174
618	176
618	358
618	506
618	750
618	768
618	873
618	882
618	886
618	927
619	586
619	620
619	644
619	681
619	754
619	790
619	887
619	925
619	969
619	991
620	248
620	307
620	344
620	354
620	391
620	523
620	619
620	645
620	649
620	715
621	87
621	162
621	511
621	568
621	637
621	681
621	853
621	870
621	928
621	961
622	135
622	226
622	243
622	582
622	676
622	889
622	892
622	893
622	902
622	992
623	33
623	105
623	207
623	538
623	817
623	853
623	859
623	952
623	975
623	998
624	34
624	341
624	356
624	533
624	564
624	570
624	688
624	782
624	791
624	994
625	389
625	510
625	612
625	703
625	707
625	714
625	856
625	895
625	955
625	977
626	312
626	338
626	354
626	654
626	668
626	833
626	876
626	898
626	944
626	976
627	83
627	103
627	183
627	285
627	350
627	421
627	544
627	663
627	848
627	854
628	180
628	374
628	562
628	588
628	603
628	660
628	735
628	736
628	815
628	910
629	22
629	24
629	485
629	494
629	537
629	551
629	647
629	909
629	944
629	999
630	309
630	351
630	597
630	704
630	714
630	717
630	811
630	832
630	857
630	960
631	95
631	507
631	584
631	641
631	705
631	716
631	737
631	777
631	810
631	903
632	168
632	403
632	454
632	543
632	594
632	662
632	731
632	839
632	853
632	945
633	32
633	106
633	222
633	426
633	468
633	503
633	576
633	606
633	958
633	998
634	55
634	297
634	369
634	556
634	562
634	612
634	736
634	800
634	894
634	953
635	82
635	293
635	359
635	455
635	535
635	551
635	666
635	685
635	843
635	901
636	96
636	98
636	431
636	572
636	656
636	671
636	748
636	825
636	826
636	911
637	141
637	294
637	304
637	348
637	352
637	399
637	453
637	621
637	670
637	862
638	7
638	615
638	640
638	696
638	734
638	752
638	785
638	932
638	934
638	974
639	54
639	221
639	331
639	450
639	644
639	795
639	873
639	876
639	942
639	950
640	57
640	378
640	452
640	616
640	638
640	672
640	681
640	682
640	866
640	877
641	229
641	368
641	409
641	449
641	526
641	631
641	702
641	790
641	805
641	874
642	18
642	187
642	199
642	477
642	487
642	495
642	497
642	739
642	775
642	952
643	153
643	315
643	500
643	554
643	602
643	788
643	807
643	875
643	937
643	950
644	17
644	134
644	354
644	432
644	619
644	639
644	756
644	785
644	807
644	948
645	12
645	197
645	416
645	427
645	486
645	560
645	620
645	665
645	947
645	979
646	47
646	77
646	142
646	222
646	379
646	409
646	614
646	648
646	822
646	954
647	200
647	302
647	353
647	629
647	677
647	751
647	806
647	820
647	926
647	927
648	211
648	264
648	294
648	597
648	646
648	677
648	780
648	781
648	796
648	912
649	6
649	188
649	497
649	568
649	620
649	729
649	732
649	808
649	895
649	946
650	16
650	110
650	241
650	690
650	768
650	883
650	906
650	924
650	946
650	996
651	72
651	144
651	181
651	412
651	503
651	533
651	711
651	920
651	923
651	953
652	9
652	168
652	553
652	712
652	728
652	753
652	941
652	963
652	968
652	981
653	184
653	320
653	453
653	524
653	599
653	772
653	807
653	849
653	907
653	965
654	165
654	205
654	254
654	626
654	675
654	821
654	835
654	851
654	866
654	943
655	38
655	274
655	323
655	491
655	689
655	879
655	912
655	919
655	967
655	995
656	61
656	100
656	151
656	349
656	455
656	636
656	690
656	874
656	933
656	939
656	987
657	8
657	330
657	417
657	716
657	717
657	762
657	804
657	812
657	814
657	830
657	843
658	292
658	318
658	364
658	674
658	683
658	896
658	921
658	925
658	931
658	935
658	962
659	59
659	161
659	198
659	245
659	296
659	363
659	509
659	612
659	672
659	771
659	820
660	177
660	219
660	347
660	348
660	628
660	693
660	714
660	814
660	858
660	943
660	966
661	37
661	116
661	253
661	379
661	589
661	609
661	741
661	749
661	760
661	799
661	828
662	26
662	163
662	251
662	348
662	506
662	572
662	597
662	632
662	750
662	816
662	836
663	33
663	112
663	136
663	137
663	182
663	304
663	338
663	627
663	913
663	955
663	969
664	112
664	263
664	457
664	458
664	605
664	787
664	817
664	826
664	865
664	905
664	934
665	114
665	202
665	359
665	421
665	440
665	645
665	766
665	781
665	895
665	945
665	989
666	323
666	399
666	635
666	714
666	763
666	786
666	834
666	836
666	871
666	921
666	964
667	67
667	150
667	309
667	418
667	446
667	505
667	604
667	855
667	946
667	947
667	991
668	55
668	161
668	252
668	316
668	536
668	626
668	694
668	725
668	776
668	820
668	973
669	65
669	123
669	169
669	198
669	210
669	251
669	794
669	834
669	922
669	968
669	987
670	137
670	174
670	199
670	252
670	479
670	486
670	497
670	637
670	813
670	851
670	908
671	182
671	185
671	636
671	712
671	755
671	831
671	839
671	870
671	930
671	963
671	967
672	95
672	135
672	439
672	496
672	640
672	659
672	737
672	764
672	810
672	858
672	910
673	77
673	89
673	235
673	241
673	548
673	691
673	870
673	883
673	893
673	956
673	981
674	92
674	104
674	291
674	338
674	379
674	437
674	658
674	704
674	819
674	869
674	985
675	124
675	410
675	588
675	654
675	692
675	836
675	838
675	961
675	962
675	973
675	986
676	142
676	249
676	443
676	614
676	622
676	779
676	781
676	787
676	855
676	878
676	922
677	17
677	185
677	196
677	199
677	220
677	240
677	247
677	346
677	479
677	647
677	648
678	234
678	304
678	423
678	450
678	498
678	686
678	712
678	739
678	842
678	959
678	964
679	46
679	78
679	219
679	247
679	347
679	356
679	423
679	486
679	616
679	817
679	870
680	8
680	153
680	396
680	416
680	599
680	728
680	745
680	794
680	910
680	922
680	974
681	169
681	307
681	477
681	612
681	619
681	621
681	640
681	818
681	888
681	911
681	944
682	168
682	217
682	330
682	527
682	640
682	710
682	774
682	855
682	890
682	902
682	980
683	24
683	52
683	370
683	494
683	559
683	658
683	703
683	880
683	935
683	974
683	999
684	3
684	200
684	258
684	265
684	280
684	473
684	526
684	782
684	831
684	882
684	911
685	105
685	140
685	456
685	568
685	613
685	635
685	687
685	837
685	873
685	874
685	966
686	26
686	60
686	110
686	147
686	209
686	471
686	524
686	678
686	695
686	847
686	958
687	82
687	413
687	428
687	594
687	596
687	685
687	697
687	726
687	766
687	927
687	991
688	55
688	78
688	114
688	261
688	433
688	528
688	610
688	624
688	853
688	955
688	990
689	19
689	405
689	501
689	546
689	547
689	561
689	570
689	585
689	605
689	655
689	952
690	287
690	294
690	565
690	584
690	609
690	650
690	656
690	708
690	842
690	932
690	1000
691	138
691	281
691	419
691	461
691	483
691	673
691	769
691	851
691	861
691	885
691	903
692	153
692	179
692	480
692	675
692	695
692	707
692	727
692	773
692	806
692	845
692	949
693	114
693	253
693	285
693	381
693	583
693	660
693	876
693	878
693	879
693	922
693	986
694	230
694	492
694	495
694	560
694	668
694	770
694	823
694	829
694	888
694	905
694	987
695	188
695	416
695	522
695	570
695	583
695	686
695	692
695	772
695	793
695	851
695	937
696	81
696	107
696	216
696	251
696	358
696	518
696	615
696	638
696	717
696	898
696	985
697	276
697	329
697	404
697	420
697	687
697	733
697	774
697	784
697	848
697	870
697	1000
698	135
698	210
698	215
698	229
698	488
698	496
698	509
698	561
698	931
698	965
698	974
699	92
699	118
699	144
699	283
699	423
699	475
699	509
699	537
699	596
699	911
699	950
700	90
700	163
700	164
700	397
700	439
700	580
700	601
700	791
700	819
700	908
700	975
701	112
701	301
701	374
701	402
701	488
701	736
701	742
701	755
701	807
701	926
701	996
702	194
702	431
702	641
702	738
702	739
702	774
702	786
702	955
702	962
702	974
702	989
703	10
703	36
703	83
703	86
703	625
703	683
703	711
703	741
703	744
703	827
703	944
704	5
704	228
704	326
704	455
704	511
704	630
704	674
704	811
704	874
704	876
704	888
705	26
705	329
705	372
705	497
705	528
705	631
705	741
705	900
705	917
705	936
705	956
706	12
706	33
706	117
706	380
706	504
706	532
706	767
706	805
706	892
706	897
706	915
707	150
707	247
707	264
707	612
707	625
707	692
707	753
707	850
707	876
707	918
707	935
708	216
708	242
708	405
708	450
708	690
708	709
708	731
708	824
708	947
708	969
708	972
709	26
709	299
709	357
709	600
709	613
709	708
709	728
709	826
709	829
709	831
709	888
710	219
710	322
710	349
710	372
710	435
710	682
710	823
710	900
710	914
710	919
710	995
711	336
711	441
711	547
711	651
711	703
711	857
711	895
711	898
711	956
711	977
711	981
712	245
712	263
712	267
712	582
712	652
712	671
712	678
712	786
712	952
712	953
712	957
713	6
713	12
713	21
713	195
713	491
713	492
713	586
713	784
713	866
713	878
713	984
714	273
714	391
714	414
714	416
714	491
714	625
714	630
714	660
714	666
714	801
714	884
715	221
715	238
715	245
715	279
715	303
715	620
715	732
715	799
715	840
715	858
715	887
716	255
716	282
716	380
716	405
716	585
716	631
716	657
716	868
716	899
716	940
716	993
717	231
717	385
717	469
717	490
717	578
717	630
717	657
717	696
717	839
717	878
717	891
718	319
718	334
718	545
718	784
718	808
718	837
718	879
718	895
718	897
718	931
718	995
719	379
719	385
719	607
719	608
719	610
719	840
719	855
719	874
719	889
719	916
719	989
720	95
720	282
720	488
720	730
720	747
720	749
720	826
720	850
720	939
720	966
720	994
721	46
721	48
721	339
721	386
721	407
721	605
721	737
721	738
721	857
721	927
721	967
722	50
722	52
722	99
722	289
722	566
722	609
722	760
722	762
722	769
722	956
722	973
723	1
723	11
723	189
723	328
723	584
723	589
723	828
723	842
723	865
723	867
723	972
724	69
724	83
724	105
724	277
724	331
724	342
724	466
724	470
724	837
724	843
724	964
725	282
725	303
725	350
725	414
725	530
725	596
725	668
725	798
725	810
725	988
725	999
726	59
726	82
726	122
726	366
726	426
726	559
726	687
726	745
726	800
726	914
726	999
727	73
727	407
727	502
727	692
727	744
727	749
727	772
727	775
727	794
727	827
727	864
727	968
728	33
728	517
728	573
728	574
728	652
728	680
728	709
728	738
728	762
728	769
728	788
728	952
729	117
729	162
729	337
729	343
729	402
729	649
729	735
729	815
729	855
729	864
729	947
729	953
730	404
730	428
730	429
730	436
730	720
730	801
730	802
730	807
730	839
730	910
730	913
730	914
731	183
731	316
731	416
731	443
731	445
731	632
731	708
731	790
731	916
731	934
731	961
731	992
732	244
732	457
732	649
732	715
732	746
732	758
732	842
732	846
732	867
732	944
732	954
732	963
733	85
733	143
733	474
733	491
733	524
733	697
733	790
733	821
733	859
733	880
733	943
733	992
734	115
734	126
734	410
734	638
734	743
734	766
734	784
734	886
734	887
734	939
734	961
734	998
735	101
735	277
735	289
735	305
735	442
735	482
735	486
735	533
735	628
735	729
735	798
735	892
736	42
736	192
736	262
736	318
736	434
736	522
736	628
736	634
736	701
736	772
736	775
736	925
737	239
737	391
737	458
737	631
737	672
737	721
737	752
737	789
737	792
737	874
737	919
737	933
738	388
738	470
738	510
738	516
738	536
738	702
738	721
738	728
738	856
738	865
738	936
738	941
739	208
739	385
739	403
739	468
739	499
739	576
739	642
739	678
739	702
739	879
739	883
739	984
740	326
740	341
740	406
740	591
740	847
740	885
740	897
740	912
740	952
740	960
740	969
740	978
741	246
741	260
741	296
741	616
741	661
741	703
741	705
741	757
741	792
741	903
741	919
741	966
742	320
742	370
742	394
742	555
742	701
742	752
742	770
742	811
742	878
742	901
742	951
742	977
743	145
743	214
743	224
743	283
743	307
743	490
743	599
743	734
743	749
743	807
743	916
743	964
744	36
744	153
744	324
744	328
744	329
744	482
744	567
744	703
744	727
744	928
744	969
744	972
745	275
745	394
745	438
745	507
745	560
745	680
745	726
745	837
745	857
745	885
745	922
745	954
746	62
746	143
746	300
746	442
746	508
746	531
746	732
746	777
746	835
746	886
746	918
746	939
747	18
747	19
747	42
747	312
747	366
747	517
747	612
747	720
747	887
747	919
747	941
747	997
748	1
748	6
748	238
748	550
748	636
748	766
748	771
748	796
748	861
748	886
748	901
748	992
749	130
749	152
749	257
749	330
749	380
749	519
749	549
749	661
749	720
749	727
749	743
749	962
750	178
750	282
750	335
750	438
750	533
750	604
750	618
750	662
750	822
750	897
750	916
750	945
751	22
751	92
751	272
751	497
751	546
751	647
751	796
751	801
751	810
751	934
751	954
751	977
752	120
752	184
752	493
752	532
752	638
752	737
752	742
752	809
752	844
752	848
752	881
752	986
753	159
753	186
753	212
753	261
753	502
753	569
753	652
753	707
753	764
753	785
753	814
753	844
754	44
754	303
754	315
754	400
754	434
754	560
754	573
754	619
754	761
754	772
754	894
754	925
755	240
755	345
755	419
755	444
755	529
755	671
755	701
755	761
755	812
755	854
755	892
755	983
756	114
756	239
756	266
756	384
756	393
756	405
756	502
756	537
756	561
756	644
756	846
756	930
757	2
757	46
757	305
757	337
757	494
757	538
757	540
757	741
757	759
757	804
757	914
757	967
758	119
758	234
758	271
758	357
758	604
758	614
758	732
758	895
758	903
758	957
758	986
758	993
759	17
759	53
759	337
759	453
759	757
759	765
759	821
759	871
759	927
759	967
759	972
759	977
760	27
760	88
760	222
760	269
760	498
760	590
760	613
760	661
760	722
760	780
760	839
760	934
761	159
761	290
761	380
761	421
761	754
761	755
761	766
761	785
761	815
761	829
761	911
761	938
762	182
762	291
762	330
762	360
762	381
762	435
762	657
762	722
762	728
762	925
762	963
762	973
763	11
763	50
763	272
763	591
763	615
763	666
763	797
763	889
763	933
763	934
763	959
763	996
764	51
764	151
764	192
764	269
764	603
764	672
764	753
764	884
764	891
764	914
764	948
764	983
765	77
765	164
765	184
765	209
765	512
765	602
765	759
765	826
765	836
765	895
765	983
765	987
766	113
766	233
766	342
766	665
766	687
766	734
766	748
766	761
766	891
766	964
766	997
766	1000
767	187
767	210
767	287
767	301
767	374
767	504
767	706
767	784
767	797
767	818
767	897
767	963
768	80
768	144
768	307
768	338
768	358
768	418
768	438
768	441
768	618
768	650
768	870
768	916
769	124
769	239
769	407
769	459
769	519
769	583
769	691
769	722
769	728
769	884
769	947
769	955
770	172
770	310
770	494
770	596
770	694
770	742
770	779
770	893
770	896
770	902
770	915
770	991
771	272
771	313
771	337
771	401
771	408
771	470
771	505
771	659
771	748
771	855
771	894
771	941
772	2
772	35
772	541
772	555
772	653
772	695
772	727
772	736
772	754
772	779
772	849
772	869
773	45
773	97
773	169
773	425
773	460
773	537
773	571
773	692
773	939
773	980
773	996
773	1000
774	233
774	259
774	525
774	593
774	682
774	697
774	702
774	807
774	824
774	846
774	911
774	988
775	58
775	214
775	317
775	318
775	351
775	450
775	469
775	642
775	727
775	736
775	877
775	948
776	61
776	185
776	302
776	414
776	442
776	668
776	795
776	905
776	965
776	974
776	989
776	996
777	86
777	94
777	223
777	334
777	353
777	359
777	434
777	631
777	746
777	798
777	844
777	861
778	176
778	470
778	477
778	574
778	590
778	592
778	603
778	780
778	832
778	946
778	953
778	976
779	288
779	398
779	493
779	603
779	676
779	770
779	772
779	799
779	818
779	835
779	863
779	900
780	69
780	243
780	469
780	516
780	553
780	601
780	648
780	760
780	778
780	827
780	897
780	904
781	219
781	275
781	575
781	598
781	648
781	665
781	676
781	843
781	855
781	874
781	918
781	952
781	967
782	3
782	287
782	419
782	514
782	573
782	601
782	624
782	684
782	786
782	891
782	919
782	943
782	996
783	52
783	91
783	160
783	201
783	375
783	543
783	549
783	570
783	785
783	825
783	834
783	916
783	979
784	336
784	452
784	489
784	503
784	601
784	697
784	713
784	718
784	734
784	767
784	875
784	921
784	970
785	130
785	200
785	351
785	401
785	510
785	638
785	644
785	753
785	761
785	783
785	790
785	817
785	921
786	57
786	194
786	247
786	382
786	581
786	666
786	702
786	712
786	782
786	824
786	864
786	950
786	969
787	40
787	71
787	139
787	393
787	523
787	568
787	613
787	664
787	676
787	830
787	872
787	941
787	953
788	322
788	480
788	506
788	643
788	728
788	790
788	850
788	880
788	958
788	969
788	972
788	973
788	979
789	5
789	128
789	136
789	143
789	275
789	277
789	737
789	810
789	817
789	838
789	849
789	920
789	951
790	197
790	540
790	619
790	641
790	731
790	733
790	785
790	788
790	883
790	909
790	916
790	950
790	996
791	76
791	90
791	97
791	206
791	239
791	459
791	509
791	566
791	624
791	700
791	807
791	838
791	987
792	12
792	57
792	75
792	157
792	182
792	257
792	737
792	741
792	904
792	913
792	923
792	965
792	979
793	138
793	254
793	322
793	401
793	538
793	582
793	695
793	810
793	811
793	828
793	877
793	957
793	986
794	2
794	16
794	135
794	175
794	249
794	409
794	427
794	669
794	680
794	727
794	868
794	897
794	986
795	67
795	304
795	339
795	399
795	515
795	538
795	576
795	639
795	776
795	823
795	831
795	842
795	879
796	25
796	293
796	328
796	427
796	464
796	466
796	598
796	648
796	748
796	751
796	830
796	900
796	995
797	132
797	147
797	249
797	542
797	763
797	767
797	826
797	845
797	850
797	931
797	948
797	979
797	985
798	39
798	140
798	255
798	429
798	466
798	527
798	557
798	725
798	735
798	777
798	810
798	857
798	867
799	223
799	308
799	395
799	412
799	534
799	555
799	563
799	661
799	715
799	779
799	911
799	920
799	961
800	30
800	42
800	108
800	153
800	413
800	515
800	549
800	634
800	726
800	912
800	945
800	988
800	999
801	250
801	576
801	714
801	730
801	751
801	813
801	816
801	818
801	823
801	839
801	875
801	985
801	998
802	13
802	248
802	317
802	319
802	429
802	444
802	567
802	730
802	825
802	902
802	908
802	940
802	950
803	361
803	434
803	517
803	540
803	557
803	583
803	831
803	855
803	882
803	890
803	938
803	983
803	997
804	29
804	242
804	344
804	430
804	439
804	657
804	757
804	864
804	865
804	968
804	978
804	985
804	991
805	146
805	147
805	436
805	490
805	491
805	512
805	532
805	589
805	641
805	706
805	867
805	870
805	976
806	13
806	241
806	256
806	367
806	647
806	692
806	824
806	845
806	882
806	899
806	951
806	969
806	973
807	314
807	328
807	331
807	643
807	644
807	653
807	701
807	730
807	743
807	774
807	791
807	938
807	952
808	40
808	45
808	178
808	212
808	309
808	311
808	432
808	459
808	649
808	718
808	842
808	859
808	914
809	225
809	304
809	406
809	455
809	547
809	578
809	752
809	832
809	838
809	847
809	866
809	892
809	989
810	461
810	631
810	672
810	725
810	751
810	789
810	793
810	798
810	882
810	893
810	918
810	948
810	991
811	31
811	223
811	273
811	330
811	630
811	704
811	742
811	793
811	867
811	875
811	894
811	922
811	934
812	58
812	64
812	218
812	322
812	424
812	533
812	536
812	610
812	657
812	755
812	850
812	969
812	996
813	108
813	188
813	275
813	325
813	340
813	586
813	594
813	670
813	801
813	830
813	862
813	903
813	976
814	50
814	161
814	354
814	357
814	657
814	660
814	753
814	838
814	879
814	915
814	931
814	959
814	984
815	83
815	380
815	472
815	488
815	503
815	518
815	628
815	729
815	761
815	840
815	841
815	881
815	902
816	293
816	326
816	366
816	371
816	391
816	409
816	662
816	801
816	848
816	894
816	937
816	970
816	996
817	15
817	87
817	186
817	300
817	394
817	414
817	494
817	623
817	664
817	679
817	785
817	789
817	947
818	129
818	267
818	416
818	566
818	585
818	681
818	767
818	779
818	801
818	824
818	857
818	867
818	912
819	90
819	158
819	195
819	280
819	310
819	320
819	512
819	613
819	674
819	700
819	918
819	965
819	992
820	33
820	159
820	323
820	329
820	367
820	539
820	547
820	551
820	608
820	647
820	659
820	668
820	964
820	965
821	24
821	117
821	380
821	424
821	476
821	569
821	654
821	733
821	759
821	849
821	850
821	854
821	933
821	966
822	1
822	44
822	191
822	335
822	646
822	750
822	835
822	838
822	887
822	891
822	897
822	943
822	966
822	968
823	20
823	160
823	372
823	409
823	491
823	507
823	548
823	694
823	710
823	795
823	801
823	888
823	948
823	983
824	245
824	273
824	350
824	523
824	560
824	708
824	774
824	786
824	806
824	818
824	853
824	898
824	950
824	998
825	137
825	152
825	177
825	226
825	287
825	636
825	783
825	802
825	849
825	857
825	868
825	913
825	963
825	980
826	65
826	99
826	240
826	389
826	499
826	533
826	636
826	664
826	709
826	720
826	765
826	797
826	833
826	988
827	139
827	394
827	490
827	554
827	589
827	703
827	727
827	780
827	869
827	942
827	957
827	958
827	987
827	990
828	120
828	254
828	325
828	362
828	402
828	534
828	661
828	723
828	793
828	864
828	877
828	880
828	934
828	947
829	67
829	101
829	525
829	582
829	694
829	709
829	761
829	853
829	855
829	901
829	948
829	960
829	978
829	994
830	40
830	76
830	84
830	228
830	253
830	275
830	277
830	366
830	657
830	787
830	796
830	813
830	991
830	999
831	54
831	353
831	412
831	426
831	671
831	684
831	709
831	795
831	803
831	848
831	941
831	964
831	988
831	993
832	43
832	70
832	206
832	317
832	351
832	361
832	422
832	439
832	563
832	596
832	630
832	778
832	809
832	911
833	47
833	257
833	356
833	422
833	505
833	626
833	826
833	877
833	893
833	926
833	934
833	952
833	956
833	974
834	170
834	249
834	453
834	666
834	669
834	783
834	850
834	855
834	863
834	882
834	905
834	974
834	984
834	987
835	38
835	139
835	204
835	211
835	228
835	389
835	572
835	654
835	746
835	779
835	822
835	926
835	979
835	993
836	167
836	231
836	417
836	518
836	529
836	558
836	608
836	662
836	666
836	675
836	765
836	893
836	917
836	947
837	214
837	264
837	288
837	401
837	426
837	685
837	718
837	724
837	745
837	844
837	924
837	985
837	992
837	996
838	203
838	332
838	342
838	410
838	477
838	675
838	789
838	791
838	809
838	814
838	822
838	934
838	960
838	973
839	63
839	174
839	409
839	456
839	485
839	632
839	671
839	717
839	730
839	760
839	801
839	844
839	879
839	918
840	123
840	125
840	185
840	272
840	306
840	317
840	424
840	584
840	611
840	715
840	719
840	815
840	866
840	875
841	240
841	243
841	550
841	577
841	580
841	593
841	815
841	852
841	886
841	903
841	971
841	973
841	982
841	985
842	1
842	105
842	161
842	241
842	343
842	386
842	462
842	480
842	678
842	690
842	723
842	732
842	795
842	808
843	11
843	131
843	305
843	355
843	443
843	478
843	570
843	579
843	635
843	657
843	724
843	781
843	955
843	990
844	8
844	237
844	279
844	344
844	417
844	508
844	752
844	753
844	777
844	837
844	839
844	884
844	914
844	917
845	352
845	467
845	692
845	797
845	806
845	852
845	882
845	892
845	916
845	935
845	936
845	957
845	983
845	994
846	46
846	119
846	167
846	214
846	384
846	399
846	444
846	732
846	756
846	774
846	894
846	930
846	955
846	996
847	213
847	346
847	425
847	441
847	498
847	530
847	575
847	613
847	686
847	740
847	809
847	875
847	923
847	993
848	369
848	410
848	469
848	562
848	627
848	697
848	752
848	816
848	831
848	857
848	962
848	965
848	986
848	991
849	12
849	14
849	82
849	113
849	476
849	613
849	653
849	772
849	789
849	821
849	825
849	905
849	961
849	987
850	111
850	142
850	221
850	317
850	594
850	596
850	707
850	720
850	788
850	797
850	812
850	821
850	834
850	854
851	27
851	45
851	95
851	186
851	212
851	393
851	654
851	670
851	691
851	695
851	880
851	927
851	946
851	948
852	205
852	284
852	322
852	449
852	454
852	603
852	841
852	845
852	861
852	883
852	886
852	907
852	923
852	973
853	67
853	241
853	270
853	316
853	427
853	552
853	593
853	621
853	623
853	632
853	688
853	824
853	829
853	907
854	36
854	180
854	208
854	249
854	333
854	556
854	609
854	627
854	755
854	821
854	850
854	977
854	982
854	996
855	156
855	449
855	610
855	667
855	676
855	682
855	719
855	729
855	771
855	781
855	803
855	829
855	834
855	862
856	78
856	107
856	128
856	181
856	196
856	256
856	420
856	447
856	534
856	591
856	625
856	738
856	920
856	939
857	231
857	422
857	521
857	630
857	711
857	721
857	745
857	798
857	818
857	825
857	848
857	895
857	950
857	956
858	20
858	154
858	231
858	296
858	542
858	555
858	580
858	584
858	660
858	672
858	715
858	961
858	986
858	998
859	66
859	188
859	196
859	278
859	324
859	386
859	494
859	550
859	623
859	733
859	808
859	880
859	945
859	982
860	21
860	331
860	335
860	346
860	371
860	505
860	514
860	526
860	586
860	893
860	909
860	962
860	971
860	976
861	239
861	318
861	425
861	428
861	482
861	611
861	691
861	748
861	777
861	852
861	882
861	916
861	959
861	991
862	32
862	213
862	216
862	227
862	251
862	280
862	299
862	637
862	813
862	855
862	884
862	903
862	967
862	977
863	5
863	104
863	250
863	312
863	339
863	422
863	569
863	779
863	834
863	908
863	935
863	946
863	953
863	989
864	38
864	48
864	149
864	217
864	481
864	492
864	555
864	727
864	729
864	786
864	804
864	828
864	930
864	957
865	47
865	57
865	455
865	570
865	664
865	723
865	738
865	804
865	920
865	925
865	929
865	942
865	972
865	974
866	102
866	184
866	185
866	258
866	471
866	543
866	640
866	654
866	713
866	809
866	840
866	936
866	946
866	966
867	45
867	66
867	141
867	333
867	350
867	565
867	576
867	723
867	732
867	798
867	805
867	811
867	818
867	994
868	59
868	102
868	157
868	377
868	401
868	492
868	532
868	589
868	716
868	794
868	825
868	871
868	909
868	926
868	941
869	47
869	110
869	191
869	234
869	337
869	345
869	379
869	394
869	400
869	433
869	463
869	674
869	772
869	827
869	957
870	149
870	195
870	206
870	298
870	299
870	621
870	671
870	673
870	679
870	697
870	768
870	805
870	972
870	979
870	988
871	10
871	18
871	83
871	222
871	258
871	285
871	302
871	402
871	528
871	666
871	759
871	868
871	919
871	951
871	981
872	80
872	128
872	173
872	220
872	260
872	388
872	420
872	502
872	553
872	787
872	906
872	917
872	937
872	953
872	976
873	194
873	541
873	551
873	596
873	618
873	639
873	685
873	927
873	957
873	968
873	974
873	986
873	994
873	999
873	1000
874	61
874	153
874	251
874	319
874	382
874	392
874	641
874	656
874	685
874	704
874	719
874	737
874	781
874	984
874	997
875	20
875	512
875	542
875	643
875	784
875	801
875	811
875	840
875	847
875	885
875	898
875	907
875	912
875	919
875	985
876	134
876	141
876	229
876	231
876	295
876	332
876	447
876	463
876	502
876	603
876	626
876	639
876	693
876	704
876	707
877	109
877	166
877	267
877	305
877	510
877	585
877	640
877	775
877	793
877	828
877	833
877	888
877	934
877	957
877	972
878	28
878	177
878	211
878	362
878	382
878	475
878	490
878	614
878	676
878	693
878	713
878	717
878	742
878	951
878	980
879	34
879	348
879	385
879	411
879	457
879	535
879	655
879	693
879	718
879	739
879	795
879	814
879	839
879	900
879	931
880	34
880	72
880	364
880	414
880	438
880	456
880	521
880	582
880	590
880	683
880	733
880	788
880	828
880	851
880	859
881	46
881	66
881	70
881	183
881	270
881	308
881	518
881	559
881	752
881	815
881	940
881	954
881	959
881	975
881	990
882	43
882	130
882	465
882	509
882	516
882	547
882	618
882	684
882	803
882	806
882	810
882	834
882	845
882	861
882	946
883	68
883	209
883	301
883	348
883	480
883	499
883	603
883	650
883	673
883	739
883	790
883	852
883	899
883	971
883	974
884	19
884	34
884	84
884	332
884	349
884	415
884	507
884	714
884	764
884	769
884	844
884	862
884	927
884	977
884	980
885	11
885	322
885	343
885	365
885	417
885	465
885	491
885	589
885	691
885	740
885	745
885	875
885	922
885	931
885	963
886	177
886	324
886	325
886	402
886	437
886	539
886	559
886	595
886	618
886	734
886	746
886	748
886	841
886	852
886	906
887	9
887	169
887	268
887	370
887	426
887	463
887	540
887	572
887	613
887	619
887	715
887	734
887	747
887	822
887	973
888	7
888	135
888	193
888	398
888	495
888	505
888	527
888	681
888	694
888	704
888	709
888	823
888	877
888	917
888	957
889	33
889	39
889	302
889	484
889	538
889	622
889	719
889	763
889	911
889	916
889	943
889	949
889	968
889	992
889	998
890	53
890	89
890	90
890	356
890	472
890	505
890	522
890	535
890	682
890	803
890	906
890	938
890	945
890	956
890	969
891	124
891	259
891	381
891	384
891	434
891	468
891	717
891	764
891	766
891	782
891	822
891	905
891	940
891	994
891	997
892	360
892	451
892	485
892	601
892	622
892	706
892	735
892	755
892	809
892	845
892	927
892	929
892	932
892	970
892	975
893	64
893	237
893	339
893	363
893	398
893	410
893	484
893	566
893	599
893	622
893	673
893	770
893	810
893	833
893	836
893	860
894	149
894	155
894	167
894	190
894	229
894	272
894	406
894	423
894	467
894	595
894	634
894	754
894	771
894	811
894	816
894	846
895	6
895	31
895	140
895	205
895	467
895	479
895	605
895	625
895	649
895	665
895	711
895	718
895	758
895	765
895	857
895	902
896	54
896	79
896	149
896	367
896	421
896	602
896	608
896	658
896	770
896	902
896	919
896	921
896	939
896	942
896	981
896	996
897	335
897	481
897	486
897	539
897	582
897	706
897	718
897	740
897	750
897	767
897	780
897	794
897	822
897	905
897	935
897	943
898	217
898	254
898	298
898	418
898	567
898	586
898	615
898	626
898	696
898	711
898	824
898	875
898	903
898	922
898	978
898	997
899	61
899	65
899	165
899	222
899	324
899	388
899	395
899	463
899	598
899	716
899	806
899	883
899	900
899	901
899	987
899	988
900	279
900	302
900	347
900	487
900	506
900	547
900	578
900	705
900	710
900	779
900	796
900	879
900	899
900	975
900	983
900	995
901	6
901	118
901	192
901	431
901	444
901	496
901	543
901	594
901	635
901	742
901	748
901	829
901	899
901	909
901	964
901	990
902	203
902	324
902	412
902	448
902	504
902	550
902	622
902	682
902	770
902	802
902	815
902	895
902	896
902	929
902	932
902	936
903	175
903	202
903	388
903	406
903	417
903	631
903	691
903	741
903	758
903	813
903	841
903	862
903	898
903	938
903	957
903	988
904	108
904	143
904	208
904	244
904	446
904	559
904	780
904	792
904	905
904	926
904	932
904	942
904	965
904	966
904	976
904	983
905	91
905	132
905	336
905	369
905	383
905	436
905	543
905	664
905	694
905	776
905	834
905	849
905	891
905	897
905	904
905	912
906	135
906	299
906	313
906	473
906	492
906	566
906	650
906	872
906	886
906	890
906	917
906	927
906	937
906	959
906	960
906	990
907	51
907	71
907	122
907	201
907	276
907	474
907	530
907	653
907	852
907	853
907	875
907	909
907	917
907	976
907	982
907	985
908	34
908	118
908	264
908	290
908	323
908	328
908	342
908	508
908	561
908	584
908	617
908	670
908	700
908	802
908	863
908	997
909	17
909	37
909	78
909	158
909	204
909	349
909	471
909	498
909	526
909	586
909	629
909	790
909	860
909	868
909	901
909	907
910	4
910	23
910	133
910	256
910	321
910	484
910	522
910	628
910	672
910	680
910	730
910	953
910	975
910	978
910	998
910	999
911	85
911	96
911	399
911	512
911	567
911	594
911	600
911	636
911	681
911	684
911	699
911	761
911	774
911	799
911	832
911	889
912	151
912	270
912	361
912	478
912	504
912	511
912	521
912	553
912	648
912	655
912	740
912	800
912	818
912	875
912	905
912	982
913	103
913	204
913	365
913	451
913	454
913	456
913	484
913	544
913	663
913	730
913	792
913	825
913	933
913	935
913	971
913	991
914	78
914	116
914	344
914	361
914	485
914	610
914	710
914	726
914	730
914	757
914	764
914	808
914	844
914	945
914	955
914	967
915	127
915	207
915	220
915	254
915	293
915	361
915	376
915	495
915	530
915	553
915	706
915	770
915	814
915	946
915	981
915	993
916	223
916	374
916	501
916	582
916	597
916	719
916	731
916	743
916	750
916	768
916	783
916	790
916	845
916	861
916	889
916	958
917	20
917	144
917	166
917	192
917	287
917	487
917	492
917	514
917	705
917	836
917	844
917	872
917	888
917	906
917	907
917	963
918	79
918	129
918	181
918	203
918	279
918	285
918	422
918	535
918	593
918	707
918	746
918	781
918	810
918	819
918	839
918	963
919	16
919	169
919	191
919	443
919	455
919	531
919	554
919	655
919	710
919	737
919	741
919	747
919	782
919	871
919	875
919	896
919	998
920	46
920	56
920	103
920	133
920	166
920	203
920	271
920	404
920	474
920	651
920	789
920	799
920	856
920	865
920	955
920	958
920	999
921	16
921	252
921	281
921	349
921	372
921	437
921	590
921	658
921	666
921	784
921	785
921	896
921	925
921	928
921	929
921	942
921	990
922	225
922	335
922	474
922	590
922	669
922	676
922	680
922	693
922	745
922	811
922	885
922	898
922	924
922	927
922	933
922	971
922	991
923	207
923	230
923	308
923	399
923	407
923	571
923	575
923	600
923	610
923	651
923	792
923	847
923	852
923	926
923	930
923	961
923	995
924	21
924	148
924	164
924	196
924	379
924	382
924	402
924	440
924	525
924	579
924	650
924	837
924	922
924	933
924	948
924	963
924	995
925	8
925	77
925	349
925	382
925	488
925	519
925	564
925	607
925	619
925	658
925	736
925	754
925	762
925	865
925	921
925	949
925	994
926	35
926	36
926	186
926	336
926	365
926	447
926	461
926	476
926	577
926	647
926	701
926	833
926	835
926	868
926	904
926	923
926	980
927	93
927	123
927	350
927	527
927	606
927	618
927	647
927	687
927	721
927	759
927	851
927	873
927	884
927	892
927	906
927	922
927	997
928	107
928	119
928	234
928	286
928	332
928	378
928	403
928	519
928	607
928	621
928	744
928	921
928	936
928	940
928	955
928	965
928	982
929	70
929	172
929	176
929	202
929	219
929	259
929	334
929	421
929	479
929	540
929	865
929	892
929	902
929	921
929	932
929	946
929	997
930	88
930	111
930	233
930	381
930	453
930	481
930	523
930	572
930	606
930	671
930	756
930	846
930	864
930	923
930	958
930	986
930	987
931	150
931	175
931	237
931	455
931	465
931	468
931	500
931	658
931	698
931	718
931	797
931	814
931	879
931	885
931	935
931	951
931	955
932	13
932	80
932	81
932	154
932	166
932	238
932	272
932	510
932	548
932	638
932	690
932	892
932	902
932	904
932	929
932	951
932	960
933	55
933	238
933	405
933	437
933	656
933	737
933	763
933	821
933	913
933	922
933	924
933	941
933	951
933	952
933	971
933	984
933	987
934	8
934	76
934	116
934	152
934	546
934	638
934	664
934	731
934	751
934	760
934	763
934	811
934	828
934	833
934	838
934	877
934	997
935	22
935	246
935	406
935	411
935	520
935	560
935	658
935	683
935	707
935	845
935	863
935	897
935	913
935	931
935	971
935	997
935	999
936	64
936	68
936	70
936	81
936	237
936	352
936	362
936	375
936	432
936	528
936	705
936	738
936	845
936	866
936	902
936	928
936	985
937	1
937	69
937	71
937	240
937	259
937	393
937	400
937	478
937	499
937	511
937	521
937	562
937	643
937	695
937	816
937	872
937	906
938	221
938	340
938	381
938	387
938	452
938	474
938	558
938	564
938	613
938	761
938	803
938	807
938	890
938	903
938	943
938	966
938	975
939	56
939	63
939	104
939	245
939	262
939	454
939	465
939	519
939	602
939	656
939	720
939	734
939	746
939	773
939	856
939	896
939	942
940	28
940	32
940	157
940	227
940	363
940	411
940	427
940	501
940	533
940	585
940	716
940	802
940	881
940	891
940	928
940	957
940	968
941	108
941	118
941	318
941	356
941	398
941	437
941	481
941	506
941	652
941	738
941	747
941	771
941	787
941	831
941	868
941	933
941	998
942	90
942	183
942	299
942	303
942	372
942	389
942	408
942	480
942	510
942	639
942	827
942	865
942	896
942	904
942	921
942	939
942	978
943	121
943	350
943	363
943	395
943	488
943	609
943	616
943	654
943	660
943	733
943	782
943	822
943	889
943	897
943	938
943	961
943	992
944	3
944	38
944	124
944	133
944	179
944	291
944	456
944	470
944	576
944	612
944	626
944	629
944	681
944	703
944	732
944	980
944	984
945	206
945	282
945	317
945	353
945	415
945	419
945	424
945	524
945	536
945	632
945	665
945	750
945	800
945	859
945	890
945	914
945	960
945	1000
946	109
946	161
946	171
946	250
946	392
946	592
946	603
946	649
946	650
946	667
946	778
946	851
946	863
946	866
946	882
946	915
946	929
946	989
947	75
947	121
947	128
947	134
947	310
947	420
947	507
947	579
947	600
947	645
947	667
947	708
947	729
947	769
947	817
947	828
947	836
947	1000
948	10
948	14
948	113
948	354
948	453
948	460
948	596
948	644
948	764
948	775
948	797
948	810
948	823
948	829
948	851
948	924
948	958
948	989
949	41
949	57
949	303
949	401
949	430
949	483
949	492
949	512
949	513
949	546
949	591
949	606
949	616
949	692
949	889
949	925
949	975
949	983
950	23
950	143
950	165
950	252
950	387
950	448
950	471
950	563
950	613
950	639
950	643
950	699
950	786
950	790
950	802
950	824
950	857
950	968
951	82
951	168
951	334
951	374
951	397
951	577
951	742
951	789
951	806
951	871
951	878
951	931
951	932
951	933
951	962
951	969
951	983
951	986
952	23
952	86
952	144
952	188
952	367
952	580
952	623
952	642
952	689
952	712
952	728
952	740
952	781
952	807
952	833
952	933
952	960
952	981
953	15
953	94
953	98
953	128
953	191
953	518
953	536
953	617
953	634
953	651
953	712
953	729
953	778
953	787
953	863
953	872
953	910
953	955
954	30
954	96
954	174
954	261
954	266
954	383
954	426
954	454
954	516
954	569
954	646
954	732
954	745
954	751
954	881
954	966
954	974
954	979
955	30
955	115
955	235
955	573
955	603
955	625
955	663
955	688
955	702
955	769
955	843
955	846
955	914
955	920
955	928
955	931
955	953
955	977
956	94
956	297
956	315
956	340
956	430
956	490
956	549
956	673
956	705
956	711
956	722
956	833
956	857
956	890
956	962
956	980
956	984
956	991
957	148
957	150
957	227
957	388
957	425
957	431
957	712
957	758
957	793
957	827
957	845
957	864
957	869
957	873
957	877
957	888
957	903
957	940
958	110
958	157
958	163
958	258
958	278
958	312
958	458
958	572
958	614
958	633
958	686
958	788
958	827
958	916
958	920
958	930
958	948
958	992
959	18
959	53
959	175
959	188
959	224
959	268
959	291
959	449
959	466
959	473
959	578
959	678
959	763
959	814
959	861
959	881
959	906
959	990
960	140
960	201
960	285
960	332
960	344
960	347
960	438
960	585
960	595
960	630
960	740
960	829
960	838
960	906
960	932
960	945
960	952
960	973
961	98
961	125
961	197
961	481
961	573
961	594
961	609
961	621
961	675
961	731
961	734
961	799
961	849
961	858
961	923
961	943
961	962
961	991
962	20
962	22
962	35
962	184
962	327
962	331
962	385
962	473
962	658
962	675
962	702
962	749
962	848
962	860
962	951
962	956
962	961
962	988
963	75
963	187
963	283
963	321
963	342
963	357
963	378
963	652
963	671
963	732
963	762
963	767
963	825
963	885
963	917
963	918
963	924
963	975
964	125
964	138
964	430
964	499
964	516
964	538
964	553
964	563
964	584
964	617
964	666
964	678
964	724
964	743
964	766
964	820
964	831
964	901
965	61
965	293
965	461
965	471
965	477
965	495
965	516
965	587
965	653
965	698
965	776
965	792
965	819
965	820
965	848
965	904
965	928
965	970
966	25
966	84
966	103
966	163
966	171
966	178
966	586
966	616
966	660
966	685
966	720
966	741
966	821
966	822
966	866
966	904
966	938
966	954
967	15
967	27
967	261
967	336
967	383
967	384
967	543
967	573
967	617
967	655
967	671
967	721
967	757
967	759
967	781
967	862
967	914
967	976
968	9
968	101
968	145
968	309
968	360
968	475
968	521
968	537
968	573
968	652
968	669
968	727
968	804
968	822
968	873
968	889
968	940
968	950
969	16
969	41
969	58
969	129
969	145
969	541
969	619
969	663
969	708
969	740
969	744
969	786
969	788
969	806
969	812
969	890
969	951
969	1000
970	59
970	162
970	170
970	226
970	314
970	433
970	442
970	460
970	461
970	489
970	527
970	588
970	594
970	612
970	784
970	816
970	892
970	965
971	93
971	133
971	265
971	267
971	284
971	333
971	343
971	404
971	429
971	525
971	571
971	841
971	860
971	883
971	913
971	922
971	933
971	935
972	91
972	231
972	236
972	257
972	312
972	376
972	512
972	527
972	563
972	582
972	708
972	723
972	744
972	759
972	788
972	865
972	870
972	877
972	985
973	71
973	93
973	291
973	372
973	408
973	439
973	482
973	608
973	668
973	675
973	722
973	762
973	788
973	806
973	838
973	841
973	852
973	887
973	960
974	74
974	250
974	256
974	277
974	382
974	400
974	638
974	680
974	683
974	698
974	702
974	776
974	833
974	834
974	865
974	873
974	883
974	954
974	979
975	3
975	39
975	131
975	198
975	363
975	408
975	479
975	511
975	623
975	700
975	881
975	892
975	900
975	910
975	938
975	949
975	963
975	981
975	993
976	146
976	171
976	296
976	401
976	441
976	445
976	489
976	496
976	574
976	605
976	626
976	778
976	805
976	813
976	860
976	872
976	904
976	907
976	967
977	115
977	143
977	355
977	444
977	467
977	493
977	513
977	581
977	625
977	711
977	742
977	751
977	759
977	854
977	862
977	884
977	955
977	993
977	998
978	43
978	154
978	199
978	235
978	241
978	377
978	416
978	473
978	492
978	564
978	595
978	740
978	804
978	829
978	898
978	910
978	942
978	989
978	994
979	215
979	292
979	338
979	382
979	424
979	452
979	556
979	560
979	598
979	645
979	783
979	788
979	792
979	797
979	835
979	870
979	954
979	974
979	999
980	110
980	270
980	289
980	454
980	467
980	564
980	565
980	577
980	600
980	682
980	773
980	825
980	878
980	884
980	926
980	944
980	956
980	987
980	990
981	57
981	84
981	158
981	266
981	270
981	297
981	327
981	544
981	548
981	587
981	597
981	652
981	673
981	711
981	871
981	896
981	915
981	952
981	975
982	41
982	69
982	205
982	218
982	269
982	334
982	426
982	524
982	581
982	591
982	605
982	609
982	614
982	841
982	854
982	859
982	907
982	912
982	928
983	68
983	230
983	322
983	371
983	411
983	545
983	596
983	600
983	604
983	755
983	764
983	765
983	803
983	823
983	845
983	900
983	904
983	949
983	951
984	211
984	228
984	354
984	362
984	447
984	530
984	537
984	597
984	599
984	713
984	739
984	814
984	834
984	874
984	933
984	944
984	956
984	991
984	994
985	151
985	156
985	303
985	511
985	541
985	558
985	578
985	674
985	696
985	797
985	801
985	804
985	837
985	841
985	875
985	907
985	936
985	972
985	996
986	14
986	111
986	209
986	244
986	278
986	369
986	397
986	436
986	615
986	675
986	693
986	752
986	758
986	793
986	794
986	848
986	858
986	873
986	930
986	951
987	70
987	195
987	243
987	301
987	428
987	498
987	545
987	588
987	656
987	669
987	694
987	765
987	791
987	827
987	834
987	849
987	899
987	930
987	933
987	980
988	20
988	127
988	156
988	208
988	218
988	284
988	310
988	446
988	544
988	545
988	725
988	774
988	800
988	826
988	831
988	870
988	899
988	903
988	962
988	995
989	30
989	122
989	123
989	190
989	230
989	275
989	456
989	464
989	489
989	588
989	665
989	702
989	719
989	776
989	809
989	863
989	946
989	948
989	978
989	994
990	98
990	116
990	130
990	202
990	211
990	232
990	518
990	520
990	545
990	579
990	688
990	827
990	843
990	881
990	901
990	906
990	921
990	959
990	980
990	1000
991	76
991	305
991	460
991	467
991	513
991	525
991	619
991	667
991	687
991	770
991	804
991	810
991	830
991	848
991	861
991	913
991	922
991	956
991	961
991	984
992	28
992	60
992	68
992	73
992	74
992	286
992	368
992	369
992	525
992	551
992	601
992	622
992	731
992	733
992	748
992	819
992	837
992	889
992	943
992	958
993	27
993	125
993	162
993	213
993	216
993	333
993	381
993	481
993	513
993	535
993	611
993	716
993	758
993	831
993	835
993	847
993	915
993	975
993	977
993	998
994	171
994	177
994	229
994	335
994	413
994	434
994	446
994	500
994	578
994	624
994	720
994	829
994	845
994	867
994	873
994	891
994	925
994	978
994	984
994	989
995	31
995	53
995	58
995	122
995	268
995	354
995	364
995	373
995	397
995	437
995	456
995	568
995	655
995	710
995	718
995	796
995	900
995	923
995	924
995	988
996	156
996	187
996	233
996	408
996	445
996	460
996	650
996	701
996	763
996	773
996	776
996	782
996	790
996	812
996	816
996	837
996	846
996	854
996	896
996	985
997	29
997	77
997	379
997	478
997	526
997	540
997	575
997	581
997	592
997	747
997	766
997	803
997	874
997	891
997	898
997	908
997	927
997	929
997	934
997	935
998	127
998	246
998	247
998	341
998	433
998	583
998	600
998	607
998	623
998	633
998	734
998	801
998	824
998	858
998	889
998	910
998	919
998	941
998	977
998	993
999	58
999	87
999	105
999	116
999	269
999	417
999	506
999	545
999	597
999	629
999	683
999	725
999	726
999	800
999	830
999	873
999	910
999	920
999	935
999	979
1000	52
1000	128
1000	140
1000	158
1000	218
1000	267
1000	276
1000	403
1000	443
1000	451
1000	587
1000	690
1000	697
1000	766
1000	773
1000	873
1000	945
1000	947
1000	969
1000	990
