1	27
2	27
3	27
4	28
5	27
6	10
7	27
8	28
9	26
10	25
11	27
12	28
13	11
14	28
15	27
16	10
17	8
18	21
19	27
20	27
21	36
22	18
23	11
24	25
25	27
26	23
27	27
28	10
29	27
30	27
31	11
32	26
33	27
34	31
35	27
36	10
37	1
38	27
39	21
40	11
41	27
42	18
43	27
44	27
45	10
46	29
47	27
48	24
49	27
50	23
51	27
52	5
53	8
54	36
55	2
56	2
57	25
58	27
59	2
60	14
61	27
62	27
63	38
64	27
65	8
66	27
67	7
68	24
69	36
70	34
71	27
72	24
73	15
74	6
75	29
76	6
77	24
78	28
79	16
80	8
81	10
82	27
83	5
84	16
85	27
86	27
87	27
88	25
89	8
90	8
91	5
92	27
93	28
94	18
95	21
96	14
97	26
98	25
99	36
100	16
101	27
102	16
103	1
104	27
105	10
106	36
107	10
108	1
109	8
110	21
111	8
112	22
113	7
114	24
115	24
116	28
117	27
118	10
119	14
120	2
121	2
122	8
123	23
124	14
125	15
126	18
127	16
128	14
129	27
130	27
131	27
132	18
133	27
134	6
135	5
136	27
137	27
138	27
139	0
140	27
141	9
142	28
143	27
144	2
145	5
146	10
147	28
148	21
149	29
150	38
151	27
152	8
153	27
154	10
155	11
156	39
157	27
158	38
159	2
160	27
161	10
162	29
163	36
164	29
165	6
166	27
167	27
168	8
169	10
170	26
171	38
172	27
173	5
174	27
175	9
176	25
177	27
178	27
179	29
180	6
181	34
182	28
183	15
184	10
185	10
186	32
187	26
188	29
189	11
190	10
191	26
192	27
193	27
194	27
195	28
196	8
197	27
198	15
199	27
200	15
201	36
202	4
203	27
204	27
205	11
206	2
207	27
208	10
209	2
210	27
211	27
212	27
213	21
214	9
215	2
216	4
217	32
218	7
219	5
220	38
221	10
222	27
223	25
224	28
225	27
226	11
227	27
228	3
229	38
230	15
231	25
232	11
233	21
234	10
235	10
236	8
237	7
238	27
239	14
240	36
241	21
242	21
243	14
244	5
245	15
246	38
247	15
248	25
249	25
250	18
251	11
252	32
253	25
254	5
255	28
256	14
257	27
258	5
259	27
260	2
261	27
262	11
263	4
264	28
265	27
266	10
267	18
268	2
269	15
270	27
271	39
272	14
273	24
274	2
275	6
276	27
277	27
278	31
279	27
280	15
281	25
282	6
283	27
284	39
285	15
286	36
287	10
288	27
289	27
290	36
291	27
292	17
293	8
294	14
295	8
296	6
297	36
298	7
299	23
300	1
301	30
302	27
303	28
304	17
305	10
306	22
307	27
308	8
309	26
310	27
311	21
312	11
313	23
314	4
315	11
316	9
317	15
318	27
319	27
320	34
321	25
322	28
323	15
324	4
325	10
326	31
327	10
328	16
329	31
330	9
331	28
332	36
333	39
334	27
335	18
336	32
337	6
338	30
339	9
340	6
341	21
342	2
343	2
344	25
345	26
346	2
347	2
348	3
349	5
350	10
351	5
352	14
353	16
354	16
355	16
356	27
357	10
358	14
359	15
360	1
361	25
362	1
363	10
364	16
365	25
366	9
367	28
368	33
369	36
370	27
371	27
372	5
373	10
374	10
375	27
376	26
377	27
378	36
379	15
380	25
381	10
382	1
383	27
384	2
385	34
386	14
387	11
388	15
389	27
390	1
391	8
392	38
393	15
394	36
395	19
396	16
397	26
398	18
399	26
400	6
401	9
402	7
403	28
404	27
405	27
406	23
407	27
408	32
409	24
410	7
411	15
412	22
413	15
414	27
415	29
416	27
417	27
418	30
419	2
420	15
421	11
422	25
423	38
424	39
425	3
426	23
427	8
428	27
429	32
430	28
431	3
432	9
433	24
434	15
435	3
436	16
437	2
438	4
439	27
440	15
441	7
442	3
443	7
444	34
445	17
446	1
447	15
448	28
449	24
450	8
451	8
452	16
453	39
454	18
455	1
456	36
457	6
458	15
459	10
460	10
461	27
462	36
463	1
464	23
465	8
466	25
467	34
468	6
469	25
470	26
471	2
472	21
473	38
474	31
475	1
476	27
477	10
478	28
479	7
480	17
481	8
482	19
483	23
484	11
485	17
486	39
487	11
488	34
489	35
490	2
491	25
492	9
493	0
494	6
495	27
496	12
497	38
498	32
499	26
500	33
501	11
502	27
503	22
504	30
505	6
506	18
507	14
508	9
509	27
510	1
511	1
512	14
513	7
514	24
515	28
516	25
517	12
518	2
519	24
520	22
521	38
522	27
523	36
524	1
525	29
526	36
527	27
528	21
529	27
530	30
531	36
532	29
533	15
534	28
535	32
536	16
537	27
538	36
539	2
540	27
541	31
542	36
543	8
544	38
545	11
546	20
547	25
548	10
549	27
550	18
551	14
552	27
553	6
554	0
555	6
556	25
557	36
558	24
559	31
560	10
561	27
562	15
563	1
564	15
565	10
566	27
567	15
568	14
569	27
570	36
571	18
572	34
573	38
574	31
575	8
576	32
577	28
578	18
579	23
580	15
581	16
582	20
583	39
584	8
585	38
586	4
587	15
588	27
589	35
590	24
591	24
592	2
593	15
594	15
595	2
596	27
597	28
598	15
599	8
600	33
601	24
602	7
603	18
604	9
605	36
606	29
607	27
608	16
609	2
610	33
611	34
612	29
613	23
614	10
615	16
616	20
617	36
618	18
619	8
620	24
621	9
622	10
623	2
624	7
625	1
626	16
627	27
628	2
629	14
630	8
631	15
632	15
633	11
634	10
635	29
636	23
637	26
638	27
639	21
640	10
641	18
642	4
643	24
644	38
645	1
646	36
647	1
648	38
649	36
650	14
651	23
652	9
653	28
654	16
655	36
656	2
657	6
658	24
659	9
660	10
661	2
662	32
663	21
664	36
665	9
666	11
667	6
668	11
669	36
670	31
671	17
672	6
673	15
674	28
675	23
676	10
677	9
678	8
679	6
680	15
681	27
682	14
683	11
684	15
685	19
686	2
687	2
688	36
689	2
690	12
691	16
692	22
693	27
694	2
695	36
696	22
697	15
698	27
699	35
700	14
701	27
702	26
703	30
704	14
705	11
706	10
707	10
708	31
709	31
710	14
711	2
712	26
713	25
714	33
715	30
716	10
717	15
718	19
719	22
720	7
721	25
722	23
723	15
724	26
725	28
726	10
727	28
728	10
729	1
730	26
731	12
732	31
733	4
734	7
735	10
736	35
737	39
738	8
739	20
740	24
741	39
742	32
743	24
744	0
745	14
746	19
747	25
748	15
749	10
750	14
751	18
752	27
753	10
754	23
755	35
756	17
757	15
758	25
759	1
760	23
761	33
762	29
763	2
764	15
765	27
766	16
767	6
768	23
769	4
770	25
771	2
772	1
773	24
774	15
775	28
776	38
777	7
778	11
779	33
780	8
781	7
782	36
783	17
784	29
785	15
786	6
787	19
788	26
789	34
790	39
791	7
792	10
793	6
794	36
795	16
796	26
797	14
798	27
799	23
800	28
801	21
802	6
803	15
804	34
805	1
806	38
807	30
808	24
809	26
810	38
811	5
812	6
813	29
814	36
815	21
816	22
817	6
818	4
819	22
820	17
821	2
822	12
823	36
824	16
825	6
826	21
827	36
828	11
829	2
830	34
831	8
832	24
833	31
834	4
835	36
836	19
837	33
838	9
839	7
840	11
841	35
842	11
843	7
844	25
845	9
846	4
847	34
848	10
849	2
850	22
851	1
852	23
853	11
854	6
855	11
856	18
857	2
858	17
859	31
860	30
861	2
862	38
863	29
864	28
865	25
866	4
867	1
868	1
869	1
870	19
871	26
872	8
873	0
874	9
875	2
876	0
877	2
878	29
879	37
880	22
881	2
882	6
883	11
884	23
885	38
886	26
887	24
888	26
889	32
890	34
891	23
892	24
893	6
894	38
895	31
896	0
897	16
898	20
899	16
900	29
901	15
902	18
903	23
904	38
905	34
906	25
907	9
908	33
909	11
910	29
911	17
912	7
913	34
914	29
915	20
916	18
917	2
918	17
919	33
920	2
921	39
922	38
923	14
924	6
925	33
926	36
927	16
928	13
929	24
930	38
931	24
932	2
933	17
934	26
935	29
936	39
937	36
938	9
939	10
940	6
941	14
942	15
943	34
944	36
945	25
946	39
947	28
948	6
949	16
950	14
951	25
952	4
953	4
954	21
955	17
956	0
957	35
958	34
959	16
960	6
961	25
962	10
963	16
964	1
965	36
966	2
967	5
968	10
969	26
970	28
971	28
972	19
973	26
974	29
975	2
976	10
977	33
978	19
979	11
980	18
981	4
982	6
983	11
984	36
985	29
986	30
987	2
988	15
989	6
990	3
991	29
992	24
993	39
994	39
995	29
996	23
997	39
998	1
999	13
1000	12
