1	15 
2	30 
3	33 
4	19 
5	2 
6	38 
7	6 
8	1 
9	22 
10	26 
11	22 
12	13 
13	18 
14	36 
15	18 
16	25 
17	29 
18	10 
19	11 
20	8 
21	25 
22	33 
23	1 
24	12 
25	26 
26	11 
27	6 
28	25 
29	21 
30	14 
31	29 
32	13 
33	3 
34	6 
35	22 
36	5 
37	15 
38	31 
39	24 
40	26 
41	21 
42	2 
43	38 
44	11 
45	22 
46	7 
47	2 
48	32 
49	32 
50	22 
51	25 
52	29 
53	5 
54	5 
55	22 
56	1 
57	2 
58	19 
59	31 
60	25 
61	9 
62	5 
63	15 
64	31 
65	38 
66	6 
67	5 
68	21 
69	13 
70	15 
71	34 
72	27 
73	3 
74	16 
75	28 
76	7 
77	13 
78	33 
79	11 
80	33 
81	4 
82	26 
83	3 
84	18 
85	34 
86	2 
87	18 
88	12 
89	19 
90	13 
91	6 
92	3 
93	4 
94	9 
95	36 
96	10 
97	37 
98	8 
99	13 
100	6 
101	9 
102	32 
103	19 
104	32 
105	7 
106	20 
107	38 
108	22 
109	4 
110	13 
111	21 
112	21 
113	23 
114	34 
115	21 
116	2 
117	26 
118	12 
119	22 
120	23 
121	1 
122	6 
123	19 
124	15 
125	33 
126	8 
127	35 
128	13 
129	31 
130	1 
131	27 
132	23 
133	35 
134	24 
135	3 
136	36 
137	9 
138	28 
139	26 
140	19 
141	27 
142	19 
143	8 
144	33 
145	26 
146	27 
147	33 
148	8 
149	18 
150	36 
151	32 
152	6 
153	13 
154	29 
155	17 
156	15 
157	10 
158	17 
159	16 
160	34 
161	7 
162	17 
163	30 
164	12 
165	12 
166	29 
167	12 
168	37 
169	2 
170	14 
171	24 
172	19 
173	30 
174	5 
175	5 
176	12 
177	21 
178	38 
179	25 
180	31 
181	38 
182	6 
183	35 
184	37 
185	28 
186	1 
187	4 
188	7 
189	22 
190	2 
191	18 
192	4 
193	20 
194	22 
195	29 
196	23 
197	17 
198	36 
199	5 
200	6 
201	28 
202	18 
203	35 
204	32 
205	33 
206	20 
207	31 
208	2 
209	7 
210	33 
211	36 
212	28 
213	16 
214	21 
215	7 
216	34 
217	24 
218	6 
219	3 
220	17 
221	33 
222	25 
223	15 
224	19 
225	25 
226	29 
227	26 
228	12 
229	29 
230	1 
231	27 
232	35 
233	35 
234	30 
235	36 
236	26 
237	8 
238	15 
239	23 
240	3 
241	9 
242	37 
243	7 
244	21 
245	20 
246	12 
247	32 
248	12 
249	37 
250	14 
251	26 
252	25 
253	24 
254	10 
255	13 
256	3 
257	8 
258	21 
259	24 
260	7 
261	13 
262	2 
263	30 
264	10 
265	29 
266	12 
267	38 
268	23 
269	3 
270	20 
271	21 
272	10 
273	15 
274	20 
275	17 
276	2 
277	37 
278	10 
279	1 
280	19 
281	20 
282	34 
283	20 
284	16 
285	1 
286	7 
287	1 
288	10 
289	22 
290	29 
291	32 
292	3 
293	34 
294	11 
295	24 
296	17 
297	14 
298	36 
299	33 
300	24 
301	28 
302	16 
303	14 
304	9 
305	27 
306	30 
307	24 
308	15 
309	24 
310	20 
311	2 
312	21 
313	32 
314	17 
315	15 
316	17 
317	31 
318	34 
319	25 
320	18 
321	29 
322	12 
323	32 
324	19 
325	17 
326	28 
327	13 
328	7 
329	28 
330	22 
331	20 
332	5 
333	24 
334	23 
335	14 
336	34 
337	7 
338	3 
339	10 
340	33 
341	24 
342	34 
343	26 
344	8 
345	3 
346	13 
347	29 
348	25 
349	8 
350	10 
351	16 
352	36 
353	36 
354	19 
355	9 
356	17 
357	28 
358	35 
359	14 
360	32 
361	16 
362	11 
363	22 
364	20 
365	14 
366	5 
367	26 
368	9 
369	4 
370	17 
371	30 
372	33 
373	14 
374	1 
375	32 
376	22 
377	37 
378	9 
379	30 
380	18 
381	35 
382	18 
383	1 
384	14 
385	9 
386	4 
387	1 
388	10 
389	5 
390	21 
391	4 
392	11 
393	14 
394	24 
395	17 
396	23 
397	32 
398	27 
399	7 
400	20 
401	16 
402	4 
403	36 
404	35 
405	26 
406	14 
407	27 
408	31 
409	24 
410	4 
411	11 
412	38 
413	9 
414	1 
415	10 
416	20 
417	23 
418	3 
419	19 
420	18 
421	14 
422	9 
423	24 
424	14 
425	4 
426	34 
427	5 
428	34 
429	18 
430	4 
431	9 
432	22 
433	4 
434	38 
435	3 
436	27 
437	33 
438	7 
439	11 
440	7 
441	24 
442	31 
443	29 
444	10 
445	28 
446	23 
447	11 
448	10 
449	35 
450	23 
451	38 
452	7 
453	12 
454	33 
455	3 
456	28 
457	34 
458	18 
459	31 
460	9 
461	31 
462	26 
463	38 
464	35 
465	23 
466	38 
467	19 
468	30 
469	8 
470	7 
471	37 
472	36 
473	16 
474	9 
475	5 
476	8 
477	29 
478	24 
479	8 
480	25 
481	17 
482	9 
483	21 
484	16 
485	30 
486	36 
487	4 
488	9 
489	32 
490	19 
491	30 
492	27 
493	11 
494	22 
495	7 
496	4 
497	21 
498	23 
499	30 
500	15 
501	20 
502	33 
503	18 
504	22 
505	28 
506	1 
507	19 
508	37 
509	16 
510	23 
511	33 
512	19 
513	34 
514	15 
515	1 
516	28 
517	15 
518	16 
519	36 
520	23 
521	24 
522	7 
523	22 
524	22 
525	38 
526	16 
527	16 
528	16 
529	37 
530	25 
531	19 
532	23 
533	16 
534	4 
535	32 
536	31 
537	19 
538	23 
539	31 
540	16 
541	8 
542	36 
543	38 
544	34 
545	28 
546	7 
547	33 
548	22 
549	38 
550	37 
551	36 
552	31 
553	34 
554	11 
555	4 
556	28 
557	34 
558	34 
559	34 
560	23 
561	15 
562	21 
563	15 
564	1 
565	30 
566	38 
567	8 
568	32 
569	27 
570	24 
571	23 
572	22 
573	27 
574	32 
575	1 
576	11 
577	38 
578	11 
579	26 
580	35 
581	21 
582	7 
583	24 
584	9 
585	35 
586	33 
587	34 
588	15 
589	30 
590	23 
591	8 
592	8 
593	27 
594	34 
595	25 
596	23 
597	19 
598	35 
599	5 
600	8 
601	27 
602	34 
603	30 
604	33 
605	35 
606	11 
607	15 
608	35 
609	35 
610	9 
611	24 
612	8 
613	31 
614	27 
615	1 
616	37 
617	11 
618	33 
619	7 
620	35 
621	34 
622	9 
623	18 
624	16 
625	4 
626	31 
627	19 
628	25 
629	31 
630	27 
631	18 
632	16 
633	18 
634	26 
635	37 
636	37 
637	23 
638	25 
639	27 
640	37 
641	28 
642	5 
643	11 
644	15 
645	30 
646	5 
647	26 
648	37 
649	25 
650	37 
651	19 
652	7 
653	5 
654	28 
655	11 
656	34 
657	11 
658	16 
659	30 
660	19 
661	1 
662	22 
663	22 
664	5 
665	18 
666	1 
667	31 
668	25 
669	30 
670	31 
671	22 
672	15 
673	37 
674	19 
675	31 
676	21 
677	7 
678	31 
679	18 
680	22 
681	28 
682	11 
683	21 
684	28 
685	21 
686	26 
687	26 
688	19 
689	22 
690	22 
691	26 
692	9 
693	24 
694	34 
695	22 
696	25 
697	5 
698	7 
699	1 
700	9 
701	1 
702	25 
703	19 
704	5 
705	16 
706	34 
707	11 
708	5 
709	21 
710	34 
711	7 
712	11 
713	19 
714	18 
715	30 
716	37 
717	37 
718	34 
719	37 
720	31 
721	31 
722	33 
723	27 
724	5 
725	26 
726	25 
727	1 
728	30 
729	30 
730	34 
731	23 
732	25 
733	1 
734	27 
735	19 
736	37 
737	21 
738	27 
739	11 
740	27 
741	9 
742	5 
743	7 
744	9 
745	16 
746	15 
747	24 
748	5 
749	19 
750	34 
751	9 
752	25 
753	24 
754	24 
755	7 
756	37 
757	22 
758	22 
759	34 
760	34 
761	31 
762	31 
763	16 
764	37 
765	27 
766	9 
767	22 
768	15 
769	1 
770	7 
771	25 
772	15 
773	7 
774	7 
775	24 
776	16 
777	31 
778	31 
779	24 
780	30 
781	31 
782	11 
783	23 
784	15 
785	24 
786	22 
787	31 
788	9 
789	27 
790	37 
791	9 
792	15 
793	30 
794	1 
795	26 
796	5 
797	37 
798	34 
799	9 
800	24 
801	5 
802	25 
803	33 
804	37 
805	33 
806	16 
807	26 
808	30 
809	19 
810	1 
811	9 
812	22 
813	1 
814	15 
815	1 
816	26 
817	30 
818	26 
819	16 
820	15 
821	27 
822	27 
823	24 
824	15 
825	27 
826	5 
827	33 
828	26 
829	11 
830	24 
831	24 
832	33 
833	7 
834	7 
835	11 
836	33 
837	11 
838	16 
839	7 
840	31 
841	33 
842	15 
843	26 
844	33 
845	1 
846	33 
847	34 
848	11 
849	37 
850	16 
851	24 
852	24 
853	27 
854	34 
855	26 
856	1 
857	26 
858	15 
859	37 
860	26 
861	11 
862	16 
863	26 
864	33 
865	33 
866	5 
867	34 
868	37 
869	22 
870	7 
871	11 
872	11 
873	9 
874	1 
875	7 
876	5 
877	9 
878	26 
879	27 
880	37 
881	22 
882	37 
883	27 
884	27 
885	5 
886	1 
887	37 
888	33 
889	24 
890	27 
891	26 
892	22 
893	5 
894	34 
895	27 
896	19 
897	9 
898	5 
899	5 
900	11 
901	7 
902	9 
903	24 
904	34 
905	22 
906	9 
907	37 
908	37 
909	22 
910	1 
911	33 
912	26 
913	11 
914	11 
915	9 
916	19 
917	26 
918	1 
919	7 
920	9 
921	1 
922	9 
923	11 
924	34 
925	22 
926	19 
927	1 
928	1 
929	24 
930	37 
931	1 
932	37 
933	9 
934	7 
935	22 
936	1 
937	11 
938	19 
939	22 
940	19 
941	22 
942	11 
943	9 
944	37 
945	24 
946	19 
947	11 
948	7 
949	26 
950	9 
951	26 
952	7 
953	1 
954	11 
955	9 
956	22 
957	11 
958	26 
959	24 
960	34 
961	37 
962	34 
963	26 
964	9 
965	22 
966	34 
967	26 
968	26 
969	22 
970	22 
971	37 
972	34 
973	11 
974	7 
975	24 
976	1 
977	26 
978	37 
979	26 
980	11 
981	22 
982	26 
983	34 
984	1 
985	9 
986	24 
987	34 
988	24 
989	26 
990	34 
991	9 
992	11 
993	22 
994	11 
995	34 
996	7 
997	11 
998	34 
999	34 
1000	11 
