1	30 
2	17 
3	26 
4	20 
5	1 
6	24 
7	26 
8	17 
9	28 
10	19 
11	25 
12	28 
13	35 
14	28 
15	8 
16	19 
17	38 
18	33 
19	22 
20	25 
21	25 
22	11 
23	5 
24	37 
25	30 
26	36 
27	2 
28	20 
29	3 
30	5 
31	22 
32	5 
33	36 
34	30 
35	14 
36	10 
37	23 
38	20 
39	30 
40	31 
41	14 
42	36 
43	10 
44	4 
45	5 
46	18 
47	18 
48	18 
49	21 
50	4 
51	24 
52	18 
53	5 
54	19 
55	26 
56	6 
57	10 
58	22 
59	4 
60	4 
61	7 
62	35 
63	31 
64	16 
65	3 
66	7 
67	19 
68	7 
69	27 
70	7 
71	24 
72	10 
73	32 
74	17 
75	27 
76	17 
77	29 
78	6 
79	27 
80	9 
81	33 
82	6 
83	7 
84	23 
85	7 
86	30 
87	29 
88	21 
89	19 
90	38 
91	10 
92	18 
93	29 
94	18 
95	8 
96	12 
97	28 
98	28 
99	4 
100	11 
101	13 
102	35 
103	24 
104	8 
105	8 
106	16 
107	22 
108	36 
109	18 
110	10 
111	17 
112	14 
113	32 
114	36 
115	28 
116	11 
117	33 
118	5 
119	13 
120	25 
121	12 
122	18 
123	6 
124	1 
125	27 
126	2 
127	10 
128	1 
129	34 
130	17 
131	20 
132	25 
133	35 
134	9 
135	34 
136	19 
137	29 
138	25 
139	2 
140	37 
141	31 
142	15 
143	29 
144	8 
145	29 
146	30 
147	38 
148	16 
149	20 
150	9 
151	12 
152	13 
153	8 
154	8 
155	11 
156	11 
157	36 
158	18 
159	29 
160	8 
161	3 
162	25 
163	38 
164	5 
165	20 
166	14 
167	25 
168	6 
169	14 
170	29 
171	19 
172	20 
173	32 
174	24 
175	16 
176	11 
177	37 
178	27 
179	34 
180	10 
181	26 
182	20 
183	11 
184	22 
185	32 
186	34 
187	36 
188	1 
189	12 
190	10 
191	1 
192	2 
193	1 
194	31 
195	3 
196	30 
197	2 
198	19 
199	37 
200	29 
201	35 
202	11 
203	10 
204	7 
205	8 
206	24 
207	3 
208	14 
209	11 
210	14 
211	26 
212	12 
213	1 
214	24 
215	25 
216	34 
217	19 
218	32 
219	5 
220	21 
221	12 
222	8 
223	5 
224	29 
225	36 
226	19 
227	14 
228	33 
229	23 
230	38 
231	36 
232	13 
233	22 
234	16 
235	30 
236	23 
237	21 
238	6 
239	11 
240	7 
241	33 
242	37 
243	7 
244	7 
245	23 
246	24 
247	20 
248	13 
249	7 
250	1 
251	21 
252	34 
253	19 
254	3 
255	18 
256	21 
257	27 
258	14 
259	31 
260	8 
261	9 
262	30 
263	27 
264	24 
265	2 
266	30 
267	22 
268	3 
269	13 
270	36 
271	15 
272	21 
273	12 
274	28 
275	9 
276	16 
277	5 
278	26 
279	3 
280	23 
281	4 
282	11 
283	24 
284	34 
285	3 
286	38 
287	35 
288	6 
289	12 
290	17 
291	5 
292	38 
293	15 
294	13 
295	9 
296	12 
297	25 
298	9 
299	29 
300	22 
301	23 
302	35 
303	22 
304	3 
305	38 
306	32 
307	38 
308	25 
309	3 
310	9 
311	2 
312	3 
313	15 
314	12 
315	2 
316	32 
317	21 
318	25 
319	18 
320	10 
321	13 
322	38 
323	21 
324	11 
325	38 
326	5 
327	36 
328	32 
329	12 
330	27 
331	31 
332	2 
333	11 
334	30 
335	10 
336	16 
337	22 
338	27 
339	24 
340	20 
341	15 
342	36 
343	18 
344	14 
345	3 
346	15 
347	26 
348	24 
349	3 
350	31 
351	27 
352	12 
353	16 
354	1 
355	34 
356	16 
357	25 
358	4 
359	10 
360	33 
361	31 
362	34 
363	20 
364	33 
365	28 
366	1 
367	13 
368	1 
369	15 
370	34 
371	28 
372	32 
373	12 
374	13 
375	9 
376	4 
377	18 
378	33 
379	11 
380	26 
381	34 
382	24 
383	12 
384	12 
385	15 
386	17 
387	12 
388	17 
389	9 
390	14 
391	27 
392	24 
393	24 
394	22 
395	35 
396	16 
397	32 
398	14 
399	25 
400	31 
401	22 
402	15 
403	26 
404	28 
405	31 
406	14 
407	20 
408	34 
409	9 
410	2 
411	2 
412	32 
413	21 
414	17 
415	28 
416	30 
417	20 
418	2 
419	33 
420	27 
421	23 
422	15 
423	18 
424	12 
425	9 
426	15 
427	6 
428	15 
429	6 
430	37 
431	23 
432	37 
433	32 
434	32 
435	37 
436	13 
437	35 
438	34 
439	9 
440	37 
441	17 
442	11 
443	27 
444	31 
445	14 
446	1 
447	21 
448	15 
449	32 
450	6 
451	16 
452	16 
453	34 
454	20 
455	11 
456	3 
457	15 
458	6 
459	3 
460	12 
461	16 
462	12 
463	30 
464	31 
465	10 
466	31 
467	25 
468	12 
469	23 
470	21 
471	31 
472	16 
473	33 
474	29 
475	28 
476	33 
477	30 
478	34 
479	29 
480	29 
481	31 
482	2 
483	30 
484	2 
485	2 
486	37 
487	13 
488	35 
489	6 
490	23 
491	15 
492	37 
493	24 
494	12 
495	26 
496	23 
497	33 
498	38 
499	17 
500	1 
501	9 
502	26 
503	38 
504	17 
505	21 
506	27 
507	34 
508	31 
509	32 
510	35 
511	28 
512	26 
513	28 
514	33 
515	35 
516	20 
517	29 
518	35 
519	1 
520	18 
521	26 
522	23 
523	3 
524	22 
525	21 
526	37 
527	22 
528	32 
529	1 
530	13 
531	21 
532	29 
533	27 
534	35 
535	31 
536	30 
537	26 
538	13 
539	22 
540	9 
541	31 
542	6 
543	23 
544	37 
545	16 
546	23 
547	38 
548	24 
549	34 
550	1 
551	28 
552	31 
553	18 
554	17 
555	1 
556	38 
557	24 
558	33 
559	30 
560	23 
561	26 
562	22 
563	2 
564	4 
565	13 
566	17 
567	33 
568	29 
569	16 
570	6 
571	6 
572	29 
573	29 
574	31 
575	21 
576	21 
577	23 
578	16 
579	26 
580	31 
581	30 
582	21 
583	32 
584	4 
585	33 
586	13 
587	30 
588	26 
589	22 
590	18 
591	4 
592	17 
593	9 
594	1 
595	37 
596	29 
597	26 
598	2 
599	2 
600	33 
601	18 
602	12 
603	16 
604	24 
605	21 
606	37 
607	6 
608	15 
609	4 
610	24 
611	30 
612	2 
613	6 
614	29 
615	16 
616	12 
617	18 
618	9 
619	18 
620	16 
621	4 
622	35 
623	17 
624	21 
625	24 
626	37 
627	15 
628	18 
629	15 
630	34 
631	24 
632	2 
633	37 
634	23 
635	30 
636	30 
637	1 
638	16 
639	34 
640	15 
641	9 
642	23 
643	20 
644	3 
645	1 
646	2 
647	3 
648	26 
649	15 
650	24 
651	21 
652	9 
653	18 
654	15 
655	16 
656	22 
657	34 
658	35 
659	2 
660	29 
661	6 
662	22 
663	9 
664	4 
665	6 
666	22 
667	9 
668	6 
669	26 
670	20 
671	35 
672	6 
673	37 
674	6 
675	20 
676	22 
677	34 
678	24 
679	21 
680	35 
681	15 
682	22 
683	17 
684	20 
685	21 
686	21 
687	18 
688	1 
689	2 
690	17 
691	30 
692	4 
693	1 
694	18 
695	30 
696	37 
697	21 
698	1 
699	2 
700	23 
701	22 
702	35 
703	35 
704	37 
705	35 
706	23 
707	31 
708	6 
709	12 
710	30 
711	23 
712	18 
713	24 
714	9 
715	20 
716	2 
717	29 
718	16 
719	23 
720	26 
721	1 
722	35 
723	18 
724	15 
725	18 
726	20 
727	12 
728	37 
729	34 
730	2 
731	30 
732	32 
733	4 
734	22 
735	35 
736	31 
737	4 
738	6 
739	37 
740	30 
741	2 
742	24 
743	31 
744	32 
745	1 
746	16 
747	6 
748	34 
749	30 
750	20 
751	16 
752	30 
753	9 
754	32 
755	1 
756	34 
757	24 
758	32 
759	18 
760	12 
761	1 
762	32 
763	30 
764	15 
765	6 
766	29 
767	4 
768	16 
769	31 
770	18 
771	4 
772	4 
773	31 
774	12 
775	4 
776	1 
777	18 
778	30 
779	31 
780	6 
781	23 
782	9 
783	15 
784	31 
785	30 
786	9 
787	12 
788	4 
789	4 
790	6 
791	6 
792	1 
793	32 
794	2 
795	18 
796	12 
797	9 
798	12 
799	9 
800	24 
801	32 
802	32 
803	32 
804	30 
805	34 
806	23 
807	21 
808	1 
809	32 
810	1 
811	24 
812	2 
813	12 
814	31 
815	30 
816	2 
817	30 
818	37 
819	31 
820	15 
821	2 
822	4 
823	9 
824	34 
825	32 
826	12 
827	37 
828	9 
829	34 
830	15 
831	15 
832	18 
833	32 
834	30 
835	29 
836	1 
837	37 
838	29 
839	31 
840	9 
841	21 
842	32 
843	18 
844	24 
845	2 
846	32 
847	4 
848	2 
849	32 
850	29 
851	30 
852	29 
853	16 
854	21 
855	32 
856	29 
857	24 
858	12 
859	32 
860	34 
861	2 
862	2 
863	15 
864	9 
865	2 
866	34 
867	18 
868	4 
869	2 
870	6 
871	4 
872	24 
873	12 
874	37 
875	29 
876	32 
877	6 
878	21 
879	6 
880	24 
881	18 
882	32 
883	37 
884	34 
885	34 
886	24 
887	37 
888	9 
889	37 
890	24 
891	37 
892	24 
893	18 
894	37 
895	4 
896	2 
897	32 
898	24 
899	24 
900	24 
901	6 
902	34 
903	18 
904	34 
905	4 
906	6 
907	30 
908	4 
909	1 
910	4 
911	6 
912	9 
913	1 
914	18 
915	6 
916	12 
917	4 
918	24 
919	6 
920	1 
921	2 
922	4 
923	34 
924	6 
925	34 
926	6 
927	2 
928	34 
929	4 
930	34 
931	24 
932	6 
933	6 
934	6 
935	34 
936	34 
937	1 
938	34 
939	24 
940	18 
941	2 
942	34 
943	6 
944	12 
945	1 
946	1 
947	12 
948	32 
949	12 
950	4 
951	32 
952	1 
953	2 
954	4 
955	32 
956	2 
957	2 
958	34 
959	1 
960	18 
961	4 
962	4 
963	6 
964	24 
965	30 
966	32 
967	4 
968	12 
969	12 
970	34 
971	30 
972	4 
973	4 
974	32 
975	12 
976	6 
977	34 
978	24 
979	2 
980	18 
981	4 
982	4 
983	1 
984	34 
985	4 
986	24 
987	18 
988	2 
989	1 
990	34 
991	1 
992	1 
993	24 
994	6 
995	2 
996	6 
997	34 
998	6 
999	2 
1000	2 
