1	9
2	2
3	4
4	9
5	1
6	1
7	10
8	1
9	6
10	10
11	4
12	0
13	0
14	2
15	8
16	3
17	4
18	8
19	9
20	0
21	3
22	9
23	2
24	10
25	9
26	3
27	5
28	9
29	4
30	3
31	9
32	6
33	9
34	6
35	2
36	6
37	8
38	6
39	9
40	5
41	8
42	1
43	8
44	8
45	8
46	7
47	4
48	9
49	5
50	5
51	5
52	1
53	5
54	7
55	3
56	0
57	6
58	9
59	6
60	7
61	0
62	10
63	5
64	0
65	2
66	8
67	0
68	10
69	8
70	6
71	8
72	4
73	1
74	0
75	9
76	2
77	7
78	8
79	5
80	7
81	7
82	2
83	8
84	0
85	7
86	7
87	4
88	5
89	6
90	2
91	2
92	6
93	8
94	3
95	6
96	9
97	8
98	6
99	5
100	2
101	3
102	6
103	3
104	8
105	2
106	10
107	8
108	2
109	8
110	0
111	6
112	3
113	3
114	6
115	1
116	5
117	2
118	8
119	3
120	6
121	3
122	3
123	1
124	5
125	8
126	9
127	9
128	7
129	0
130	0
131	2
132	2
133	9
134	2
135	6
136	8
137	6
138	5
139	5
140	0
141	0
142	0
143	3
144	0
145	2
146	6
147	9
148	6
149	8
150	8
151	0
152	10
153	9
154	8
155	9
156	2
157	0
158	7
159	8
160	5
161	8
162	6
163	0
164	1
165	0
166	4
167	6
168	9
169	3
170	0
171	0
172	5
173	6
174	3
175	5
176	3
177	0
178	0
179	3
180	9
181	3
182	0
183	8
184	8
185	6
186	5
187	9
188	9
189	9
190	0
191	8
192	0
193	3
194	3
195	5
196	2
197	3
198	5
199	2
200	3
201	7
202	6
203	6
204	10
205	2
206	0
207	2
208	8
209	3
210	0
211	1
212	5
213	4
214	10
215	0
216	2
217	2
218	5
219	8
220	0
221	3
222	8
223	1
224	2
225	9
226	2
227	0
228	2
229	4
230	8
231	10
232	5
233	7
234	0
235	2
236	3
237	0
238	1
239	5
240	0
241	6
242	8
243	3
244	5
245	4
246	3
247	4
248	2
249	2
250	4
251	7
252	8
253	9
254	5
255	0
256	0
257	0
258	1
259	10
260	1
261	9
262	3
263	7
264	3
265	2
266	5
267	5
268	1
269	0
270	0
271	9
272	7
273	9
274	7
275	10
276	1
277	0
278	6
279	10
280	9
281	8
282	6
283	8
284	6
285	10
286	5
287	0
288	8
289	5
290	2
291	1
292	7
293	0
294	0
295	0
296	10
297	5
298	5
299	0
300	7
301	10
302	10
303	5
304	3
305	3
306	0
307	0
308	0
309	4
310	3
311	0
312	5
313	6
314	0
315	6
316	10
317	0
318	2
319	8
320	4
321	5
322	5
323	10
324	4
325	9
326	1
327	6
328	5
329	5
330	7
331	4
332	9
333	9
334	8
335	6
336	5
337	2
338	3
339	2
340	3
341	4
342	5
343	0
344	0
345	10
346	2
347	0
348	3
349	4
350	9
351	7
352	4
353	0
354	4
355	6
356	10
357	5
358	1
359	6
360	5
361	3
362	0
363	8
364	1
365	8
366	10
367	4
368	7
369	0
370	1
371	10
372	0
373	5
374	8
375	3
376	0
377	0
378	5
379	2
380	9
381	0
382	0
383	0
384	5
385	0
386	4
387	5
388	3
389	3
390	6
391	10
392	6
393	3
394	1
395	4
396	2
397	5
398	8
399	2
400	8
401	6
402	8
403	3
404	5
405	3
406	6
407	8
408	7
409	3
410	9
411	6
412	6
413	3
414	0
415	3
416	3
417	2
418	3
419	9
420	0
421	6
422	8
423	2
424	1
425	2
426	3
427	6
428	8
429	6
430	2
431	0
432	1
433	1
434	9
435	0
436	0
437	8
438	0
439	9
440	9
441	3
442	8
443	7
444	5
445	4
446	6
447	9
448	3
449	7
450	9
451	1
452	6
453	3
454	9
455	9
456	4
457	2
458	2
459	5
460	0
461	1
462	2
463	0
464	9
465	5
466	0
467	8
468	4
469	9
470	9
471	4
472	8
473	9
474	6
475	0
476	1
477	4
478	5
479	8
480	1
481	5
482	7
483	7
484	6
485	6
486	0
487	6
488	8
489	0
490	2
491	0
492	8
493	9
494	1
495	4
496	1
497	2
498	1
499	6
500	10
501	0
502	6
503	7
504	3
505	0
506	2
507	10
508	9
509	9
510	5
511	5
512	9
513	7
514	8
515	3
516	6
517	0
518	4
519	8
520	1
521	10
522	10
523	6
524	8
525	8
526	9
527	6
528	0
529	0
530	0
531	9
532	2
533	4
534	4
535	5
536	10
537	1
538	8
539	7
540	3
541	3
542	9
543	4
544	1
545	9
546	0
547	0
548	2
549	2
550	3
551	6
552	10
553	8
554	5
555	4
556	3
557	7
558	5
559	9
560	4
561	0
562	5
563	6
564	5
565	8
566	8
567	8
568	5
569	3
570	8
571	10
572	0
573	5
574	8
575	7
576	0
577	0
578	4
579	0
580	3
581	9
582	1
583	3
584	6
585	0
586	10
587	2
588	2
589	10
590	8
591	10
592	7
593	8
594	2
595	6
596	1
597	3
598	8
599	4
600	0
601	0
602	10
603	4
604	2
605	5
606	0
607	8
608	6
609	10
610	1
611	3
612	0
613	3
614	1
615	6
616	5
617	4
618	0
619	6
620	7
621	3
622	0
623	6
624	1
625	8
626	6
627	6
628	9
629	3
630	0
631	8
632	5
633	0
634	0
635	6
636	4
637	6
638	0
639	1
640	3
641	1
642	0
643	9
644	2
645	10
646	9
647	6
648	3
649	5
650	4
651	1
652	5
653	7
654	0
655	1
656	5
657	2
658	1
659	6
660	6
661	3
662	10
663	2
664	9
665	3
666	8
667	9
668	8
669	6
670	1
671	5
672	9
673	9
674	4
675	8
676	10
677	4
678	4
679	6
680	2
681	2
682	0
683	8
684	2
685	1
686	3
687	0
688	9
689	10
690	2
691	6
692	10
693	0
694	7
695	9
696	10
697	8
698	9
699	0
700	9
701	6
702	9
703	10
704	8
705	4
706	4
707	6
708	1
709	3
710	1
711	0
712	6
713	4
714	7
715	3
716	7
717	5
718	5
719	8
720	4
721	8
722	6
723	0
724	5
725	2
726	0
727	1
728	10
729	8
730	3
731	10
732	8
733	6
734	6
735	3
736	9
737	9
738	9
739	5
740	2
741	3
742	0
743	9
744	3
745	9
746	1
747	9
748	7
749	3
750	6
751	4
752	8
753	0
754	10
755	0
756	0
757	8
758	8
759	4
760	10
761	6
762	0
763	6
764	5
765	7
766	2
767	0
768	2
769	0
770	8
771	5
772	5
773	9
774	0
775	9
776	7
777	9
778	0
779	3
780	2
781	3
782	7
783	8
784	5
785	4
786	9
787	9
788	3
789	9
790	4
791	6
792	4
793	2
794	5
795	0
796	5
797	0
798	9
799	9
800	8
801	0
802	9
803	6
804	6
805	0
806	2
807	6
808	10
809	6
810	6
811	4
812	3
813	1
814	4
815	7
816	1
817	0
818	2
819	1
820	1
821	8
822	10
823	2
824	10
825	5
826	1
827	10
828	5
829	2
830	6
831	10
832	0
833	3
834	4
835	2
836	10
837	3
838	4
839	1
840	8
841	5
842	6
843	9
844	5
845	2
846	2
847	5
848	1
849	10
850	9
851	3
852	2
853	3
854	8
855	9
856	7
857	0
858	6
859	2
860	6
861	2
862	1
863	6
864	8
865	4
866	6
867	0
868	2
869	0
870	9
871	5
872	3
873	7
874	9
875	0
876	0
877	5
878	8
879	9
880	10
881	3
882	4
883	4
884	4
885	5
886	0
887	6
888	1
889	7
890	0
891	2
892	3
893	6
894	6
895	7
896	5
897	10
898	9
899	2
900	0
901	6
902	2
903	3
904	2
905	5
906	8
907	8
908	5
909	0
910	0
911	7
912	9
913	9
914	9
915	0
916	9
917	3
918	6
919	3
920	10
921	10
922	5
923	5
924	4
925	2
926	3
927	4
928	5
929	4
930	1
931	4
932	8
933	0
934	3
935	8
936	5
937	9
938	3
939	0
940	5
941	0
942	2
943	6
944	10
945	0
946	2
947	0
948	6
949	0
950	2
951	8
952	0
953	0
954	6
955	10
956	3
957	4
958	5
959	5
960	6
961	10
962	3
963	2
964	5
965	4
966	6
967	4
968	3
969	1
970	2
971	4
972	0
973	0
974	6
975	3
976	1
977	8
978	7
979	9
980	2
981	5
982	8
983	1
984	2
985	5
986	3
987	8
988	3
989	6
990	3
991	9
992	0
993	8
994	3
995	6
996	0
997	4
998	10
999	7
1000	7
