1	4
2	6
3	10
4	3
5	5
6	7
7	8
8	5
9	1
10	1
11	3
12	2
13	8
14	7
15	6
16	1
17	8
18	5
19	8
20	8
21	7
22	1
23	7
24	8
25	1
26	5
27	7
28	1
29	1
30	7
31	3
32	1
33	6
34	8
35	7
36	6
37	7
38	9
39	6
40	11
41	8
42	4
43	9
44	6
45	1
46	7
47	8
48	1
49	9
50	8
51	6
52	0
53	1
54	1
55	11
56	10
57	7
58	1
59	2
60	9
61	6
62	2
63	4
64	2
65	3
66	2
67	1
68	2
69	4
70	3
71	2
72	10
73	11
74	5
75	8
76	6
77	2
78	1
79	4
80	7
81	1
82	2
83	9
84	0
85	1
86	2
87	1
88	3
89	4
90	1
91	5
92	6
93	0
94	4
95	7
96	1
97	6
98	5
99	4
100	1
101	1
102	7
103	2
104	1
105	11
106	6
107	1
108	5
109	4
110	1
111	9
112	8
113	6
114	8
115	1
116	9
117	7
118	3
119	0
120	3
121	2
122	1
123	6
124	7
125	1
126	9
127	8
128	2
129	2
130	9
131	0
132	5
133	9
134	2
135	8
136	1
137	1
138	2
139	8
140	1
141	8
142	4
143	6
144	5
145	4
146	9
147	3
148	3
149	3
150	8
151	8
152	3
153	6
154	11
155	5
156	0
157	4
158	5
159	8
160	2
161	6
162	1
163	5
164	1
165	4
166	0
167	8
168	8
169	2
170	7
171	2
172	2
173	7
174	8
175	1
176	1
177	7
178	2
179	8
180	2
181	9
182	8
183	8
184	9
185	9
186	0
187	8
188	5
189	2
190	7
191	5
192	1
193	7
194	6
195	10
196	2
197	11
198	0
199	6
200	7
201	7
202	4
203	5
204	2
205	2
206	7
207	8
208	8
209	1
210	4
211	9
212	1
213	4
214	7
215	1
216	7
217	7
218	7
219	3
220	2
221	9
222	0
223	8
224	8
225	1
226	3
227	8
228	4
229	2
230	8
231	2
232	7
233	10
234	1
235	6
236	3
237	8
238	1
239	1
240	6
241	7
242	6
243	0
244	1
245	0
246	1
247	7
248	11
249	6
250	8
251	10
252	9
253	10
254	2
255	9
256	11
257	2
258	4
259	6
260	9
261	2
262	1
263	1
264	2
265	8
266	5
267	8
268	6
269	3
270	4
271	4
272	1
273	8
274	10
275	10
276	7
277	5
278	7
279	1
280	8
281	1
282	0
283	1
284	7
285	2
286	1
287	8
288	0
289	0
290	1
291	9
292	8
293	4
294	9
295	8
296	3
297	0
298	6
299	11
300	7
301	8
302	2
303	8
304	4
305	7
306	5
307	7
308	7
309	8
310	1
311	0
312	4
313	1
314	7
315	9
316	4
317	4
318	2
319	6
320	1
321	1
322	1
323	7
324	9
325	7
326	7
327	7
328	10
329	7
330	3
331	0
332	5
333	7
334	7
335	1
336	2
337	5
338	8
339	1
340	4
341	5
342	5
343	4
344	7
345	2
346	2
347	3
348	3
349	8
350	7
351	2
352	4
353	7
354	1
355	9
356	8
357	4
358	2
359	7
360	2
361	2
362	2
363	3
364	5
365	3
366	7
367	4
368	8
369	7
370	6
371	7
372	1
373	8
374	1
375	6
376	6
377	4
378	7
379	0
380	2
381	0
382	2
383	1
384	9
385	9
386	10
387	8
388	7
389	8
390	4
391	8
392	11
393	7
394	4
395	4
396	4
397	8
398	1
399	7
400	8
401	2
402	1
403	6
404	3
405	9
406	4
407	11
408	7
409	7
410	7
411	5
412	6
413	7
414	3
415	0
416	0
417	7
418	8
419	2
420	9
421	2
422	6
423	7
424	7
425	6
426	8
427	7
428	1
429	8
430	1
431	9
432	3
433	7
434	5
435	6
436	2
437	5
438	0
439	10
440	1
441	4
442	5
443	5
444	5
445	6
446	9
447	11
448	1
449	6
450	7
451	4
452	11
453	0
454	10
455	8
456	5
457	9
458	4
459	1
460	8
461	7
462	7
463	5
464	9
465	7
466	7
467	5
468	7
469	3
470	7
471	5
472	5
473	7
474	8
475	7
476	7
477	0
478	0
479	11
480	1
481	1
482	1
483	4
484	2
485	9
486	7
487	6
488	4
489	7
490	2
491	1
492	2
493	2
494	9
495	8
496	1
497	6
498	5
499	1
500	1
501	3
502	9
503	0
504	2
505	7
506	3
507	11
508	1
509	8
510	7
511	8
512	4
513	0
514	4
515	9
516	2
517	8
518	8
519	6
520	9
521	9
522	8
523	10
524	2
525	2
526	8
527	4
528	2
529	0
530	8
531	7
532	1
533	2
534	8
535	2
536	10
537	4
538	8
539	2
540	0
541	9
542	5
543	8
544	8
545	8
546	9
547	2
548	7
549	9
550	8
551	7
552	6
553	1
554	5
555	6
556	8
557	8
558	2
559	11
560	0
561	8
562	9
563	4
564	7
565	2
566	7
567	4
568	8
569	8
570	7
571	2
572	1
573	7
574	8
575	7
576	5
577	8
578	11
579	6
580	11
581	7
582	11
583	4
584	7
585	6
586	8
587	2
588	7
589	9
590	9
591	1
592	9
593	2
594	7
595	0
596	9
597	1
598	5
599	4
600	1
601	2
602	8
603	9
604	7
605	7
606	9
607	7
608	7
609	0
610	7
611	5
612	5
613	6
614	6
615	11
616	2
617	2
618	5
619	1
620	7
621	7
622	8
623	5
624	8
625	8
626	2
627	7
628	1
629	7
630	8
631	2
632	5
633	8
634	0
635	7
636	3
637	6
638	7
639	7
640	7
641	4
642	5
643	9
644	2
645	3
646	1
647	2
648	6
649	4
650	2
651	8
652	5
653	10
654	0
655	2
656	2
657	5
658	8
659	1
660	9
661	4
662	8
663	8
664	7
665	10
666	11
667	8
668	4
669	6
670	7
671	11
672	7
673	10
674	2
675	9
676	6
677	6
678	1
679	5
680	8
681	2
682	4
683	8
684	8
685	10
686	5
687	6
688	2
689	5
690	6
691	8
692	11
693	9
694	8
695	8
696	10
697	9
698	2
699	7
700	3
701	6
702	6
703	7
704	2
705	2
706	6
707	8
708	6
709	1
710	5
711	10
712	8
713	3
714	6
715	8
716	8
717	6
718	7
719	2
720	7
721	1
722	8
723	2
724	5
725	1
726	2
727	2
728	7
729	1
730	9
731	7
732	1
733	8
734	8
735	1
736	7
737	6
738	2
739	4
740	8
741	6
742	8
743	1
744	8
745	5
746	2
747	1
748	7
749	11
750	11
751	7
752	8
753	2
754	5
755	8
756	7
757	1
758	7
759	6
760	4
761	6
762	2
763	7
764	8
765	0
766	1
767	8
768	2
769	9
770	1
771	2
772	8
773	8
774	10
775	7
776	7
777	0
778	6
779	7
780	5
781	5
782	7
783	4
784	9
785	7
786	7
787	5
788	6
789	5
790	8
791	3
792	2
793	1
794	6
795	1
796	7
797	0
798	7
799	10
800	2
801	8
802	10
803	6
804	4
805	7
806	7
807	7
808	3
809	5
810	6
811	7
812	3
813	3
814	7
815	7
816	9
817	7
818	1
819	1
820	0
821	6
822	8
823	1
824	2
825	5
826	6
827	7
828	6
829	8
830	11
831	3
832	7
833	1
834	1
835	9
836	2
837	1
838	4
839	8
840	8
841	2
842	2
843	5
844	3
845	1
846	8
847	6
848	7
849	6
850	0
851	8
852	3
853	3
854	0
855	7
856	8
857	4
858	9
859	11
860	7
861	4
862	3
863	1
864	1
865	11
866	0
867	6
868	0
869	3
870	4
871	4
872	8
873	2
874	7
875	11
876	4
877	1
878	7
879	1
880	5
881	11
882	8
883	6
884	7
885	6
886	7
887	3
888	7
889	8
890	8
891	6
892	11
893	9
894	6
895	6
896	2
897	5
898	1
899	8
900	7
901	6
902	1
903	8
904	10
905	0
906	7
907	8
908	6
909	8
910	1
911	11
912	5
913	7
914	7
915	4
916	7
917	0
918	7
919	1
920	3
921	5
922	5
923	9
924	1
925	3
926	2
927	7
928	1
929	4
930	4
931	7
932	10
933	6
934	6
935	4
936	3
937	6
938	2
939	6
940	2
941	8
942	1
943	8
944	8
945	7
946	2
947	2
948	7
949	5
950	8
951	8
952	6
953	8
954	3
955	6
956	3
957	6
958	4
959	11
960	4
961	9
962	9
963	7
964	7
965	1
966	2
967	1
968	1
969	2
970	1
971	4
972	11
973	7
974	9
975	8
976	8
977	6
978	7
979	8
980	5
981	6
982	1
983	10
984	3
985	4
986	9
987	2
988	3
989	9
990	6
991	1
992	0
993	0
994	3
995	8
996	9
997	3
998	7
999	2
1000	11
