1	29
2	29
3	29
4	1
5	11
6	37
7	8
8	26
9	37
10	31
11	21
12	14
13	37
14	37
15	18
16	37
17	37
18	1
19	21
20	37
21	28
22	14
23	6
24	29
25	29
26	29
27	29
28	24
29	18
30	35
31	1
32	28
33	10
34	32
35	15
36	30
37	32
38	3
39	8
40	24
41	34
42	12
43	23
44	28
45	22
46	19
47	25
48	21
49	37
50	35
51	27
52	36
53	13
54	4
55	32
56	2
57	33
58	29
59	13
60	36
61	23
62	20
63	31
64	21
65	9
66	29
67	6
68	7
69	19
70	31
71	24
72	28
73	5
74	13
75	3
76	19
77	19
78	9
79	15
80	22
81	28
82	12
83	14
84	14
85	24
86	19
87	22
88	18
89	27
90	16
91	35
92	29
93	11
94	29
95	30
96	37
97	4
98	29
99	29
100	36
101	0
102	6
103	11
104	1
105	16
106	17
107	4
108	34
109	9
110	3
111	31
112	35
113	28
114	33
115	29
116	1
117	15
118	29
119	36
120	30
121	23
122	21
123	35
124	21
125	23
126	13
127	4
128	37
129	23
130	21
131	29
132	22
133	29
134	36
135	31
136	29
137	14
138	13
139	36
140	4
141	6
142	18
143	35
144	9
145	35
146	17
147	14
148	23
149	32
150	32
151	9
152	36
153	24
154	0
155	18
156	26
157	10
158	32
159	28
160	12
161	12
162	2
163	11
164	12
165	29
166	1
167	13
168	22
169	17
170	7
171	11
172	25
173	9
174	17
175	35
176	25
177	7
178	30
179	7
180	30
181	7
182	21
183	22
184	32
185	36
186	1
187	23
188	2
189	33
190	17
191	7
192	29
193	0
194	13
195	16
196	28
197	1
198	32
199	4
200	0
201	36
202	20
203	15
204	29
205	22
206	3
207	28
208	8
209	7
210	6
211	6
212	8
213	1
214	31
215	0
216	20
217	36
218	30
219	24
220	18
221	26
222	15
223	16
224	34
225	33
226	28
227	4
228	12
229	26
230	34
231	24
232	31
233	19
234	24
235	35
236	16
237	9
238	32
239	27
240	21
241	12
242	13
243	17
244	18
245	15
246	7
247	4
248	24
249	30
250	30
251	9
252	8
253	13
254	3
255	5
256	26
257	5
258	2
259	14
260	19
261	27
262	12
263	36
264	22
265	10
266	8
267	28
268	13
269	24
270	30
271	0
272	31
273	17
274	11
275	24
276	23
277	23
278	32
279	0
280	11
281	10
282	27
283	27
284	22
285	31
286	36
287	18
288	19
289	25
290	24
291	10
292	21
293	21
294	23
295	22
296	21
297	22
298	18
299	9
300	26
301	36
302	26
303	5
304	14
305	34
306	11
307	5
308	22
309	35
310	18
311	3
312	35
313	17
314	17
315	30
316	25
317	1
318	4
319	33
320	16
321	24
322	30
323	35
324	20
325	3
326	7
327	31
328	26
329	27
330	9
331	11
332	9
333	32
334	31
335	19
336	2
337	23
338	33
339	8
340	4
341	4
342	5
343	6
344	0
345	16
346	2
347	3
348	20
349	3
350	30
351	20
352	31
353	5
354	13
355	11
356	33
357	31
358	2
359	8
360	6
361	6
362	2
363	1
364	33
365	28
366	32
367	27
368	18
369	13
370	11
371	15
372	28
373	33
374	22
375	6
376	6
377	22
378	30
379	20
380	18
381	5
382	0
383	9
384	4
385	11
386	9
387	33
388	34
389	33
390	17
391	6
392	16
393	6
394	16
395	15
396	13
397	13
398	4
399	28
400	34
401	0
402	7
403	0
404	5
405	32
406	5
407	26
408	17
409	17
410	33
411	5
412	16
413	10
414	18
415	35
416	36
417	14
418	12
419	30
420	15
421	2
422	0
423	32
424	0
425	34
426	30
427	3
428	8
429	31
430	26
431	9
432	8
433	0
434	20
435	14
436	20
437	13
438	16
439	15
440	26
441	17
442	3
443	34
444	26
445	5
446	35
447	9
448	14
449	7
450	2
451	16
452	10
453	27
454	15
455	5
456	16
457	2
458	10
459	3
460	5
461	23
462	35
463	17
464	34
465	6
466	3
467	20
468	5
469	34
470	25
471	17
472	15
473	12
474	7
475	11
476	2
477	15
478	13
479	31
480	19
481	20
482	6
483	9
484	8
485	34
486	13
487	32
488	14
489	13
490	31
491	25
492	4
493	23
494	4
495	10
496	20
497	1
498	2
499	33
500	19
501	4
502	14
503	16
504	16
505	16
506	14
507	20
508	34
509	11
510	25
511	19
512	18
513	26
514	18
515	33
516	26
517	2
518	4
519	10
520	3
521	14
522	33
523	19
524	1
525	19
526	27
527	5
528	2
529	1
530	9
531	13
532	14
533	34
534	26
535	23
536	5
537	5
538	33
539	31
540	23
541	27
542	8
543	12
544	7
545	25
546	17
547	3
548	34
549	7
550	16
551	8
552	6
553	8
554	7
555	3
556	25
557	19
558	25
559	7
560	4
561	16
562	27
563	1
564	4
565	6
566	17
567	4
568	15
569	10
570	2
571	3
572	17
573	10
574	25
575	12
576	19
577	27
578	19
579	15
580	23
581	7
582	23
583	7
584	2
585	18
586	16
587	9
588	33
589	31
590	4
591	25
592	3
593	26
594	18
595	26
596	27
597	18
598	5
599	10
600	9
601	13
602	2
603	17
604	5
605	27
606	14
607	34
608	16
609	15
610	27
611	2
612	20
613	2
614	27
615	19
616	23
617	33
618	23
619	20
620	34
621	9
622	3
623	25
624	5
625	27
626	8
627	10
628	10
629	18
630	20
631	34
632	20
633	5
634	14
635	5
636	1
637	11
638	17
639	20
640	10
641	11
642	25
643	8
644	16
645	19
646	20
647	19
648	9
649	26
650	20
651	1
652	34
653	8
654	15
655	4
656	14
657	1
658	5
659	1
660	14
661	7
662	16
663	12
664	23
665	12
666	18
667	31
668	1
669	13
670	18
671	19
672	20
673	27
674	20
675	11
676	27
677	12
678	26
679	2
680	16
681	19
682	17
683	2
684	7
685	18
686	26
687	34
688	8
689	12
690	8
691	34
692	3
693	17
694	27
695	2
696	15
697	25
698	13
699	2
700	11
701	8
702	17
703	14
704	26
705	4
706	3
707	4
708	12
709	7
710	18
711	7
712	17
713	16
714	12
715	9
716	15
717	14
718	13
719	12
720	31
721	7
722	16
723	12
724	4
725	1
726	27
727	33
728	33
729	16
730	33
731	20
732	31
733	31
734	31
735	33
736	7
737	14
738	2
739	19
740	3
741	3
742	2
743	25
744	12
745	19
746	31
747	33
748	19
749	12
750	3
751	12
752	31
753	18
754	7
755	18
756	11
757	7
758	8
759	19
760	5
761	20
762	11
763	19
764	10
765	20
766	9
767	33
768	1
769	18
770	7
771	11
772	25
773	3
774	33
775	11
776	4
777	10
778	25
779	4
780	19
781	3
782	18
783	20
784	9
785	10
786	7
787	9
788	15
789	8
790	7
791	2
792	11
793	15
794	8
795	8
796	11
797	15
798	1
799	2
800	19
801	19
802	14
803	15
804	9
805	25
806	16
807	14
808	1
809	25
810	5
811	7
812	8
813	1
814	9
815	15
816	10
817	11
818	11
819	1
820	14
821	25
822	15
823	25
824	11
825	18
826	8
827	8
828	4
829	5
830	3
831	8
832	1
833	9
834	8
835	8
836	25
837	18
838	15
839	7
840	9
841	10
842	15
843	1
844	1
845	7
846	18
847	31
848	25
849	7
850	10
851	18
852	25
853	2
854	7
855	15
856	15
857	9
858	2
859	10
860	11
861	7
862	10
863	10
864	31
865	18
866	3
867	25
868	3
869	15
870	9
871	7
872	9
873	10
874	2
875	2
876	11
877	25
878	25
879	19
880	31
881	3
882	25
883	9
884	19
885	31
886	15
887	18
888	10
889	25
890	3
891	9
892	11
893	25
894	19
895	31
896	31
897	3
898	10
899	25
900	10
901	11
902	31
903	31
904	31
905	11
906	31
907	10
908	7
909	15
910	10
911	19
912	10
913	10
914	11
915	10
916	11
917	10
918	15
919	10
920	25
921	10
922	11
923	25
924	11
925	3
926	25
927	15
928	10
929	11
930	25
931	15
932	10
933	15
934	11
935	19
936	11
937	15
938	3
939	3
940	11
941	10
942	15
943	25
944	10
945	11
946	10
947	15
948	11
949	19
950	10
951	3
952	19
953	11
954	25
955	25
956	19
957	25
958	10
959	15
960	10
961	15
962	19
963	10
964	15
965	25
966	11
967	3
968	25
969	3
970	11
971	25
972	25
973	19
974	11
975	3
976	10
977	19
978	3
979	11
980	25
981	10
982	3
983	3
984	25
985	3
986	10
987	10
988	3
989	19
990	19
991	11
992	3
993	19
994	19
995	3
996	19
997	19
998	3
999	19
1000	19
