1	17
2	37
3	37
4	6
5	9
6	1
7	37
8	33
9	34
10	20
11	38
12	7
13	21
14	36
15	5
16	17
17	38
18	6
19	36
20	38
21	36
22	22
23	13
24	35
25	0
26	16
27	37
28	36
29	33
30	35
31	26
32	29
33	34
34	20
35	34
36	8
37	3
38	0
39	8
40	14
41	17
42	5
43	37
44	38
45	37
46	33
47	37
48	26
49	7
50	31
51	33
52	36
53	17
54	36
55	8
56	10
57	27
58	21
59	33
60	4
61	37
62	1
63	23
64	23
65	9
66	22
67	22
68	33
69	1
70	3
71	31
72	29
73	36
74	37
75	33
76	8
77	35
78	8
79	36
80	15
81	4
82	27
83	28
84	33
85	37
86	28
87	12
88	31
89	33
90	4
91	24
92	27
93	31
94	28
95	25
96	21
97	10
98	20
99	21
100	24
101	13
102	32
103	21
104	34
105	24
106	25
107	32
108	33
109	8
110	23
111	10
112	38
113	35
114	14
115	19
116	20
117	6
118	31
119	20
120	10
121	38
122	21
123	28
124	33
125	32
126	15
127	7
128	13
129	25
130	2
131	36
132	14
133	24
134	11
135	1
136	18
137	7
138	38
139	32
140	32
141	32
142	7
143	11
144	3
145	20
146	13
147	36
148	31
149	1
150	10
151	3
152	6
153	11
154	35
155	19
156	2
157	38
158	8
159	19
160	17
161	1
162	24
163	20
164	38
165	30
166	29
167	29
168	2
169	24
170	15
171	31
172	24
173	19
174	15
175	4
176	5
177	24
178	36
179	29
180	35
181	13
182	38
183	24
184	3
185	29
186	17
187	34
188	34
189	4
190	18
191	20
192	11
193	24
194	23
195	9
196	16
197	8
198	12
199	9
200	22
201	38
202	1
203	18
204	19
205	14
206	12
207	10
208	26
209	22
210	4
211	3
212	13
213	16
214	0
215	17
216	7
217	32
218	35
219	31
220	21
221	24
222	1
223	19
224	16
225	16
226	31
227	22
228	8
229	5
230	4
231	18
232	15
233	26
234	26
235	9
236	30
237	3
238	26
239	17
240	25
241	19
242	26
243	15
244	34
245	9
246	7
247	2
248	38
249	17
250	11
251	21
252	21
253	3
254	10
255	2
256	16
257	16
258	31
259	4
260	26
261	22
262	14
263	22
264	23
265	22
266	32
267	5
268	14
269	32
270	24
271	7
272	25
273	19
274	17
275	25
276	26
277	6
278	18
279	3
280	4
281	20
282	16
283	7
284	25
285	19
286	6
287	14
288	29
289	34
290	22
291	16
292	16
293	21
294	1
295	7
296	20
297	9
298	19
299	3
300	13
301	0
302	12
303	13
304	1
305	31
306	26
307	12
308	9
309	14
310	29
311	17
312	13
313	34
314	16
315	30
316	15
317	28
318	22
319	34
320	6
321	21
322	18
323	20
324	30
325	3
326	34
327	21
328	32
329	18
330	14
331	35
332	8
333	1
334	29
335	2
336	21
337	0
338	20
339	4
340	4
341	5
342	6
343	4
344	28
345	1
346	2
347	3
348	5
349	0
350	12
351	27
352	18
353	9
354	10
355	3
356	18
357	13
358	18
359	23
360	25
361	0
362	12
363	29
364	22
365	16
366	18
367	1
368	27
369	35
370	15
371	29
372	30
373	21
374	2
375	8
376	30
377	22
378	15
379	26
380	34
381	20
382	21
383	25
384	10
385	29
386	13
387	30
388	7
389	31
390	27
391	10
392	10
393	11
394	4
395	16
396	12
397	11
398	16
399	20
400	15
401	6
402	10
403	14
404	15
405	19
406	18
407	10
408	7
409	21
410	8
411	18
412	25
413	4
414	31
415	26
416	5
417	31
418	7
419	13
420	7
421	14
422	16
423	8
424	17
425	17
426	11
427	18
428	5
429	16
430	11
431	30
432	1
433	13
434	9
435	14
436	27
437	27
438	19
439	22
440	19
441	22
442	27
443	30
444	32
445	14
446	12
447	2
448	22
449	31
450	27
451	19
452	5
453	28
454	6
455	25
456	4
457	10
458	30
459	17
460	32
461	27
462	18
463	2
464	5
465	14
466	28
467	8
468	28
469	10
470	19
471	12
472	8
473	13
474	17
475	12
476	30
477	6
478	6
479	30
480	27
481	7
482	7
483	15
484	19
485	34
486	2
487	23
488	10
489	0
490	11
491	15
492	5
493	34
494	35
495	10
496	0
497	9
498	25
499	5
500	16
501	10
502	28
503	2
504	35
505	32
506	17
507	26
508	11
509	34
510	16
511	26
512	2
513	18
514	8
515	35
516	21
517	2
518	11
519	19
520	29
521	2
522	30
523	2
524	25
525	4
526	28
527	19
528	31
529	13
530	10
531	26
532	30
533	9
534	34
535	21
536	27
537	19
538	35
539	28
540	29
541	14
542	25
543	26
544	14
545	34
546	4
547	10
548	0
549	2
550	11
551	34
552	25
553	16
554	27
555	0
556	16
557	30
558	14
559	17
560	7
561	35
562	28
563	32
564	23
565	23
566	27
567	14
568	19
569	27
570	21
571	6
572	32
573	7
574	32
575	7
576	14
577	21
578	12
579	21
580	19
581	13
582	34
583	26
584	32
585	35
586	30
587	27
588	11
589	0
590	11
591	15
592	23
593	5
594	15
595	28
596	8
597	2
598	16
599	15
600	30
601	16
602	2
603	5
604	27
605	7
606	32
607	0
608	25
609	27
610	0
611	26
612	29
613	2
614	8
615	15
616	17
617	13
618	12
619	10
620	0
621	35
622	6
623	13
624	5
625	15
626	34
627	28
628	12
629	15
630	6
631	17
632	29
633	30
634	6
635	12
636	5
637	0
638	15
639	34
640	29
641	28
642	35
643	5
644	0
645	6
646	13
647	0
648	29
649	29
650	25
651	10
652	32
653	9
654	9
655	26
656	11
657	14
658	5
659	28
660	9
661	10
662	5
663	21
664	35
665	29
666	16
667	6
668	25
669	26
670	28
671	32
672	8
673	5
674	35
675	10
676	28
677	29
678	13
679	14
680	30
681	8
682	17
683	32
684	12
685	30
686	6
687	12
688	17
689	25
690	5
691	27
692	34
693	25
694	34
695	13
696	0
697	15
698	15
699	0
700	32
701	12
702	27
703	13
704	8
705	11
706	12
707	34
708	15
709	16
710	5
711	12
712	14
713	6
714	13
715	10
716	8
717	12
718	11
719	11
720	15
721	10
722	28
723	26
724	9
725	7
726	0
727	35
728	7
729	27
730	6
731	34
732	15
733	27
734	11
735	27
736	35
737	30
738	12
739	23
740	9
741	23
742	12
743	26
744	10
745	9
746	30
747	23
748	21
749	35
750	35
751	30
752	21
753	12
754	32
755	9
756	26
757	5
758	16
759	26
760	23
761	25
762	16
763	26
764	13
765	35
766	6
767	8
768	13
769	35
770	35
771	9
772	0
773	34
774	34
775	26
776	13
777	15
778	7
779	23
780	30
781	28
782	5
783	0
784	16
785	28
786	5
787	30
788	11
789	34
790	11
791	30
792	0
793	26
794	28
795	30
796	32
797	0
798	7
799	32
800	16
801	11
802	8
803	9
804	25
805	8
806	23
807	25
808	26
809	26
810	6
811	7
812	8
813	6
814	8
815	0
816	9
817	10
818	0
819	7
820	34
821	8
822	7
823	9
824	5
825	6
826	35
827	32
828	9
829	23
830	32
831	15
832	11
833	34
834	6
835	9
836	6
837	9
838	15
839	7
840	5
841	11
842	25
843	10
844	8
845	15
846	25
847	26
848	32
849	28
850	9
851	15
852	5
853	10
854	34
855	9
856	15
857	25
858	25
859	23
860	8
861	6
862	25
863	32
864	23
865	5
866	15
867	34
868	15
869	15
870	11
871	32
872	6
873	6
874	32
875	28
876	16
877	28
878	28
879	25
880	11
881	28
882	16
883	32
884	9
885	9
886	9
887	15
888	28
889	6
890	25
891	16
892	9
893	16
894	32
895	16
896	11
897	9
898	34
899	9
900	6
901	32
902	28
903	25
904	15
905	15
906	6
907	25
908	23
909	28
910	34
911	16
912	11
913	34
914	23
915	11
916	16
917	11
918	11
919	15
920	6
921	9
922	6
923	11
924	11
925	15
926	25
927	11
928	23
929	9
930	25
931	6
932	11
933	6
934	11
935	16
936	28
937	16
938	16
939	25
940	28
941	28
942	23
943	25
944	11
945	28
946	11
947	23
948	28
949	9
950	15
951	9
952	25
953	11
954	28
955	11
956	28
957	28
958	28
959	9
960	25
961	28
962	28
963	9
964	9
965	23
966	25
967	9
968	23
969	25
970	25
971	25
972	9
973	9
974	25
975	23
976	25
977	23
978	23
979	23
980	25
981	23
982	23
983	25
984	23
985	23
986	23
987	23
988	23
989	23
990	23
991	23
992	23
993	23
994	23
995	23
996	23
997	23
998	23
999	23
1000	23
