1	29
2	37
3	29
4	24
5	24
6	24
7	29
8	29
9	35
10	25
11	29
12	24
13	32
14	6
15	32
16	29
17	24
18	29
19	0
20	32
21	32
22	29
23	29
24	32
25	4
26	12
27	17
28	24
29	29
30	34
31	25
32	32
33	21
34	25
35	28
36	11
37	24
38	29
39	24
40	2
41	12
42	23
43	21
44	16
45	6
46	32
47	37
48	21
49	29
50	5
51	2
52	14
53	1
54	33
55	18
56	29
57	14
58	27
59	29
60	26
61	29
62	28
63	2
64	0
65	29
66	23
67	29
68	37
69	27
70	3
71	4
72	11
73	24
74	36
75	19
76	37
77	1
78	37
79	36
80	32
81	29
82	27
83	32
84	15
85	18
86	24
87	30
88	13
89	1
90	0
91	24
92	27
93	0
94	10
95	33
96	13
97	4
98	9
99	4
100	29
101	0
102	3
103	35
104	6
105	8
106	32
107	32
108	18
109	35
110	24
111	37
112	4
113	32
114	18
115	26
116	24
117	28
118	32
119	10
120	36
121	29
122	6
123	9
124	34
125	28
126	27
127	8
128	20
129	32
130	0
131	31
132	12
133	23
134	22
135	8
136	36
137	0
138	36
139	24
140	3
141	14
142	28
143	1
144	30
145	32
146	32
147	12
148	37
149	6
150	31
151	28
152	19
153	15
154	35
155	16
156	30
157	20
158	30
159	32
160	37
161	22
162	25
163	28
164	8
165	32
166	1
167	18
168	13
169	8
170	30
171	17
172	32
173	30
174	17
175	33
176	8
177	28
178	8
179	23
180	30
181	36
182	10
183	3
184	32
185	11
186	26
187	20
188	18
189	32
190	31
191	30
192	9
193	10
194	30
195	26
196	29
197	28
198	0
199	33
200	7
201	27
202	36
203	28
204	4
205	16
206	34
207	33
208	30
209	37
210	24
211	37
212	2
213	2
214	4
215	28
216	23
217	8
218	0
219	9
220	6
221	30
222	27
223	21
224	14
225	6
226	36
227	5
228	8
229	33
230	21
231	1
232	16
233	13
234	4
235	18
236	18
237	24
238	37
239	22
240	21
241	22
242	8
243	36
244	7
245	5
246	6
247	3
248	30
249	0
250	27
251	2
252	32
253	17
254	20
255	0
256	13
257	13
258	27
259	15
260	37
261	22
262	25
263	0
264	25
265	21
266	1
267	28
268	22
269	17
270	3
271	32
272	26
273	31
274	33
275	22
276	34
277	22
278	4
279	11
280	9
281	23
282	26
283	15
284	36
285	8
286	10
287	13
288	6
289	20
290	21
291	12
292	25
293	21
294	23
295	24
296	6
297	22
298	21
299	11
300	23
301	14
302	6
303	15
304	24
305	34
306	24
307	11
308	32
309	26
310	9
311	14
312	9
313	7
314	17
315	10
316	24
317	24
318	12
319	21
320	21
321	12
322	22
323	34
324	25
325	7
326	35
327	36
328	2
329	16
330	17
331	12
332	32
333	21
334	16
335	36
336	35
337	36
338	5
339	35
340	5
341	6
342	7
343	8
344	1
345	6
346	3
347	4
348	3
349	13
350	8
351	5
352	24
353	9
354	4
355	27
356	6
357	23
358	2
359	25
360	3
361	19
362	24
363	35
364	27
365	21
366	25
367	33
368	34
369	25
370	20
371	34
372	1
373	7
374	34
375	4
376	2
377	17
378	20
379	12
380	12
381	36
382	10
383	19
384	36
385	11
386	6
387	16
388	31
389	26
390	15
391	25
392	1
393	27
394	35
395	26
396	35
397	9
398	33
399	23
400	18
401	31
402	6
403	23
404	2
405	31
406	10
407	22
408	14
409	2
410	3
411	13
412	23
413	18
414	16
415	24
416	33
417	24
418	34
419	34
420	27
421	17
422	14
423	5
424	34
425	21
426	2
427	19
428	4
429	33
430	31
431	2
432	22
433	14
434	22
435	35
436	31
437	18
438	3
439	1
440	15
441	31
442	7
443	9
444	34
445	17
446	7
447	2
448	13
449	19
450	11
451	33
452	2
453	33
454	18
455	5
456	17
457	15
458	1
459	23
460	18
461	24
462	5
463	1
464	11
465	18
466	16
467	18
468	5
469	15
470	25
471	25
472	13
473	27
474	26
475	27
476	7
477	31
478	12
479	11
480	34
481	31
482	12
483	34
484	19
485	36
486	1
487	31
488	16
489	12
490	2
491	11
492	15
493	36
494	31
495	4
496	26
497	19
498	24
499	18
500	35
501	14
502	1
503	12
504	31
505	23
506	11
507	1
508	22
509	33
510	27
511	3
512	23
513	22
514	31
515	13
516	34
517	17
518	18
519	27
520	18
521	17
522	23
523	15
524	33
525	31
526	14
527	25
528	26
529	17
530	11
531	23
532	3
533	15
534	17
535	3
536	7
537	26
538	9
539	3
540	7
541	2
542	25
543	7
544	5
545	4
546	24
547	11
548	10
549	23
550	14
551	23
552	16
553	19
554	4
555	11
556	4
557	33
558	5
559	2
560	16
561	10
562	18
563	23
564	1
565	23
566	15
567	2
568	4
569	5
570	7
571	35
572	7
573	3
574	15
575	1
576	17
577	20
578	22
579	14
580	11
581	10
582	27
583	14
584	10
585	12
586	1
587	14
588	13
589	33
590	26
591	14
592	3
593	5
594	20
595	5
596	3
597	4
598	27
599	3
600	23
601	1
602	17
603	19
604	14
605	3
606	19
607	22
608	1
609	11
610	12
611	26
612	19
613	19
614	11
615	5
616	26
617	5
618	12
619	14
620	22
621	9
622	16
623	3
624	19
625	25
626	19
627	10
628	10
629	18
630	12
631	13
632	15
633	25
634	16
635	12
636	1
637	18
638	15
639	16
640	5
641	22
642	20
643	26
644	19
645	11
646	3
647	20
648	16
649	25
650	22
651	15
652	16
653	14
654	17
655	33
656	22
657	5
658	33
659	3
660	33
661	7
662	3
663	10
664	19
665	3
666	7
667	15
668	26
669	14
670	14
671	26
672	7
673	12
674	9
675	26
676	35
677	1
678	33
679	16
680	11
681	26
682	33
683	13
684	22
685	2
686	26
687	13
688	25
689	15
690	11
691	3
692	18
693	11
694	14
695	11
696	20
697	13
698	22
699	1
700	19
701	9
702	5
703	23
704	17
705	10
706	1
707	15
708	7
709	19
710	9
711	5
712	7
713	18
714	17
715	2
716	16
717	14
718	15
719	14
720	12
721	9
722	13
723	17
724	19
725	19
726	17
727	15
728	13
729	17
730	19
731	25
732	17
733	35
734	5
735	17
736	12
737	25
738	25
739	16
740	15
741	20
742	12
743	7
744	2
745	14
746	35
747	25
748	20
749	19
750	13
751	2
752	15
753	5
754	20
755	1
756	16
757	9
758	9
759	19
760	9
761	7
762	15
763	5
764	15
765	11
766	7
767	16
768	10
769	12
770	5
771	10
772	12
773	10
774	12
775	25
776	11
777	35
778	3
779	12
780	19
781	13
782	7
783	35
784	20
785	10
786	14
787	18
788	35
789	16
790	13
791	13
792	16
793	5
794	2
795	13
796	1
797	5
798	9
799	20
800	7
801	18
802	2
803	12
804	7
805	18
806	9
807	13
808	7
809	35
810	9
811	10
812	11
813	10
814	12
815	10
816	2
817	7
818	3
819	2
820	20
821	18
822	10
823	18
824	5
825	20
826	35
827	18
828	13
829	7
830	20
831	11
832	19
833	11
834	9
835	11
836	35
837	20
838	16
839	19
840	11
841	2
842	2
843	19
844	2
845	16
846	18
847	35
848	35
849	10
850	2
851	35
852	2
853	10
854	16
855	19
856	2
857	20
858	9
859	35
860	35
861	9
862	35
863	19
864	35
865	12
866	10
867	35
868	19
869	16
870	12
871	9
872	12
873	13
874	12
875	35
876	16
877	20
878	11
879	35
880	35
881	16
882	35
883	2
884	10
885	20
886	11
887	11
888	20
889	9
890	12
891	12
892	20
893	2
894	10
895	11
896	20
897	35
898	9
899	10
900	20
901	10
902	13
903	2
904	9
905	10
906	9
907	16
908	16
909	35
910	13
911	11
912	9
913	20
914	13
915	9
916	10
917	13
918	13
919	9
920	10
921	2
922	13
923	13
924	11
925	13
926	10
927	10
928	20
929	11
930	13
931	2
932	9
933	13
934	11
935	16
936	20
937	20
938	9
939	9
940	2
941	20
942	13
943	9
944	11
945	9
946	2
947	2
948	9
949	11
950	10
951	13
952	9
953	9
954	10
955	13
956	10
957	13
958	16
959	16
960	13
961	10
962	9
963	10
964	2
965	10
966	20
967	16
968	16
969	10
970	13
971	20
972	16
973	16
974	20
975	16
976	20
977	20
978	10
979	20
980	10
981	20
982	16
983	20
984	16
985	20
986	20
987	10
988	16
989	16
990	20
991	16
992	16
993	20
994	20
995	20
996	20
997	16
998	16
999	16
1000	20
