1	34
2	11
3	37
4	14
5	27
6	27
7	11
8	21
9	9
10	0
11	30
12	35
13	35
14	2
15	0
16	24
17	12
18	15
19	14
20	24
21	24
22	5
23	19
24	27
25	0
26	32
27	27
28	27
29	38
30	27
31	12
32	17
33	21
34	32
35	13
36	24
37	3
38	29
39	15
40	0
41	26
42	22
43	0
44	27
45	18
46	33
47	21
48	37
49	6
50	34
51	4
52	28
53	7
54	28
55	17
56	21
57	30
58	2
59	7
60	3
61	6
62	16
63	39
64	37
65	5
66	27
67	3
68	3
69	21
70	26
71	21
72	7
73	27
74	27
75	11
76	32
77	31
78	6
79	27
80	22
81	37
82	1
83	36
84	31
85	36
86	19
87	24
88	14
89	16
90	22
91	29
92	27
93	37
94	30
95	5
96	14
97	27
98	4
99	3
100	5
101	0
102	29
103	38
104	25
105	36
106	27
107	7
108	3
109	2
110	39
111	27
112	27
113	28
114	39
115	25
116	11
117	21
118	32
119	7
120	7
121	17
122	31
123	36
124	9
125	27
126	30
127	32
128	21
129	28
130	29
131	17
132	33
133	29
134	8
135	25
136	39
137	35
138	23
139	3
140	27
141	5
142	21
143	10
144	16
145	35
146	4
147	32
148	33
149	10
150	16
151	4
152	12
153	22
154	19
155	28
156	37
157	35
158	37
159	9
160	0
161	37
162	0
163	29
164	32
165	3
166	0
167	7
168	12
169	16
170	19
171	22
172	20
173	12
174	11
175	34
176	4
177	19
178	5
179	36
180	17
181	33
182	29
183	13
184	13
185	33
186	34
187	22
188	22
189	12
190	29
191	21
192	30
193	17
194	28
195	27
196	27
197	4
198	0
199	21
200	24
201	3
202	21
203	19
204	18
205	31
206	12
207	21
208	28
209	28
210	29
211	16
212	21
213	20
214	10
215	34
216	7
217	5
218	10
219	31
220	25
221	27
222	27
223	19
224	5
225	33
226	30
227	4
228	1
229	25
230	35
231	20
232	25
233	6
234	24
235	1
236	26
237	36
238	14
239	21
240	20
241	39
242	37
243	18
244	18
245	20
246	16
247	37
248	36
249	39
250	31
251	7
252	7
253	4
254	32
255	6
256	5
257	0
258	21
259	9
260	32
261	23
262	0
263	6
264	7
265	29
266	29
267	29
268	10
269	15
270	21
271	3
272	25
273	7
274	14
275	28
276	31
277	21
278	25
279	32
280	28
281	15
282	34
283	34
284	2
285	17
286	30
287	2
288	4
289	19
290	16
291	23
292	16
293	23
294	25
295	14
296	9
297	24
298	23
299	17
300	1
301	21
302	19
303	31
304	36
305	25
306	13
307	12
308	3
309	34
310	35
311	24
312	31
313	15
314	28
315	34
316	39
317	23
318	14
319	22
320	31
321	1
322	10
323	1
324	0
325	9
326	33
327	12
328	25
329	1
330	32
331	16
332	29
333	22
334	16
335	20
336	32
337	5
338	22
339	39
340	5
341	6
342	7
343	7
344	1
345	24
346	3
347	4
348	15
349	12
350	24
351	21
352	17
353	5
354	28
355	15
356	15
357	23
358	17
359	33
360	6
361	26
362	5
363	25
364	21
365	10
366	25
367	12
368	1
369	11
370	30
371	35
372	23
373	39
374	16
375	35
376	23
377	36
378	11
379	20
380	21
381	18
382	32
383	10
384	23
385	22
386	26
387	31
388	21
389	6
390	20
391	23
392	17
393	30
394	22
395	17
396	9
397	1
398	31
399	10
400	4
401	21
402	16
403	12
404	19
405	15
406	28
407	31
408	35
409	26
410	26
411	6
412	21
413	36
414	28
415	6
416	30
417	37
418	12
419	21
420	20
421	4
422	22
423	21
424	22
425	21
426	11
427	14
428	3
429	35
430	4
431	0
432	14
433	17
434	2
435	6
436	19
437	4
438	17
439	35
440	37
441	12
442	18
443	20
444	35
445	24
446	33
447	30
448	0
449	36
450	5
451	34
452	31
453	5
454	19
455	14
456	11
457	11
458	15
459	19
460	36
461	3
462	35
463	3
464	9
465	11
466	20
467	1
468	10
469	36
470	32
471	18
472	6
473	21
474	31
475	9
476	24
477	37
478	10
479	10
480	5
481	20
482	18
483	26
484	32
485	26
486	14
487	24
488	19
489	6
490	38
491	38
492	14
493	24
494	17
495	26
496	33
497	21
498	2
499	4
500	39
501	13
502	37
503	23
504	30
505	10
506	10
507	35
508	15
509	16
510	6
511	21
512	12
513	2
514	32
515	24
516	3
517	3
518	23
519	30
520	18
521	10
522	34
523	12
524	13
525	18
526	2
527	33
528	10
529	35
530	4
531	23
532	35
533	34
534	32
535	38
536	30
537	26
538	19
539	13
540	13
541	14
542	0
543	5
544	39
545	39
546	12
547	38
548	24
549	4
550	20
551	1
552	16
553	26
554	14
555	17
556	12
557	23
558	17
559	2
560	37
561	39
562	26
563	2
564	9
565	23
566	3
567	3
568	30
569	3
570	20
571	0
572	15
573	34
574	26
575	33
576	20
577	26
578	30
579	9
580	39
581	2
582	16
583	33
584	5
585	39
586	0
587	17
588	34
589	33
590	18
591	15
592	11
593	11
594	10
595	8
596	1
597	26
598	23
599	13
600	9
601	36
602	23
603	30
604	1
605	33
606	9
607	33
608	36
609	37
610	16
611	26
612	30
613	33
614	1
615	36
616	10
617	9
618	36
619	20
620	26
621	23
622	38
623	14
624	1
625	1
626	16
627	33
628	34
629	33
630	26
631	20
632	9
633	36
634	30
635	2
636	1
637	8
638	1
639	6
640	6
641	34
642	33
643	1
644	13
645	26
646	37
647	6
648	16
649	30
650	33
651	36
652	37
653	39
654	34
655	6
656	20
657	10
658	23
659	20
660	1
661	19
662	30
663	19
664	14
665	38
666	39
667	36
668	36
669	36
670	15
671	6
672	8
673	38
674	17
675	36
676	20
677	34
678	37
679	14
680	23
681	13
682	17
683	13
684	37
685	3
686	14
687	20
688	19
689	9
690	11
691	39
692	20
693	39
694	19
695	19
696	36
697	15
698	23
699	34
700	13
701	10
702	13
703	17
704	14
705	16
706	10
707	39
708	17
709	37
710	17
711	19
712	18
713	17
714	16
715	14
716	3
717	15
718	14
719	13
720	9
721	8
722	3
723	39
724	39
725	11
726	11
727	39
728	16
729	6
730	23
731	23
732	9
733	37
734	19
735	38
736	9
737	15
738	37
739	14
740	13
741	6
742	16
743	6
744	15
745	16
746	2
747	6
748	8
749	15
750	10
751	10
752	23
753	34
754	18
755	10
756	2
757	11
758	18
759	11
760	11
761	19
762	13
763	37
764	11
765	34
766	11
767	23
768	9
769	10
770	18
771	9
772	36
773	15
774	8
775	36
776	16
777	8
778	11
779	18
780	10
781	23
782	15
783	19
784	9
785	11
786	9
787	15
788	8
789	18
790	38
791	2
792	13
793	18
794	34
795	18
796	9
797	34
798	16
799	10
800	11
801	9
802	18
803	18
804	11
805	18
806	11
807	13
808	16
809	9
810	8
811	9
812	10
813	9
814	11
815	18
816	11
817	8
818	13
819	2
820	34
821	18
822	15
823	19
824	34
825	18
826	9
827	38
828	8
829	16
830	11
831	16
832	15
833	13
834	19
835	15
836	19
837	19
838	34
839	34
840	15
841	34
842	13
843	15
844	18
845	16
846	16
847	8
848	18
849	9
850	16
851	38
852	19
853	11
854	13
855	13
856	11
857	18
858	8
859	8
860	11
861	18
862	18
863	19
864	15
865	19
866	19
867	34
868	38
869	38
870	15
871	15
872	2
873	18
874	13
875	18
876	19
877	18
878	15
879	13
880	15
881	8
882	19
883	38
884	13
885	15
886	15
887	11
888	34
889	11
890	2
891	19
892	11
893	2
894	34
895	2
896	8
897	13
898	38
899	38
900	38
901	2
902	34
903	38
904	13
905	2
906	8
907	2
908	2
909	13
910	8
911	34
912	34
913	2
914	34
915	8
916	13
917	2
918	34
919	38
920	13
921	8
922	13
923	34
924	13
925	34
926	8
927	13
928	2
929	2
930	38
931	2
932	38
933	2
934	2
935	2
936	13
937	2
938	13
939	13
940	13
941	2
942	8
943	38
944	38
945	2
946	2
947	38
948	2
949	38
950	2
951	2
952	38
953	2
954	2
955	8
956	8
957	8
958	38
959	8
960	38
961	8
962	38
963	38
964	38
965	8
966	38
967	8
968	38
969	8
970	38
971	8
972	38
973	38
974	8
975	8
976	8
977	8
978	8
979	8
980	38
981	38
982	38
983	8
984	38
985	38
986	8
987	38
988	38
989	8
990	38
991	38
992	8
993	8
994	8
995	38
996	8
997	8
998	8
999	8
1000	8
