1	41
2	29
3	41
4	41
5	8
6	41
7	41
8	41
9	33
10	41
11	3
12	41
13	41
14	41
15	41
16	29
17	41
18	41
19	41
20	41
21	41
22	41
23	29
24	41
25	12
26	41
27	8
28	41
29	41
30	41
31	17
32	41
33	9
34	41
35	11
36	41
37	28
38	6
39	9
40	41
41	8
42	41
43	41
44	41
45	41
46	38
47	12
48	41
49	17
50	41
51	41
52	29
53	41
54	41
55	41
56	26
57	27
58	36
59	41
60	41
61	41
62	41
63	41
64	41
65	25
66	41
67	29
68	41
69	41
70	17
71	27
72	41
73	41
74	41
75	41
76	36
77	41
78	8
79	29
80	41
81	41
82	41
83	25
84	25
85	41
86	41
87	41
88	9
89	3
90	41
91	41
92	41
93	11
94	41
95	41
96	27
97	41
98	39
99	8
100	3
101	41
102	29
103	41
104	41
105	30
106	41
107	41
108	41
109	41
110	41
111	2
112	22
113	41
114	41
115	41
116	41
117	41
118	41
119	25
120	41
121	27
122	41
123	41
124	19
125	41
126	41
127	41
128	3
129	41
130	41
131	41
132	5
133	27
134	41
135	41
136	41
137	41
138	41
139	22
140	29
141	41
142	6
143	8
144	41
145	26
146	41
147	2
148	2
149	9
150	41
151	11
152	30
153	41
154	41
155	3
156	30
157	3
158	41
159	41
160	41
161	41
162	41
163	41
164	41
165	41
166	17
167	41
168	41
169	41
170	41
171	41
172	41
173	41
174	41
175	41
176	12
177	41
178	35
179	3
180	41
181	3
182	41
183	2
184	41
185	41
186	41
187	25
188	41
189	41
190	41
191	41
192	26
193	39
194	41
195	12
196	5
197	26
198	33
199	41
200	41
201	17
202	41
203	3
204	41
205	41
206	39
207	41
208	41
209	25
210	12
211	34
212	41
213	41
214	41
215	41
216	28
217	5
218	41
219	3
220	41
221	41
222	5
223	30
224	41
225	28
226	41
227	41
228	41
229	29
230	7
231	39
232	29
233	41
234	38
235	25
236	8
237	41
238	41
239	12
240	41
241	27
242	3
243	9
244	29
245	11
246	41
247	41
248	41
249	41
250	26
251	41
252	29
253	41
254	28
255	29
256	41
257	27
258	41
259	38
260	33
261	41
262	26
263	12
264	8
265	3
266	3
267	6
268	41
269	30
270	41
271	9
272	37
273	41
274	41
275	41
276	35
277	25
278	41
279	41
280	33
281	18
282	17
283	29
284	41
285	41
286	41
287	37
288	9
289	41
290	9
291	41
292	41
293	41
294	28
295	5
296	38
297	24
298	1
299	12
300	5
301	41
302	20
303	3
304	41
305	41
306	17
307	41
308	24
309	6
310	7
311	1
312	41
313	37
314	41
315	41
316	41
317	25
318	8
319	41
320	41
321	2
322	27
323	41
324	41
325	41
326	41
327	41
328	24
329	36
330	18
331	41
332	3
333	39
334	41
335	41
336	36
337	24
338	41
339	41
340	25
341	41
342	38
343	34
344	9
345	41
346	41
347	15
348	41
349	29
350	7
351	33
352	36
353	15
354	35
355	33
356	41
357	41
358	41
359	33
360	22
361	27
362	41
363	36
364	29
365	19
366	41
367	33
368	9
369	37
370	41
371	41
372	29
373	30
374	11
375	19
376	41
377	33
378	41
379	25
380	38
381	41
382	3
383	35
384	25
385	14
386	41
387	41
388	8
389	41
390	18
391	6
392	39
393	41
394	41
395	5
396	41
397	28
398	29
399	41
400	36
401	41
402	38
403	11
404	18
405	3
406	25
407	12
408	39
409	41
410	41
411	41
412	41
413	29
414	41
415	2
416	41
417	41
418	9
419	20
420	11
421	41
422	27
423	6
424	1
425	41
426	41
427	32
428	28
429	3
430	3
431	41
432	26
433	41
434	41
435	38
436	11
437	2
438	12
439	14
440	17
441	24
442	35
443	29
444	5
445	41
446	33
447	38
448	25
449	35
450	24
451	41
452	38
453	2
454	12
455	41
456	35
457	37
458	41
459	41
460	18
461	29
462	3
463	33
464	9
465	38
466	8
467	41
468	37
469	31
470	37
471	27
472	3
473	29
474	38
475	41
476	22
477	41
478	41
479	26
480	29
481	35
482	8
483	26
484	22
485	22
486	39
487	41
488	3
489	5
490	41
491	4
492	41
493	24
494	38
495	41
496	22
497	41
498	9
499	7
500	13
501	2
502	9
503	35
504	15
505	21
506	41
507	22
508	41
509	41
510	37
511	39
512	39
513	24
514	41
515	37
516	41
517	6
518	29
519	38
520	14
521	25
522	41
523	21
524	18
525	34
526	39
527	29
528	24
529	3
530	25
531	39
532	34
533	30
534	34
535	2
536	37
537	10
538	38
539	31
540	8
541	41
542	34
543	25
544	29
545	35
546	1
547	32
548	30
549	41
550	39
551	29
552	3
553	41
554	19
555	36
556	26
557	35
558	9
559	41
560	22
561	25
562	24
563	33
564	32
565	41
566	39
567	1
568	26
569	6
570	3
571	41
572	36
573	7
574	3
575	29
576	5
577	8
578	19
579	27
580	29
581	28
582	41
583	6
584	24
585	29
586	31
587	1
588	37
589	33
590	17
591	27
592	29
593	34
594	34
595	18
596	21
597	7
598	34
599	25
600	3
601	35
602	38
603	17
604	5
605	13
606	5
607	38
608	36
609	20
610	2
611	9
612	19
613	32
614	3
615	9
616	29
617	27
618	6
619	33
620	3
621	7
622	5
623	27
624	19
625	25
626	35
627	29
628	27
629	38
630	34
631	19
632	15
633	28
634	12
635	27
636	36
637	29
638	35
639	9
640	29
641	41
642	3
643	35
644	30
645	33
646	30
647	12
648	25
649	29
650	5
651	35
652	6
653	21
654	4
655	35
656	24
657	14
658	3
659	36
660	31
661	32
662	17
663	14
664	29
665	0
666	36
667	41
668	3
669	7
670	23
671	9
672	10
673	3
674	4
675	0
676	37
677	19
678	32
679	18
680	7
681	36
682	38
683	11
684	25
685	11
686	33
687	7
688	10
689	33
690	1
691	20
692	29
693	0
694	27
695	7
696	3
697	28
698	35
699	0
700	34
701	38
702	10
703	41
704	25
705	16
706	6
707	0
708	3
709	9
710	36
711	35
712	23
713	36
714	23
715	18
716	32
717	7
718	24
719	0
720	24
721	5
722	28
723	30
724	25
725	4
726	38
727	5
728	27
729	33
730	31
731	41
732	39
733	11
734	1
735	27
736	3
737	3
738	21
739	36
740	16
741	0
742	41
743	7
744	0
745	35
746	29
747	9
748	22
749	21
750	1
751	0
752	1
753	22
754	28
755	37
756	25
757	40
758	19
759	29
760	37
761	3
762	4
763	15
764	17
765	28
766	30
767	18
768	36
769	26
770	1
771	29
772	29
773	30
774	25
775	9
776	24
777	36
778	4
779	5
780	31
781	13
782	37
783	27
784	33
785	9
786	1
787	20
788	0
789	9
790	26
791	9
792	32
793	20
794	33
795	41
796	3
797	35
798	36
799	41
800	9
801	24
802	8
803	29
804	36
805	15
806	37
807	3
808	9
809	10
810	5
811	0
812	12
813	1
814	22
815	35
816	29
817	29
818	5
819	35
820	36
821	23
822	36
823	29
824	3
825	15
826	9
827	1
828	11
829	24
830	22
831	11
832	22
833	1
834	31
835	0
836	1
837	8
838	35
839	5
840	29
841	3
842	36
843	36
844	20
845	5
846	3
847	14
848	32
849	1
850	0
851	34
852	28
853	11
854	10
855	33
856	1
857	20
858	29
859	14
860	28
861	19
862	15
863	1
864	24
865	38
866	1
867	39
868	3
869	25
870	13
871	38
872	22
873	17
874	9
875	3
876	36
877	0
878	5
879	2
880	3
881	38
882	6
883	5
884	32
885	4
886	24
887	9
888	32
889	29
890	23
891	0
892	32
893	36
894	36
895	36
896	11
897	13
898	14
899	24
900	25
901	7
902	25
903	17
904	10
905	9
906	11
907	31
908	1
909	12
910	32
911	10
912	36
913	15
914	28
915	36
916	36
917	36
918	2
919	1
920	33
921	6
922	1
923	22
924	20
925	13
926	5
927	32
928	36
929	40
930	4
931	23
932	15
933	19
934	5
935	13
936	2
937	12
938	29
939	19
940	37
941	40
942	18
943	1
944	25
945	35
946	37
947	8
948	14
949	11
950	36
951	14
952	9
953	15
954	5
955	25
956	10
957	24
958	6
959	36
960	24
961	1
962	14
963	12
964	18
965	3
966	5
967	21
968	36
969	5
970	20
971	13
972	21
973	26
974	24
975	13
976	19
977	38
978	5
979	0
980	1
981	14
982	8
983	14
984	19
985	9
986	0
987	36
988	3
989	4
990	20
991	40
992	35
993	21
994	31
995	0
996	14
997	31
998	5
999	23
1000	3
