1	14
2	14
3	14
4	14
5	16
6	15
7	14
8	1
9	14
10	14
11	14
12	14
13	9
14	14
15	11
16	14
17	13
18	14
19	14
20	14
21	14
22	14
23	16
24	14
25	14
26	14
27	14
28	14
29	31
30	14
31	22
32	14
33	14
34	14
35	14
36	14
37	18
38	14
39	14
40	7
41	14
42	14
43	14
44	14
45	14
46	14
47	18
48	14
49	16
50	14
51	16
52	11
53	18
54	14
55	14
56	18
57	30
58	36
59	18
60	14
61	14
62	35
63	3
64	14
65	14
66	14
67	38
68	14
69	11
70	14
71	11
72	14
73	14
74	14
75	11
76	14
77	3
78	14
79	34
80	14
81	14
82	14
83	14
84	14
85	14
86	16
87	16
88	14
89	35
90	14
91	14
92	36
93	31
94	31
95	39
96	14
97	7
98	14
99	14
100	14
101	14
102	40
103	14
104	14
105	14
106	14
107	14
108	14
109	14
110	14
111	39
112	14
113	40
114	10
115	3
116	14
117	14
118	8
119	14
120	14
121	14
122	14
123	14
124	14
125	14
126	14
127	14
128	14
129	14
130	14
131	14
132	14
133	14
134	27
135	25
136	14
137	14
138	23
139	16
140	14
141	14
142	8
143	14
144	3
145	14
146	14
147	14
148	14
149	16
150	18
151	8
152	14
153	13
154	14
155	14
156	14
157	39
158	14
159	14
160	14
161	16
162	14
163	34
164	14
165	8
166	39
167	14
168	14
169	11
170	11
171	14
172	14
173	14
174	16
175	30
176	14
177	38
178	14
179	3
180	37
181	14
182	33
183	8
184	34
185	16
186	3
187	10
188	14
189	23
190	14
191	10
192	41
193	14
194	13
195	3
196	16
197	16
198	14
199	14
200	28
201	14
202	14
203	7
204	25
205	14
206	14
207	14
208	14
209	14
210	14
211	25
212	13
213	14
214	10
215	11
216	14
217	10
218	10
219	19
220	30
221	28
222	8
223	14
224	16
225	30
226	14
227	14
228	3
229	14
230	14
231	10
232	27
233	10
234	37
235	39
236	28
237	38
238	36
239	14
240	14
241	14
242	17
243	27
244	16
245	36
246	7
247	14
248	14
249	16
250	14
251	14
252	18
253	3
254	18
255	14
256	36
257	34
258	14
259	27
260	14
261	10
262	39
263	34
264	14
265	14
266	14
267	14
268	35
269	14
270	33
271	39
272	34
273	36
274	14
275	40
276	30
277	3
278	41
279	30
280	39
281	16
282	14
283	29
284	14
285	3
286	14
287	14
288	14
289	14
290	14
291	14
292	3
293	14
294	10
295	14
296	23
297	14
298	16
299	14
300	16
301	14
302	38
303	27
304	7
305	41
306	14
307	16
308	7
309	14
310	14
311	14
312	14
313	30
314	30
315	11
316	11
317	14
318	14
319	14
320	14
321	14
322	9
323	16
324	14
325	14
326	37
327	3
328	22
329	27
330	14
331	14
332	37
333	11
334	22
335	14
336	14
337	16
338	16
339	25
340	14
341	14
342	33
343	16
344	36
345	14
346	14
347	11
348	14
349	38
350	12
351	14
352	22
353	14
354	23
355	16
356	14
357	22
358	38
359	39
360	27
361	3
362	14
363	23
364	15
365	14
366	16
367	16
368	14
369	28
370	41
371	14
372	14
373	14
374	14
375	3
376	11
377	18
378	37
379	14
380	19
381	18
382	13
383	14
384	14
385	14
386	34
387	14
388	14
389	14
390	16
391	13
392	3
393	38
394	36
395	16
396	16
397	14
398	11
399	17
400	16
401	14
402	8
403	14
404	14
405	14
406	14
407	14
408	8
409	36
410	35
411	14
412	14
413	14
414	37
415	13
416	30
417	14
418	14
419	38
420	11
421	14
422	8
423	14
424	25
425	14
426	35
427	19
428	15
429	3
430	7
431	35
432	28
433	3
434	0
435	38
436	35
437	25
438	27
439	14
440	17
441	8
442	3
443	14
444	14
445	38
446	17
447	37
448	14
449	40
450	16
451	25
452	36
453	28
454	14
455	23
456	16
457	14
458	8
459	30
460	1
461	25
462	25
463	36
464	14
465	36
466	37
467	35
468	38
469	16
470	23
471	30
472	36
473	17
474	11
475	31
476	14
477	7
478	14
479	0
480	30
481	14
482	9
483	11
484	1
485	14
486	38
487	16
488	8
489	27
490	37
491	35
492	30
493	7
494	14
495	13
496	16
497	8
498	12
499	34
500	14
501	40
502	38
503	23
504	34
505	30
506	25
507	35
508	15
509	38
510	14
511	14
512	29
513	13
514	23
515	36
516	14
517	12
518	31
519	14
520	9
521	8
522	14
523	12
524	22
525	39
526	11
527	6
528	36
529	31
530	14
531	38
532	28
533	34
534	14
535	2
536	14
537	14
538	14
539	31
540	3
541	30
542	8
543	12
544	0
545	37
546	18
547	3
548	16
549	28
550	14
551	19
552	39
553	24
554	34
555	36
556	36
557	14
558	14
559	12
560	35
561	37
562	12
563	41
564	6
565	3
566	5
567	32
568	6
569	14
570	30
571	36
572	18
573	12
574	22
575	16
576	19
577	19
578	29
579	38
580	5
581	14
582	30
583	14
584	36
585	30
586	36
587	9
588	1
589	28
590	29
591	33
592	7
593	28
594	15
595	27
596	11
597	13
598	31
599	20
600	16
601	11
602	40
603	29
604	8
605	16
606	35
607	35
608	31
609	31
610	32
611	12
612	20
613	0
614	13
615	34
616	22
617	7
618	24
619	40
620	2
621	25
622	33
623	15
624	38
625	30
626	1
627	12
628	19
629	24
630	17
631	35
632	36
633	11
634	16
635	41
636	12
637	15
638	16
639	25
640	24
641	12
642	34
643	33
644	29
645	5
646	2
647	37
648	29
649	15
650	12
651	16
652	3
653	11
654	40
655	31
656	30
657	28
658	40
659	14
660	34
661	35
662	12
663	31
664	1
665	9
666	3
667	10
668	28
669	29
670	12
671	35
672	28
673	5
674	24
675	20
676	33
677	9
678	10
679	16
680	40
681	17
682	16
683	39
684	12
685	33
686	8
687	16
688	9
689	2
690	34
691	13
692	22
693	23
694	15
695	10
696	25
697	21
698	13
699	30
700	37
701	2
702	5
703	14
704	8
705	35
706	31
707	24
708	34
709	25
710	21
711	14
712	37
713	5
714	31
715	41
716	15
717	2
718	35
719	2
720	35
721	15
722	35
723	12
724	24
725	40
726	16
727	2
728	6
729	41
730	32
731	10
732	19
733	35
734	19
735	25
736	26
737	34
738	12
739	11
740	32
741	40
742	8
743	4
744	15
745	31
746	25
747	16
748	5
749	25
750	15
751	3
752	16
753	8
754	1
755	8
756	18
757	2
758	25
759	11
760	35
761	25
762	0
763	6
764	19
765	29
766	19
767	16
768	1
769	32
770	32
771	3
772	12
773	36
774	24
775	38
776	25
777	36
778	30
779	15
780	12
781	36
782	16
783	12
784	2
785	36
786	39
787	20
788	23
789	31
790	38
791	38
792	31
793	25
794	19
795	16
796	22
797	41
798	38
799	32
800	9
801	2
802	5
803	8
804	35
805	36
806	12
807	22
808	41
809	7
810	30
811	11
812	13
813	0
814	13
815	25
816	6
817	8
818	7
819	36
820	31
821	19
822	15
823	12
824	41
825	34
826	9
827	36
828	3
829	30
830	8
831	29
832	30
833	23
834	13
835	16
836	31
837	26
838	16
839	17
840	36
841	33
842	27
843	4
844	38
845	4
846	4
847	3
848	30
849	8
850	30
851	6
852	2
853	24
854	36
855	19
856	7
857	38
858	25
859	25
860	20
861	13
862	1
863	0
864	35
865	7
866	13
867	35
868	26
869	40
870	25
871	25
872	25
873	13
874	4
875	8
876	21
877	28
878	30
879	32
880	13
881	31
882	25
883	11
884	12
885	12
886	16
887	41
888	21
889	22
890	19
891	12
892	16
893	31
894	40
895	0
896	13
897	38
898	2
899	25
900	35
901	16
902	41
903	12
904	38
905	41
906	13
907	15
908	24
909	39
910	36
911	39
912	7
913	41
914	34
915	32
916	29
917	35
918	25
919	12
920	25
921	35
922	0
923	32
924	17
925	35
926	6
927	6
928	4
929	12
930	36
931	34
932	7
933	16
934	30
935	21
936	12
937	7
938	31
939	11
940	25
941	34
942	12
943	37
944	12
945	2
946	21
947	11
948	26
949	21
950	37
951	8
952	12
953	20
954	25
955	4
956	30
957	12
958	30
959	9
960	3
961	38
962	21
963	29
964	23
965	2
966	30
967	8
968	26
969	30
970	4
971	24
972	3
973	38
974	32
975	20
976	5
977	20
978	36
979	17
980	4
981	12
982	29
983	17
984	25
985	4
986	21
987	13
988	8
989	2
990	8
991	32
992	29
993	21
994	12
995	5
996	24
997	13
998	29
999	19
1000	17
