1	2
2	2
3	35
4	2
5	2
6	2
7	2
8	2
9	2
10	2
11	2
12	2
13	37
14	4
15	2
16	11
17	2
18	24
19	2
20	2
21	2
22	2
23	2
24	2
25	2
26	2
27	2
28	2
29	3
30	2
31	2
32	2
33	2
34	22
35	2
36	2
37	2
38	2
39	2
40	2
41	2
42	41
43	27
44	11
45	2
46	13
47	11
48	24
49	2
50	2
51	2
52	2
53	11
54	2
55	2
56	37
57	2
58	2
59	2
60	2
61	2
62	27
63	26
64	2
65	2
66	2
67	2
68	2
69	2
70	2
71	2
72	2
73	22
74	11
75	2
76	2
77	2
78	2
79	2
80	2
81	2
82	2
83	38
84	2
85	2
86	37
87	2
88	33
89	2
90	11
91	37
92	2
93	16
94	2
95	2
96	11
97	37
98	2
99	2
100	2
101	2
102	27
103	2
104	2
105	13
106	2
107	2
108	2
109	10
110	2
111	2
112	22
113	16
114	19
115	2
116	2
117	2
118	2
119	2
120	2
121	2
122	35
123	2
124	2
125	37
126	2
127	2
128	2
129	2
130	22
131	4
132	2
133	2
134	37
135	2
136	26
137	18
138	2
139	2
140	2
141	2
142	23
143	2
144	9
145	2
146	22
147	40
148	2
149	2
150	2
151	2
152	2
153	2
154	2
155	2
156	17
157	37
158	2
159	2
160	16
161	7
162	11
163	37
164	37
165	2
166	2
167	2
168	37
169	9
170	13
171	2
172	37
173	2
174	2
175	24
176	33
177	16
178	2
179	11
180	2
181	33
182	37
183	2
184	29
185	2
186	2
187	24
188	3
189	41
190	2
191	2
192	2
193	2
194	37
195	2
196	2
197	33
198	40
199	10
200	2
201	36
202	2
203	2
204	2
205	35
206	11
207	18
208	2
209	14
210	2
211	27
212	2
213	35
214	5
215	27
216	2
217	2
218	24
219	2
220	2
221	5
222	2
223	2
224	2
225	39
226	2
227	2
228	41
229	2
230	2
231	2
232	13
233	2
234	16
235	2
236	37
237	3
238	2
239	16
240	5
241	2
242	33
243	22
244	2
245	11
246	11
247	37
248	2
249	9
250	41
251	35
252	2
253	2
254	2
255	2
256	2
257	41
258	2
259	18
260	39
261	37
262	2
263	2
264	33
265	2
266	2
267	13
268	2
269	2
270	2
271	2
272	37
273	27
274	26
275	37
276	13
277	2
278	33
279	35
280	41
281	2
282	2
283	2
284	2
285	2
286	2
287	37
288	9
289	2
290	37
291	0
292	5
293	2
294	2
295	2
296	2
297	18
298	6
299	2
300	24
301	2
302	2
303	35
304	2
305	13
306	11
307	7
308	18
309	33
310	2
311	19
312	29
313	11
314	13
315	33
316	37
317	3
318	2
319	2
320	13
321	2
322	1
323	2
324	24
325	30
326	35
327	2
328	2
329	7
330	30
331	33
332	24
333	2
334	35
335	2
336	11
337	2
338	2
339	37
340	2
341	3
342	29
343	2
344	18
345	2
346	7
347	2
348	0
349	2
350	9
351	1
352	16
353	17
354	7
355	22
356	2
357	37
358	2
359	0
360	13
361	18
362	2
363	22
364	26
365	30
366	2
367	2
368	0
369	33
370	11
371	3
372	2
373	18
374	11
375	2
376	2
377	1
378	9
379	24
380	1
381	37
382	2
383	33
384	2
385	37
386	20
387	13
388	2
389	33
390	13
391	13
392	19
393	2
394	34
395	29
396	2
397	2
398	2
399	9
400	37
401	40
402	29
403	2
404	37
405	37
406	29
407	41
408	20
409	13
410	21
411	3
412	2
413	5
414	2
415	11
416	27
417	13
418	13
419	2
420	37
421	4
422	17
423	37
424	26
425	13
426	13
427	13
428	2
429	38
430	5
431	13
432	10
433	7
434	37
435	24
436	1
437	14
438	14
439	29
440	33
441	1
442	42
443	4
444	11
445	2
446	37
447	37
448	3
449	11
450	9
451	2
452	2
453	37
454	2
455	29
456	10
457	20
458	2
459	7
460	33
461	2
462	29
463	11
464	16
465	2
466	39
467	3
468	18
469	14
470	3
471	36
472	18
473	18
474	7
475	9
476	13
477	16
478	5
479	30
480	28
481	2
482	26
483	0
484	13
485	2
486	24
487	2
488	2
489	7
490	22
491	2
492	29
493	33
494	7
495	2
496	37
497	1
498	5
499	38
500	30
501	22
502	18
503	35
504	13
505	2
506	19
507	7
508	2
509	9
510	2
511	23
512	5
513	27
514	33
515	30
516	4
517	40
518	27
519	2
520	17
521	13
522	3
523	1
524	13
525	28
526	18
527	42
528	17
529	36
530	38
531	6
532	11
533	27
534	33
535	37
536	17
537	22
538	2
539	9
540	40
541	9
542	3
543	37
544	2
545	42
546	4
547	42
548	14
549	33
550	3
551	2
552	21
553	37
554	20
555	17
556	41
557	36
558	27
559	2
560	41
561	16
562	37
563	2
564	21
565	23
566	8
567	29
568	33
569	13
570	3
571	17
572	29
573	19
574	29
575	28
576	18
577	13
578	24
579	4
580	40
581	39
582	6
583	37
584	33
585	38
586	37
587	26
588	18
589	39
590	4
591	28
592	10
593	0
594	17
595	39
596	33
597	38
598	37
599	38
600	1
601	37
602	33
603	38
604	3
605	14
606	0
607	14
608	11
609	41
610	32
611	21
612	9
613	11
614	6
615	1
616	38
617	1
618	11
619	37
620	38
621	6
622	16
623	9
624	30
625	35
626	39
627	11
628	5
629	40
630	38
631	4
632	33
633	9
634	10
635	5
636	4
637	33
638	26
639	12
640	9
641	18
642	32
643	34
644	2
645	24
646	2
647	3
648	35
649	0
650	10
651	26
652	17
653	2
654	3
655	37
656	26
657	24
658	4
659	23
660	38
661	1
662	36
663	37
664	2
665	30
666	10
667	28
668	9
669	22
670	7
671	27
672	39
673	39
674	36
675	3
676	11
677	19
678	33
679	37
680	27
681	1
682	6
683	21
684	11
685	7
686	5
687	9
688	34
689	27
690	10
691	18
692	8
693	0
694	26
695	20
696	9
697	6
698	40
699	34
700	28
701	4
702	9
703	5
704	21
705	19
706	39
707	33
708	16
709	21
710	40
711	12
712	13
713	36
714	23
715	17
716	3
717	24
718	1
719	19
720	39
721	26
722	22
723	19
724	4
725	20
726	12
727	26
728	16
729	27
730	1
731	5
732	5
733	1
734	14
735	31
736	24
737	38
738	34
739	5
740	9
741	5
742	22
743	39
744	26
745	29
746	6
747	29
748	33
749	14
750	21
751	41
752	26
753	0
754	14
755	34
756	10
757	39
758	23
759	21
760	16
761	1
762	35
763	20
764	9
765	5
766	40
767	13
768	21
769	0
770	15
771	40
772	35
773	0
774	5
775	34
776	37
777	15
778	40
779	3
780	6
781	34
782	11
783	35
784	5
785	6
786	37
787	18
788	29
789	4
790	9
791	37
792	41
793	5
794	6
795	23
796	9
797	25
798	19
799	39
800	0
801	33
802	42
803	7
804	10
805	42
806	24
807	37
808	40
809	19
810	37
811	1
812	6
813	35
814	29
815	36
816	11
817	13
818	32
819	16
820	38
821	8
822	22
823	1
824	18
825	41
826	33
827	23
828	38
829	15
830	11
831	40
832	24
833	34
834	11
835	29
836	41
837	34
838	25
839	0
840	42
841	39
842	33
843	13
844	12
845	13
846	26
847	0
848	35
849	30
850	27
851	21
852	11
853	31
854	34
855	13
856	1
857	8
858	24
859	29
860	6
861	42
862	41
863	15
864	8
865	6
866	12
867	20
868	15
869	26
870	0
871	16
872	40
873	0
874	30
875	5
876	20
877	29
878	0
879	6
880	39
881	35
882	8
883	38
884	11
885	11
886	23
887	41
888	5
889	7
890	32
891	38
892	0
893	36
894	28
895	28
896	26
897	31
898	25
899	36
900	4
901	39
902	24
903	13
904	39
905	31
906	25
907	6
908	29
909	37
910	12
911	37
912	26
913	5
914	27
915	33
916	15
917	1
918	30
919	37
920	28
921	39
922	32
923	14
924	37
925	9
926	29
927	4
928	41
929	12
930	17
931	27
932	12
933	26
934	18
935	4
936	32
937	37
938	34
939	9
940	39
941	7
942	5
943	6
944	5
945	20
946	37
947	34
948	21
949	39
950	6
951	28
952	32
953	13
954	10
955	38
956	33
957	16
958	4
959	37
960	17
961	17
962	14
963	1
964	34
965	1
966	33
967	31
968	34
969	1
970	13
971	41
972	42
973	10
974	5
975	32
976	15
977	12
978	4
979	6
980	37
981	6
982	21
983	37
984	1
985	30
986	12
987	38
988	6
989	25
990	39
991	12
992	7
993	1
994	34
995	22
996	28
997	29
998	27
999	32
1000	23
