1	15 
2	28 
3	14 
4	17 
5	8 
6	15 
7	18 
8	7 
9	22 
10	29 
11	4 
12	21 
13	29 
14	35 
15	16 
16	7 
17	34 
18	33 
19	1 
20	10 
21	33 
22	27 
23	21 
24	15 
25	23 
26	14 
27	15 
28	7 
29	18 
30	30 
31	14 
32	20 
33	1 
34	24 
35	22 
36	9 
37	18 
38	22 
39	26 
40	2 
41	34 
42	13 
43	26 
44	8 
45	4 
46	34 
47	5 
48	15 
49	11 
50	19 
51	22 
52	2 
53	25 
54	8 
55	3 
56	1 
57	35 
58	11 
59	13 
60	23 
61	29 
62	11 
63	28 
64	27 
65	5 
66	21 
67	6 
68	6 
69	12 
70	8 
71	2 
72	7 
73	10 
74	33 
75	21 
76	8 
77	24 
78	34 
79	28 
80	29 
81	33 
82	20 
83	6 
84	29 
85	8 
86	35 
87	21 
88	12 
89	5 
90	5 
91	33 
92	34 
93	23 
94	14 
95	17 
96	3 
97	17 
98	3 
99	31 
100	13 
101	14 
102	27 
103	1 
104	11 
105	27 
106	14 
107	27 
108	2 
109	27 
110	27 
111	13 
112	21 
113	25 
114	23 
115	19 
116	28 
117	17 
118	18 
119	8 
120	22 
121	25 
122	25 
123	22 
124	21 
125	12 
126	24 
127	18 
128	5 
129	1 
130	31 
131	2 
132	23 
133	29 
134	27 
135	33 
136	17 
137	4 
138	15 
139	16 
140	1 
141	17 
142	16 
143	28 
144	5 
145	11 
146	27 
147	1 
148	2 
149	15 
150	6 
151	14 
152	22 
153	16 
154	26 
155	1 
156	4 
157	2 
158	31 
159	19 
160	24 
161	34 
162	6 
163	21 
164	12 
165	14 
166	28 
167	29 
168	10 
169	7 
170	20 
171	16 
172	20 
173	12 
174	3 
175	24 
176	21 
177	34 
178	3 
179	23 
180	9 
181	6 
182	5 
183	28 
184	26 
185	26 
186	6 
187	13 
188	32 
189	34 
190	18 
191	3 
192	25 
193	20 
194	27 
195	35 
196	13 
197	31 
198	31 
199	29 
200	3 
201	24 
202	29 
203	2 
204	24 
205	14 
206	17 
207	35 
208	6 
209	21 
210	15 
211	2 
212	31 
213	9 
214	24 
215	19 
216	17 
217	26 
218	19 
219	21 
220	4 
221	1 
222	12 
223	14 
224	15 
225	18 
226	17 
227	26 
228	12 
229	1 
230	28 
231	18 
232	9 
233	18 
234	24 
235	6 
236	7 
237	12 
238	17 
239	26 
240	18 
241	9 
242	29 
243	7 
244	8 
245	34 
246	17 
247	4 
248	2 
249	29 
250	24 
251	25 
252	15 
253	9 
254	5 
255	6 
256	5 
257	27 
258	1 
259	31 
260	23 
261	9 
262	34 
263	9 
264	28 
265	21 
266	32 
267	11 
268	4 
269	2 
270	20 
271	21 
272	7 
273	30 
274	25 
275	32 
276	22 
277	14 
278	20 
279	26 
280	29 
281	28 
282	35 
283	5 
284	3 
285	20 
286	28 
287	21 
288	35 
289	12 
290	13 
291	19 
292	2 
293	10 
294	22 
295	3 
296	20 
297	24 
298	30 
299	25 
300	12 
301	15 
302	26 
303	20 
304	26 
305	1 
306	16 
307	3 
308	17 
309	23 
310	21 
311	13 
312	26 
313	8 
314	11 
315	25 
316	7 
317	11 
318	4 
319	30 
320	12 
321	17 
322	11 
323	35 
324	34 
325	13 
326	33 
327	10 
328	34 
329	2 
330	4 
331	31 
332	6 
333	23 
334	35 
335	19 
336	18 
337	24 
338	8 
339	32 
340	2 
341	18 
342	1 
343	22 
344	32 
345	10 
346	7 
347	8 
348	20 
349	23 
350	20 
351	34 
352	32 
353	3 
354	19 
355	13 
356	11 
357	18 
358	15 
359	34 
360	13 
361	17 
362	6 
363	10 
364	24 
365	13 
366	16 
367	30 
368	31 
369	24 
370	11 
371	21 
372	30 
373	1 
374	15 
375	23 
376	31 
377	20 
378	26 
379	11 
380	27 
381	2 
382	8 
383	20 
384	34 
385	13 
386	33 
387	3 
388	30 
389	10 
390	10 
391	7 
392	2 
393	32 
394	11 
395	32 
396	18 
397	19 
398	30 
399	21 
400	18 
401	1 
402	3 
403	32 
404	30 
405	23 
406	2 
407	17 
408	21 
409	22 
410	31 
411	4 
412	22 
413	10 
414	31 
415	22 
416	5 
417	4 
418	7 
419	31 
420	15 
421	5 
422	26 
423	3 
424	1 
425	19 
426	17 
427	31 
428	7 
429	2 
430	33 
431	26 
432	10 
433	19 
434	19 
435	2 
436	5 
437	30 
438	32 
439	26 
440	19 
441	1 
442	26 
443	23 
444	26 
445	32 
446	25 
447	16 
448	12 
449	22 
450	1 
451	33 
452	27 
453	19 
454	20 
455	1 
456	25 
457	23 
458	1 
459	27 
460	1 
461	31 
462	2 
463	1 
464	3 
465	26 
466	23 
467	32 
468	4 
469	26 
470	3 
471	35 
472	35 
473	10 
474	8 
475	19 
476	5 
477	30 
478	25 
479	16 
480	25 
481	8 
482	32 
483	26 
484	7 
485	27 
486	1 
487	34 
488	32 
489	10 
490	23 
491	15 
492	34 
493	9 
494	5 
495	4 
496	9 
497	16 
498	8 
499	25 
500	26 
501	10 
502	35 
503	18 
504	12 
505	8 
506	12 
507	16 
508	35 
509	19 
510	32 
511	16 
512	3 
513	31 
514	31 
515	8 
516	19 
517	26 
518	32 
519	16 
520	31 
521	2 
522	2 
523	3 
524	16 
525	19 
526	27 
527	3 
528	4 
529	25 
530	5 
531	12 
532	23 
533	9 
534	9 
535	3 
536	18 
537	4 
538	32 
539	35 
540	20 
541	27 
542	8 
543	34 
544	1 
545	9 
546	18 
547	30 
548	17 
549	26 
550	1 
551	1 
552	3 
553	30 
554	16 
555	8 
556	30 
557	27 
558	23 
559	26 
560	12 
561	25 
562	16 
563	7 
564	34 
565	2 
566	31 
567	2 
568	35 
569	31 
570	1 
571	1 
572	31 
573	20 
574	12 
575	32 
576	16 
577	8 
578	18 
579	23 
580	27 
581	21 
582	7 
583	34 
584	4 
585	25 
586	30 
587	3 
588	7 
589	33 
590	12 
591	33 
592	9 
593	34 
594	1 
595	9 
596	31 
597	9 
598	20 
599	34 
600	7 
601	23 
602	27 
603	9 
604	33 
605	32 
606	3 
607	23 
608	1 
609	18 
610	33 
611	18 
612	18 
613	19 
614	1 
615	23 
616	34 
617	21 
618	4 
619	20 
620	34 
621	18 
622	10 
623	10 
624	23 
625	9 
626	33 
627	30 
628	3 
629	5 
630	20 
631	32 
632	17 
633	21 
634	20 
635	34 
636	33 
637	34 
638	34 
639	23 
640	20 
641	26 
642	35 
643	33 
644	21 
645	18 
646	3 
647	20 
648	9 
649	31 
650	3 
651	27 
652	26 
653	20 
654	2 
655	34 
656	12 
657	5 
658	19 
659	1 
660	34 
661	10 
662	27 
663	34 
664	19 
665	35 
666	33 
667	35 
668	30 
669	20 
670	21 
671	35 
672	5 
673	26 
674	34 
675	31 
676	26 
677	3 
678	18 
679	10 
680	5 
681	9 
682	12 
683	1 
684	17 
685	33 
686	33 
687	23 
688	27 
689	30 
690	32 
691	23 
692	30 
693	21 
694	34 
695	27 
696	4 
697	23 
698	10 
699	2 
700	33 
701	20 
702	32 
703	33 
704	26 
705	10 
706	23 
707	20 
708	26 
709	23 
710	3 
711	19 
712	30 
713	17 
714	32 
715	4 
716	10 
717	26 
718	17 
719	26 
720	3 
721	4 
722	18 
723	17 
724	1 
725	34 
726	3 
727	20 
728	20 
729	3 
730	34 
731	2 
732	23 
733	5 
734	30 
735	21 
736	5 
737	20 
738	32 
739	10 
740	32 
741	3 
742	20 
743	31 
744	4 
745	30 
746	23 
747	32 
748	4 
749	20 
750	12 
751	30 
752	33 
753	10 
754	1 
755	12 
756	9 
757	31 
758	12 
759	34 
760	9 
761	26 
762	18 
763	2 
764	17 
765	9 
766	19 
767	9 
768	19 
769	23 
770	2 
771	9 
772	26 
773	1 
774	32 
775	4 
776	23 
777	5 
778	9 
779	23 
780	21 
781	10 
782	3 
783	19 
784	23 
785	17 
786	10 
787	10 
788	2 
789	4 
790	18 
791	4 
792	26 
793	1 
794	27 
795	26 
796	30 
797	19 
798	17 
799	20 
800	30 
801	23 
802	32 
803	27 
804	32 
805	17 
806	20 
807	1 
808	2 
809	10 
810	34 
811	26 
812	30 
813	17 
814	18 
815	30 
816	20 
817	27 
818	27 
819	3 
820	31 
821	31 
822	32 
823	20 
824	17 
825	3 
826	12 
827	2 
828	4 
829	1 
830	17 
831	34 
832	3 
833	31 
834	30 
835	10 
836	30 
837	32 
838	32 
839	21 
840	3 
841	9 
842	19 
843	1 
844	2 
845	9 
846	26 
847	21 
848	17 
849	32 
850	18 
851	23 
852	34 
853	12 
854	31 
855	26 
856	9 
857	23 
858	31 
859	1 
860	27 
861	32 
862	9 
863	26 
864	4 
865	23 
866	12 
867	12 
868	32 
869	30 
870	2 
871	31 
872	10 
873	9 
874	4 
875	12 
876	21 
877	23 
878	9 
879	21 
880	20 
881	30 
882	3 
883	12 
884	4 
885	4 
886	20 
887	30 
888	26 
889	20 
890	26 
891	10 
892	34 
893	12 
894	23 
895	26 
896	17 
897	30 
898	9 
899	12 
900	12 
901	2 
902	12 
903	23 
904	9 
905	9 
906	9 
907	31 
908	17 
909	9 
910	31 
911	12 
912	32 
913	31 
914	9 
915	3 
916	26 
917	9 
918	9 
919	17 
920	12 
921	17 
922	12 
923	32 
924	9 
925	23 
926	12 
927	23 
928	3 
929	12 
930	3 
931	2 
932	32 
933	2 
934	30 
935	23 
936	31 
937	30 
938	3 
939	23 
940	2 
941	9 
942	30 
943	32 
944	2 
945	30 
946	34 
947	9 
948	12 
949	2 
950	32 
951	12 
952	32 
953	2 
954	31 
955	1 
956	12 
957	26 
958	34 
959	20 
960	1 
961	23 
962	30 
963	31 
964	2 
965	34 
966	23 
967	30 
968	12 
969	9 
970	9 
971	3 
972	2 
973	12 
974	20 
975	12 
976	32 
977	2 
978	23 
979	9 
980	34 
981	32 
982	2 
983	1 
984	3 
985	9 
986	3 
987	26 
988	9 
989	2 
990	2 
991	3 
992	1 
993	3 
994	2 
995	2 
996	26 
997	1 
998	2 
999	3 
1000	23 
