1	32
2	20
3	24
4	13
5	13
6	18
7	4
8	13
9	5
10	5
11	38
12	10
13	14
14	5
15	5
16	15
17	10
18	2
19	27
20	9
21	13
22	11
23	29
24	17
25	18
26	5
27	20
28	29
29	31
30	15
31	4
32	8
33	8
34	1
35	5
36	5
37	39
38	29
39	23
40	37
41	14
42	28
43	8
44	14
45	25
46	15
47	27
48	17
49	12
50	32
51	33
52	23
53	6
54	18
55	7
56	3
57	39
58	7
59	6
60	5
61	28
62	35
63	5
64	8
65	22
66	17
67	4
68	27
69	10
70	36
71	12
72	18
73	24
74	16
75	15
76	8
77	23
78	2
79	25
80	13
81	22
82	27
83	37
84	10
85	35
86	13
87	10
88	18
89	5
90	11
91	4
92	23
93	31
94	20
95	8
96	15
97	33
98	35
99	18
100	24
101	10
102	8
103	13
104	6
105	21
106	17
107	25
108	13
109	2
110	15
111	24
112	38
113	18
114	10
115	26
116	13
117	38
118	10
119	22
120	36
121	35
122	15
123	29
124	30
125	10
126	33
127	21
128	20
129	3
130	8
131	30
132	1
133	38
134	8
135	15
136	8
137	11
138	18
139	10
140	37
141	24
142	10
143	16
144	27
145	13
146	23
147	36
148	33
149	15
150	36
151	20
152	36
153	18
154	5
155	13
156	12
157	15
158	18
159	27
160	13
161	22
162	20
163	15
164	5
165	10
166	22
167	6
168	5
169	33
170	19
171	5
172	37
173	23
174	29
175	36
176	15
177	28
178	36
179	15
180	18
181	3
182	8
183	2
184	6
185	11
186	18
187	36
188	33
189	25
190	37
191	22
192	21
193	1
194	15
195	4
196	5
197	5
198	15
199	10
200	37
201	25
202	13
203	31
204	25
205	29
206	18
207	23
208	4
209	31
210	13
211	31
212	28
213	3
214	4
215	26
216	5
217	5
218	12
219	27
220	13
221	13
222	6
223	1
224	14
225	27
226	36
227	13
228	38
229	8
230	4
231	10
232	4
233	6
234	33
235	36
236	7
237	31
238	20
239	36
240	17
241	30
242	29
243	8
244	20
245	5
246	19
247	9
248	8
249	28
250	8
251	5
252	5
253	22
254	7
255	22
256	31
257	17
258	11
259	37
260	18
261	4
262	7
263	5
264	14
265	35
266	11
267	31
268	25
269	25
270	5
271	13
272	12
273	6
274	36
275	25
276	8
277	1
278	36
279	10
280	32
281	20
282	22
283	39
284	18
285	13
286	10
287	15
288	16
289	10
290	26
291	8
292	15
293	4
294	23
295	28
296	31
297	25
298	32
299	18
300	36
301	13
302	24
303	25
304	32
305	17
306	36
307	33
308	22
309	24
310	24
311	15
312	10
313	2
314	8
315	7
316	25
317	35
318	17
319	5
320	23
321	32
322	38
323	32
324	11
325	27
326	6
327	3
328	25
329	13
330	13
331	39
332	15
333	33
334	6
335	24
336	37
337	36
338	25
339	13
340	24
341	18
342	39
343	5
344	15
345	1
346	33
347	39
348	18
349	17
350	6
351	27
352	8
353	33
354	1
355	16
356	22
357	10
358	10
359	33
360	6
361	39
362	14
363	6
364	5
365	32
366	23
367	5
368	8
369	23
370	35
371	13
372	27
373	36
374	27
375	18
376	13
377	10
378	20
379	15
380	13
381	6
382	23
383	6
384	2
385	26
386	8
387	25
388	25
389	31
390	4
391	1
392	15
393	13
394	21
395	13
396	30
397	14
398	38
399	18
400	7
401	16
402	24
403	16
404	1
405	7
406	10
407	13
408	14
409	30
410	16
411	30
412	30
413	1
414	23
415	10
416	33
417	14
418	11
419	33
420	13
421	5
422	13
423	15
424	35
425	17
426	17
427	32
428	23
429	29
430	9
431	24
432	26
433	17
434	26
435	28
436	39
437	37
438	2
439	13
440	4
441	12
442	6
443	3
444	13
445	25
446	35
447	10
448	8
449	35
450	3
451	4
452	14
453	5
454	39
455	24
456	30
457	37
458	13
459	20
460	8
461	21
462	4
463	9
464	28
465	10
466	13
467	25
468	18
469	31
470	10
471	33
472	15
473	9
474	15
475	19
476	23
477	32
478	6
479	5
480	10
481	3
482	23
483	25
484	1
485	29
486	8
487	10
488	33
489	1
490	5
491	27
492	19
493	27
494	10
495	1
496	3
497	8
498	36
499	7
500	26
501	35
502	8
503	33
504	25
505	11
506	31
507	3
508	36
509	7
510	11
511	37
512	37
513	37
514	36
515	15
516	25
517	13
518	3
519	22
520	38
521	37
522	8
523	21
524	4
525	4
526	10
527	27
528	33
529	33
530	27
531	24
532	15
533	36
534	3
535	39
536	26
537	7
538	33
539	38
540	13
541	30
542	17
543	13
544	17
545	32
546	14
547	2
548	32
549	4
550	3
551	13
552	1
553	23
554	5
555	2
556	12
557	13
558	5
559	32
560	18
561	18
562	27
563	20
564	25
565	36
566	19
567	13
568	23
569	4
570	9
571	13
572	16
573	11
574	39
575	11
576	2
577	13
578	16
579	1
580	7
581	20
582	25
583	15
584	6
585	7
586	1
587	8
588	31
589	2
590	5
591	33
592	19
593	37
594	25
595	22
596	19
597	36
598	24
599	3
600	14
601	26
602	31
603	32
604	32
605	26
606	31
607	27
608	32
609	8
610	20
611	15
612	21
613	10
614	38
615	36
616	23
617	33
618	27
619	17
620	23
621	20
622	8
623	5
624	22
625	27
626	8
627	10
628	1
629	18
630	4
631	28
632	20
633	32
634	10
635	15
636	37
637	4
638	37
639	32
640	9
641	8
642	8
643	5
644	19
645	15
646	8
647	17
648	5
649	14
650	16
651	25
652	18
653	12
654	20
655	35
656	15
657	11
658	29
659	5
660	35
661	20
662	2
663	6
664	15
665	30
666	15
667	3
668	5
669	13
670	18
671	11
672	17
673	25
674	37
675	27
676	30
677	38
678	19
679	3
680	23
681	5
682	39
683	21
684	33
685	25
686	5
687	11
688	31
689	15
690	12
691	35
692	38
693	16
694	33
695	19
696	18
697	26
698	19
699	22
700	3
701	24
702	4
703	6
704	5
705	26
706	21
707	21
708	24
709	2
710	15
711	5
712	7
713	4
714	36
715	14
716	32
717	37
718	3
719	5
720	20
721	17
722	29
723	22
724	15
725	32
726	27
727	9
728	14
729	36
730	15
731	15
732	20
733	35
734	29
735	39
736	38
737	29
738	39
739	25
740	5
741	29
742	8
743	35
744	5
745	39
746	6
747	21
748	10
749	29
750	15
751	27
752	29
753	17
754	27
755	33
756	12
757	5
758	37
759	11
760	29
761	11
762	37
763	15
764	25
765	36
766	18
767	16
768	5
769	7
770	30
771	31
772	32
773	38
774	1
775	38
776	20
777	24
778	38
779	4
780	29
781	29
782	25
783	14
784	7
785	30
786	9
787	24
788	32
789	26
790	8
791	25
792	29
793	16
794	6
795	15
796	14
797	23
798	35
799	29
800	21
801	3
802	25
803	4
804	29
805	19
806	6
807	13
808	1
809	30
810	3
811	29
812	30
813	37
814	28
815	24
816	39
817	3
818	5
819	11
820	10
821	24
822	30
823	33
824	22
825	32
826	23
827	14
828	13
829	17
830	1
831	11
832	25
833	13
834	36
835	15
836	15
837	3
838	33
839	24
840	6
841	15
842	32
843	24
844	8
845	2
846	33
847	4
848	22
849	19
850	37
851	1
852	8
853	23
854	35
855	33
856	35
857	26
858	22
859	25
860	35
861	33
862	32
863	28
864	23
865	38
866	5
867	31
868	19
869	32
870	15
871	37
872	22
873	29
874	37
875	38
876	12
877	6
878	20
879	28
880	7
881	4
882	31
883	26
884	21
885	39
886	31
887	9
888	29
889	28
890	19
891	3
892	11
893	22
894	4
895	32
896	28
897	26
898	24
899	21
900	29
901	3
902	0
903	33
904	7
905	12
906	24
907	8
908	11
909	4
910	22
911	9
912	24
913	37
914	35
915	39
916	19
917	11
918	15
919	30
920	28
921	9
922	7
923	4
924	28
925	29
926	28
927	2
928	13
929	26
930	31
931	13
932	29
933	26
934	35
935	21
936	22
937	14
938	18
939	11
940	34
941	27
942	20
943	29
944	32
945	15
946	35
947	32
948	3
949	31
950	16
951	25
952	30
953	3
954	16
955	1
956	25
957	4
958	17
959	10
960	3
961	30
962	37
963	37
964	23
965	25
966	23
967	25
968	8
969	16
970	10
971	13
972	39
973	27
974	20
975	12
976	27
977	31
978	29
979	33
980	3
981	35
982	37
983	11
984	22
985	2
986	29
987	40
988	37
989	6
990	32
991	24
992	25
993	12
994	19
995	15
996	7
997	25
998	10
999	21
1000	37
