1	25
2	29
3	10
4	22
5	15
6	33
7	21
8	30
9	12
10	37
11	14
12	2
13	6
14	10
15	34
16	34
17	10
18	26
19	6
20	14
21	9
22	35
23	11
24	21
25	25
26	3
27	32
28	7
29	37
30	33
31	29
32	33
33	9
34	33
35	18
36	2
37	2
38	34
39	29
40	2
41	25
42	34
43	2
44	26
45	29
46	26
47	10
48	0
49	35
50	22
51	39
52	6
53	6
54	35
55	14
56	27
57	33
58	14
59	31
60	1
61	39
62	35
63	32
64	10
65	4
66	20
67	30
68	33
69	3
70	1
71	19
72	36
73	10
74	8
75	33
76	0
77	10
78	25
79	15
80	11
81	2
82	0
83	3
84	35
85	38
86	0
87	33
88	19
89	27
90	25
91	30
92	2
93	34
94	0
95	4
96	3
97	34
98	19
99	11
100	30
101	33
102	7
103	26
104	35
105	11
106	34
107	35
108	15
109	16
110	12
111	35
112	27
113	4
114	23
115	8
116	10
117	2
118	26
119	34
120	29
121	14
122	0
123	31
124	35
125	25
126	19
127	23
128	26
129	2
130	18
131	0
132	0
133	18
134	0
135	2
136	35
137	11
138	33
139	11
140	24
141	35
142	6
143	9
144	19
145	17
146	35
147	39
148	36
149	4
150	6
151	7
152	15
153	35
154	30
155	15
156	35
157	14
158	8
159	11
160	12
161	36
162	2
163	8
164	9
165	36
166	36
167	4
168	34
169	8
170	33
171	5
172	38
173	30
174	23
175	22
176	38
177	38
178	2
179	34
180	2
181	36
182	32
183	10
184	2
185	31
186	17
187	35
188	8
189	22
190	2
191	33
192	16
193	33
194	36
195	3
196	3
197	38
198	25
199	0
200	34
201	6
202	26
203	3
204	21
205	39
206	39
207	35
208	15
209	7
210	4
211	4
212	19
213	20
214	32
215	19
216	31
217	26
218	23
219	4
220	38
221	35
222	10
223	33
224	26
225	30
226	22
227	39
228	36
229	13
230	13
231	30
232	12
233	6
234	35
235	2
236	39
237	10
238	17
239	16
240	27
241	2
242	26
243	24
244	0
245	34
246	27
247	15
248	13
249	33
250	10
251	38
252	12
253	9
254	26
255	10
256	35
257	33
258	30
259	29
260	35
261	17
262	2
263	35
264	33
265	10
266	9
267	13
268	8
269	9
270	6
271	3
272	11
273	31
274	25
275	33
276	1
277	33
278	0
279	33
280	34
281	35
282	33
283	3
284	13
285	3
286	38
287	2
288	25
289	33
290	25
291	23
292	23
293	9
294	2
295	35
296	18
297	33
298	8
299	17
300	14
301	36
302	33
303	8
304	25
305	33
306	0
307	24
308	10
309	2
310	3
311	29
312	7
313	33
314	27
315	7
316	8
317	15
318	10
319	20
320	3
321	32
322	15
323	5
324	32
325	20
326	24
327	25
328	29
329	16
330	3
331	7
332	0
333	18
334	11
335	25
336	33
337	18
338	2
339	33
340	15
341	35
342	26
343	31
344	17
345	33
346	35
347	16
348	7
349	33
350	30
351	32
352	33
353	33
354	35
355	38
356	33
357	33
358	2
359	3
360	2
361	23
362	25
363	26
364	13
365	12
366	38
367	25
368	2
369	29
370	29
371	34
372	35
373	3
374	15
375	15
376	38
377	15
378	38
379	4
380	7
381	2
382	18
383	21
384	34
385	25
386	12
387	39
388	30
389	11
390	25
391	21
392	15
393	7
394	10
395	19
396	2
397	33
398	38
399	36
400	15
401	11
402	32
403	3
404	15
405	0
406	3
407	33
408	9
409	34
410	23
411	21
412	8
413	9
414	13
415	8
416	35
417	8
418	3
419	33
420	15
421	39
422	20
423	33
424	25
425	20
426	18
427	33
428	30
429	12
430	0
431	33
432	31
433	31
434	33
435	33
436	31
437	14
438	7
439	30
440	35
441	11
442	2
443	0
444	33
445	30
446	0
447	25
448	3
449	18
450	33
451	21
452	21
453	33
454	10
455	4
456	4
457	9
458	39
459	36
460	21
461	15
462	35
463	38
464	18
465	8
466	35
467	13
468	22
469	33
470	32
471	20
472	35
473	4
474	10
475	23
476	10
477	22
478	24
479	5
480	19
481	29
482	14
483	31
484	27
485	10
486	20
487	17
488	8
489	21
490	35
491	9
492	39
493	33
494	27
495	0
496	13
497	22
498	11
499	11
500	14
501	26
502	8
503	26
504	21
505	2
506	2
507	32
508	26
509	0
510	1
511	21
512	29
513	36
514	20
515	0
516	9
517	38
518	38
519	6
520	5
521	10
522	2
523	32
524	32
525	18
526	10
527	37
528	26
529	33
530	2
531	9
532	8
533	5
534	34
535	2
536	33
537	21
538	1
539	17
540	3
541	29
542	22
543	18
544	5
545	10
546	19
547	4
548	31
549	2
550	13
551	2
552	12
553	39
554	25
555	10
556	14
557	14
558	30
559	33
560	16
561	9
562	26
563	36
564	18
565	39
566	22
567	10
568	6
569	31
570	20
571	21
572	33
573	35
574	21
575	9
576	2
577	2
578	36
579	6
580	17
581	11
582	2
583	13
584	0
585	23
586	14
587	19
588	7
589	39
590	34
591	38
592	35
593	35
594	31
595	18
596	33
597	15
598	15
599	33
600	3
601	23
602	31
603	11
604	0
605	26
606	6
607	12
608	8
609	0
610	25
611	9
612	7
613	37
614	25
615	16
616	20
617	38
618	2
619	38
620	3
621	13
622	1
623	19
624	14
625	39
626	25
627	17
628	33
629	2
630	20
631	17
632	4
633	4
634	10
635	34
636	33
637	18
638	33
639	19
640	35
641	36
642	13
643	34
644	0
645	8
646	35
647	25
648	0
649	5
650	25
651	4
652	19
653	26
654	2
655	11
656	23
657	8
658	37
659	31
660	38
661	20
662	12
663	32
664	2
665	32
666	3
667	18
668	11
669	25
670	26
671	36
672	31
673	18
674	32
675	14
676	21
677	32
678	4
679	36
680	24
681	14
682	18
683	3
684	3
685	29
686	13
687	15
688	23
689	36
690	8
691	19
692	3
693	9
694	29
695	23
696	29
697	30
698	25
699	0
700	11
701	14
702	0
703	9
704	38
705	10
706	8
707	36
708	7
709	10
710	7
711	20
712	6
713	35
714	30
715	33
716	35
717	36
718	36
719	24
720	1
721	27
722	23
723	39
724	24
725	4
726	33
727	30
728	35
729	30
730	2
731	15
732	15
733	1
734	12
735	23
736	13
737	1
738	11
739	33
740	10
741	36
742	15
743	24
744	4
745	0
746	32
747	33
748	35
749	9
750	35
751	8
752	17
753	18
754	36
755	4
756	5
757	33
758	2
759	21
760	10
761	36
762	24
763	7
764	27
765	27
766	27
767	32
768	3
769	13
770	15
771	33
772	39
773	19
774	33
775	35
776	3
777	20
778	8
779	26
780	17
781	13
782	8
783	26
784	26
785	23
786	12
787	31
788	2
789	0
790	8
791	3
792	25
793	2
794	7
795	11
796	26
797	6
798	2
799	25
800	4
801	13
802	12
803	27
804	4
805	8
806	6
807	15
808	12
809	19
810	35
811	33
812	19
813	25
814	34
815	11
816	4
817	25
818	8
819	19
820	3
821	33
822	3
823	15
824	3
825	7
826	2
827	27
828	19
829	18
830	23
831	25
832	26
833	14
834	36
835	25
836	13
837	38
838	17
839	39
840	33
841	3
842	4
843	39
844	18
845	10
846	27
847	10
848	31
849	30
850	31
851	5
852	30
853	16
854	10
855	25
856	34
857	38
858	39
859	9
860	14
861	20
862	23
863	21
864	15
865	18
866	3
867	6
868	34
869	15
870	13
871	26
872	18
873	23
874	17
875	19
876	12
877	8
878	22
879	15
880	38
881	35
882	0
883	5
884	32
885	33
886	17
887	3
888	27
889	36
890	25
891	38
892	23
893	26
894	18
895	2
896	20
897	12
898	7
899	39
900	35
901	3
902	9
903	21
904	9
905	3
906	38
907	38
908	37
909	19
910	17
911	3
912	8
913	14
914	0
915	13
916	23
917	11
918	4
919	10
920	14
921	24
922	2
923	31
924	26
925	34
926	2
927	10
928	23
929	2
930	16
931	7
932	22
933	39
934	19
935	10
936	39
937	31
938	16
939	14
940	33
941	38
942	22
943	27
944	13
945	18
946	19
947	33
948	31
949	36
950	11
951	8
952	31
953	2
954	10
955	36
956	21
957	26
958	6
959	39
960	39
961	25
962	15
963	10
964	26
965	26
966	31
967	33
968	19
969	2
970	22
971	35
972	24
973	20
974	2
975	4
976	16
977	18
978	16
979	19
980	18
981	6
982	12
983	28
984	0
985	2
986	14
987	23
988	8
989	12
990	27
991	26
992	26
993	2
994	23
995	37
996	26
997	18
998	33
999	4
1000	17
