1	12
2	12
3	8
4	27
5	6
6	29
7	39
8	29
9	10
10	12
11	32
12	28
13	25
14	4
15	24
16	31
17	16
18	4
19	18
20	2
21	22
22	3
23	35
24	0
25	30
26	36
27	6
28	30
29	8
30	13
31	10
32	33
33	29
34	5
35	25
36	35
37	18
38	9
39	26
40	26
41	35
42	6
43	35
44	10
45	29
46	35
47	20
48	35
49	9
50	13
51	15
52	30
53	26
54	25
55	6
56	10
57	11
58	4
59	1
60	0
61	35
62	20
63	15
64	1
65	23
66	35
67	33
68	34
69	9
70	4
71	17
72	18
73	35
74	13
75	24
76	28
77	1
78	3
79	35
80	18
81	12
82	24
83	35
84	10
85	6
86	37
87	2
88	11
89	6
90	28
91	26
92	25
93	9
94	8
95	3
96	16
97	8
98	35
99	8
100	4
101	6
102	4
103	13
104	0
105	23
106	35
107	33
108	2
109	6
110	36
111	36
112	24
113	12
114	35
115	22
116	12
117	36
118	31
119	33
120	25
121	8
122	13
123	35
124	39
125	12
126	24
127	27
128	34
129	1
130	35
131	28
132	27
133	6
134	12
135	13
136	0
137	35
138	35
139	30
140	33
141	26
142	35
143	11
144	4
145	32
146	17
147	35
148	10
149	28
150	31
151	0
152	30
153	20
154	28
155	33
156	1
157	14
158	22
159	30
160	17
161	29
162	8
163	35
164	3
165	10
166	13
167	33
168	35
169	6
170	38
171	36
172	1
173	13
174	25
175	0
176	17
177	4
178	1
179	1
180	34
181	33
182	35
183	12
184	1
185	35
186	1
187	16
188	33
189	10
190	11
191	29
192	30
193	20
194	4
195	35
196	36
197	33
198	18
199	18
200	24
201	6
202	12
203	10
204	24
205	20
206	34
207	2
208	0
209	26
210	20
211	36
212	32
213	35
214	17
215	36
216	15
217	30
218	8
219	11
220	6
221	28
222	39
223	24
224	14
225	35
226	29
227	39
228	22
229	26
230	5
231	28
232	4
233	26
234	39
235	37
236	7
237	24
238	26
239	17
240	20
241	35
242	12
243	6
244	30
245	28
246	11
247	6
248	0
249	17
250	30
251	10
252	5
253	38
254	27
255	30
256	12
257	34
258	20
259	35
260	12
261	0
262	28
263	29
264	28
265	6
266	13
267	36
268	23
269	33
270	26
271	5
272	38
273	17
274	16
275	27
276	0
277	35
278	13
279	26
280	5
281	7
282	10
283	27
284	4
285	6
286	26
287	15
288	33
289	8
290	14
291	0
292	3
293	20
294	20
295	12
296	26
297	12
298	30
299	11
300	27
301	28
302	17
303	9
304	32
305	34
306	7
307	34
308	27
309	11
310	35
311	6
312	6
313	6
314	14
315	13
316	35
317	26
318	6
319	6
320	28
321	4
322	12
323	38
324	4
325	9
326	35
327	2
328	35
329	13
330	15
331	1
332	35
333	34
334	5
335	0
336	1
337	17
338	33
339	22
340	23
341	0
342	28
343	28
344	27
345	36
346	13
347	35
348	24
349	4
350	6
351	0
352	2
353	38
354	23
355	26
356	8
357	18
358	2
359	35
360	3
361	26
362	13
363	3
364	0
365	29
366	18
367	14
368	5
369	35
370	18
371	6
372	22
373	26
374	17
375	4
376	31
377	36
378	6
379	3
380	39
381	35
382	35
383	32
384	8
385	24
386	35
387	12
388	14
389	35
390	18
391	29
392	0
393	22
394	28
395	23
396	17
397	6
398	13
399	6
400	27
401	7
402	38
403	3
404	17
405	35
406	17
407	38
408	29
409	20
410	37
411	26
412	11
413	35
414	39
415	22
416	18
417	8
418	23
419	8
420	34
421	39
422	4
423	31
424	35
425	4
426	35
427	17
428	30
429	11
430	27
431	13
432	35
433	33
434	13
435	37
436	33
437	4
438	12
439	35
440	26
441	5
442	32
443	38
444	13
445	6
446	35
447	3
448	26
449	36
450	35
451	28
452	33
453	35
454	27
455	17
456	14
457	28
458	23
459	15
460	0
461	17
462	8
463	3
464	17
465	17
466	36
467	6
468	6
469	36
470	26
471	30
472	23
473	38
474	3
475	36
476	6
477	16
478	39
479	29
480	36
481	36
482	6
483	13
484	14
485	33
486	32
487	33
488	30
489	20
490	35
491	33
492	31
493	35
494	4
495	36
496	13
497	1
498	5
499	8
500	26
501	38
502	12
503	33
504	37
505	31
506	34
507	39
508	35
509	22
510	7
511	1
512	36
513	36
514	24
515	31
516	8
517	1
518	30
519	24
520	36
521	0
522	6
523	8
524	9
525	27
526	31
527	4
528	13
529	3
530	33
531	2
532	3
533	37
534	2
535	27
536	30
537	35
538	30
539	2
540	2
541	32
542	4
543	6
544	0
545	34
546	4
547	15
548	12
549	30
550	9
551	3
552	27
553	12
554	0
555	12
556	0
557	16
558	13
559	12
560	36
561	11
562	2
563	0
564	18
565	30
566	37
567	25
568	4
569	8
570	13
571	2
572	31
573	31
574	23
575	28
576	9
577	5
578	6
579	17
580	35
581	18
582	6
583	22
584	12
585	23
586	37
587	29
588	18
589	28
590	37
591	17
592	17
593	12
594	26
595	28
596	22
597	33
598	11
599	31
600	35
601	33
602	29
603	3
604	5
605	6
606	29
607	15
608	33
609	33
610	17
611	4
612	8
613	6
614	39
615	12
616	14
617	3
618	0
619	14
620	37
621	13
622	13
623	24
624	17
625	23
626	13
627	12
628	32
629	35
630	24
631	14
632	33
633	25
634	1
635	17
636	9
637	10
638	36
639	25
640	26
641	29
642	15
643	9
644	4
645	5
646	35
647	7
648	4
649	30
650	20
651	0
652	15
653	30
654	13
655	35
656	4
657	36
658	33
659	17
660	37
661	27
662	29
663	28
664	13
665	1
666	13
667	29
668	28
669	5
670	4
671	26
672	24
673	4
674	23
675	38
676	20
677	30
678	27
679	26
680	3
681	39
682	4
683	37
684	33
685	18
686	9
687	22
688	36
689	17
690	11
691	34
692	18
693	22
694	18
695	15
696	3
697	12
698	17
699	18
700	20
701	31
702	26
703	23
704	13
705	26
706	11
707	27
708	17
709	23
710	29
711	12
712	16
713	11
714	13
715	25
716	17
717	17
718	29
719	29
720	12
721	23
722	26
723	29
724	4
725	28
726	25
727	6
728	11
729	3
730	31
731	4
732	29
733	17
734	13
735	29
736	6
737	39
738	29
739	9
740	24
741	37
742	34
743	1
744	12
745	5
746	14
747	16
748	17
749	8
750	14
751	28
752	10
753	20
754	5
755	33
756	8
757	24
758	15
759	29
760	28
761	8
762	5
763	13
764	7
765	4
766	13
767	9
768	10
769	28
770	29
771	31
772	38
773	36
774	23
775	18
776	34
777	10
778	31
779	5
780	33
781	13
782	18
783	27
784	25
785	38
786	33
787	17
788	17
789	28
790	38
791	4
792	7
793	12
794	37
795	9
796	34
797	16
798	7
799	30
800	5
801	17
802	29
803	38
804	38
805	17
806	1
807	10
808	23
809	33
810	24
811	37
812	6
813	18
814	31
815	29
816	26
817	14
818	26
819	16
820	39
821	2
822	12
823	34
824	25
825	2
826	6
827	3
828	17
829	39
830	37
831	39
832	23
833	7
834	24
835	4
836	18
837	25
838	32
839	34
840	30
841	30
842	9
843	30
844	7
845	8
846	29
847	8
848	17
849	24
850	0
851	12
852	18
853	20
854	8
855	39
856	30
857	4
858	9
859	34
860	23
861	9
862	36
863	3
864	4
865	25
866	38
867	30
868	0
869	38
870	29
871	37
872	35
873	6
874	10
875	1
876	12
877	8
878	15
879	12
880	11
881	6
882	6
883	0
884	24
885	38
886	6
887	8
888	24
889	30
890	23
891	8
892	30
893	1
894	3
895	9
896	6
897	22
898	18
899	4
900	8
901	27
902	0
903	25
904	34
905	10
906	13
907	15
908	9
909	3
910	17
911	14
912	21
913	24
914	0
915	38
916	11
917	28
918	29
919	34
920	29
921	22
922	11
923	6
924	32
925	32
926	39
927	3
928	31
929	29
930	22
931	33
932	23
933	6
934	12
935	6
936	2
937	38
938	30
939	11
940	29
941	14
942	6
943	31
944	20
945	11
946	25
947	10
948	3
949	8
950	6
951	34
952	30
953	26
954	38
955	33
956	17
957	8
958	29
959	31
960	23
961	25
962	17
963	24
964	39
965	35
966	32
967	30
968	23
969	13
970	14
971	12
972	6
973	10
974	28
975	17
976	3
977	25
978	37
979	7
980	8
981	14
982	32
983	15
984	29
985	4
986	1
987	2
988	29
989	16
990	6
991	25
992	4
993	29
994	29
995	19
996	13
997	18
998	1
999	17
1000	9
