1	20
2	27
3	2
4	10
5	18
6	23
7	1
8	7
9	2
10	6
11	26
12	32
13	25
14	6
15	25
16	23
17	34
18	3
19	23
20	24
21	16
22	0
23	25
24	5
25	22
26	1
27	33
28	18
29	6
30	2
31	27
32	3
33	27
34	33
35	11
36	21
37	23
38	15
39	12
40	20
41	17
42	18
43	14
44	21
45	6
46	36
47	11
48	32
49	16
50	33
51	19
52	29
53	7
54	2
55	10
56	26
57	24
58	19
59	19
60	5
61	7
62	18
63	36
64	9
65	31
66	34
67	5
68	14
69	24
70	32
71	13
72	33
73	25
74	0
75	14
76	34
77	8
78	25
79	28
80	25
81	21
82	28
83	33
84	29
85	2
86	4
87	33
88	30
89	25
90	23
91	19
92	7
93	8
94	0
95	0
96	16
97	30
98	3
99	9
100	32
101	25
102	11
103	28
104	5
105	30
106	34
107	22
108	33
109	29
110	33
111	27
112	34
113	3
114	31
115	10
116	6
117	13
118	36
119	17
120	17
121	35
122	26
123	1
124	14
125	18
126	34
127	1
128	33
129	13
130	18
131	18
132	0
133	35
134	27
135	23
136	21
137	11
138	28
139	19
140	10
141	8
142	27
143	28
144	10
145	14
146	19
147	4
148	27
149	28
150	22
151	24
152	32
153	27
154	24
155	34
156	28
157	30
158	19
159	36
160	36
161	23
162	35
163	16
164	27
165	7
166	34
167	0
168	9
169	11
170	26
171	27
172	13
173	11
174	5
175	2
176	17
177	9
178	18
179	17
180	23
181	28
182	4
183	25
184	16
185	13
186	10
187	9
188	14
189	5
190	21
191	28
192	21
193	21
194	27
195	5
196	1
197	2
198	8
199	25
200	3
201	29
202	10
203	31
204	27
205	0
206	30
207	18
208	33
209	4
210	12
211	30
212	1
213	3
214	12
215	6
216	12
217	2
218	7
219	22
220	33
221	10
222	25
223	29
224	0
225	24
226	26
227	34
228	7
229	34
230	24
231	10
232	23
233	26
234	34
235	22
236	24
237	14
238	10
239	16
240	14
241	18
242	23
243	3
244	23
245	24
246	22
247	13
248	34
249	22
250	35
251	33
252	29
253	7
254	19
255	9
256	29
257	17
258	2
259	32
260	8
261	12
262	4
263	23
264	31
265	10
266	32
267	11
268	29
269	5
270	29
271	3
272	28
273	30
274	3
275	14
276	0
277	18
278	18
279	9
280	18
281	16
282	3
283	4
284	12
285	33
286	31
287	35
288	32
289	21
290	2
291	5
292	23
293	7
294	22
295	0
296	16
297	13
298	21
299	2
300	20
301	16
302	19
303	30
304	1
305	0
306	10
307	3
308	36
309	17
310	30
311	17
312	21
313	10
314	28
315	35
316	8
317	31
318	19
319	9
320	5
321	29
322	13
323	1
324	8
325	36
326	5
327	1
328	6
329	8
330	2
331	2
332	11
333	34
334	34
335	19
336	11
337	16
338	23
339	17
340	4
341	5
342	4
343	6
344	0
345	14
346	2
347	3
348	6
349	10
350	6
351	25
352	30
353	12
354	35
355	31
356	13
357	6
358	17
359	12
360	25
361	29
362	3
363	31
364	17
365	26
366	2
367	1
368	26
369	14
370	4
371	30
372	28
373	28
374	24
375	1
376	12
377	25
378	16
379	9
380	5
381	14
382	36
383	26
384	23
385	2
386	35
387	16
388	28
389	8
390	11
391	6
392	7
393	28
394	22
395	4
396	17
397	18
398	4
399	8
400	5
401	8
402	35
403	11
404	3
405	0
406	2
407	25
408	9
409	21
410	15
411	1
412	5
413	17
414	5
415	8
416	11
417	26
418	7
419	22
420	18
421	14
422	13
423	4
424	36
425	20
426	31
427	16
428	3
429	26
430	19
431	26
432	6
433	2
434	8
435	35
436	2
437	19
438	9
439	35
440	2
441	32
442	14
443	18
444	2
445	21
446	13
447	29
448	12
449	4
450	16
451	8
452	32
453	21
454	18
455	32
456	1
457	35
458	8
459	7
460	22
461	32
462	9
463	36
464	16
465	18
466	16
467	26
468	35
469	2
470	6
471	12
472	22
473	0
474	9
475	1
476	5
477	12
478	22
479	11
480	25
481	11
482	30
483	18
484	30
485	4
486	29
487	29
488	29
489	19
490	15
491	21
492	24
493	4
494	17
495	35
496	35
497	26
498	8
499	32
500	30
501	9
502	29
503	31
504	18
505	22
506	17
507	36
508	3
509	6
510	31
511	31
512	11
513	0
514	8
515	3
516	30
517	6
518	11
519	35
520	3
521	30
522	13
523	22
524	18
525	31
526	26
527	21
528	0
529	8
530	3
531	14
532	31
533	24
534	25
535	0
536	26
537	14
538	16
539	0
540	19
541	15
542	24
543	2
544	20
545	32
546	25
547	31
548	36
549	16
550	24
551	18
552	22
553	31
554	32
555	36
556	3
557	31
558	4
559	6
560	21
561	9
562	17
563	12
564	15
565	26
566	17
567	30
568	26
569	25
570	31
571	14
572	25
573	19
574	26
575	30
576	4
577	22
578	14
579	12
580	17
581	11
582	22
583	19
584	2
585	25
586	8
587	19
588	13
589	8
590	11
591	1
592	24
593	12
594	19
595	30
596	9
597	26
598	6
599	15
600	6
601	32
602	16
603	19
604	20
605	1
606	6
607	12
608	13
609	36
610	9
611	21
612	20
613	35
614	29
615	22
616	11
617	11
618	7
619	13
620	26
621	29
622	26
623	18
624	13
625	11
626	21
627	16
628	11
629	35
630	24
631	30
632	18
633	35
634	20
635	4
636	4
637	31
638	4
639	35
640	35
641	4
642	35
643	36
644	7
645	1
646	14
647	11
648	31
649	32
650	21
651	29
652	20
653	22
654	22
655	18
656	13
657	30
658	16
659	19
660	31
661	16
662	8
663	6
664	13
665	21
666	31
667	19
668	29
669	25
670	18
671	30
672	17
673	6
674	7
675	1
676	17
677	29
678	16
679	29
680	21
681	8
682	12
683	14
684	14
685	21
686	7
687	12
688	13
689	24
690	1
691	16
692	9
693	9
694	6
695	12
696	35
697	21
698	14
699	17
700	22
701	1
702	7
703	12
704	9
705	14
706	26
707	9
708	4
709	36
710	17
711	12
712	16
713	12
714	15
715	14
716	2
717	13
718	1
719	4
720	19
721	1
722	26
723	36
724	2
725	22
726	29
727	29
728	13
729	22
730	24
731	29
732	9
733	9
734	12
735	32
736	9
737	17
738	24
739	19
740	36
741	19
742	4
743	32
744	18
745	13
746	26
747	35
748	35
749	17
750	11
751	18
752	24
753	13
754	4
755	12
756	11
757	32
758	36
759	35
760	1
761	12
762	24
763	22
764	18
765	29
766	24
767	32
768	36
769	13
770	16
771	18
772	15
773	22
774	18
775	7
776	15
777	11
778	15
779	4
780	17
781	22
782	13
783	32
784	24
785	17
786	7
787	22
788	36
789	4
790	7
791	4
792	13
793	1
794	9
795	11
796	17
797	20
798	9
799	15
800	36
801	7
802	13
803	9
804	16
805	24
806	7
807	13
808	12
809	24
810	7
811	4
812	1
813	8
814	9
815	7
816	11
817	12
818	8
819	1
820	20
821	9
822	1
823	8
824	12
825	8
826	4
827	36
828	8
829	1
830	1
831	15
832	12
833	15
834	36
835	11
836	9
837	1
838	16
839	36
840	7
841	7
842	18
843	4
844	36
845	24
846	16
847	16
848	7
849	9
850	7
851	4
852	32
853	7
854	4
855	18
856	7
857	36
858	1
859	18
860	20
861	16
862	24
863	8
864	16
865	15
866	1
867	32
868	32
869	7
870	24
871	16
872	20
873	36
874	36
875	36
876	8
877	36
878	24
879	7
880	36
881	15
882	15
883	20
884	8
885	18
886	24
887	15
888	32
889	7
890	36
891	7
892	32
893	36
894	36
895	32
896	24
897	24
898	24
899	24
900	7
901	7
902	32
903	18
904	8
905	32
906	8
907	18
908	20
909	20
910	15
911	8
912	24
913	32
914	24
915	24
916	32
917	8
918	8
919	32
920	8
921	20
922	20
923	20
924	20
925	8
926	32
927	24
928	32
929	15
930	24
931	8
932	32
933	32
934	20
935	15
936	8
937	32
938	20
939	20
940	8
941	15
942	20
943	32
944	20
945	15
946	15
947	15
948	20
949	32
950	32
951	20
952	15
953	15
954	20
955	20
956	15
957	15
958	20
959	15
960	20
961	20
962	20
963	15
964	15
965	15
966	20
967	20
968	15
969	20
970	15
971	20
972	20
973	15
974	20
975	15
976	15
977	20
978	20
979	20
980	20
981	15
982	15
983	20
984	15
985	15
986	20
987	20
988	20
989	20
990	20
991	15
992	15
993	15
994	15
995	15
996	15
997	15
998	15
999	15
1000	15
