1	29
2	11
3	21
4	2
5	35
6	11
7	9
8	8
9	16
10	25
11	33
12	19
13	6
14	10
15	13
16	9
17	11
18	30
19	18
20	9
21	24
22	29
23	25
24	20
25	25
26	25
27	24
28	21
29	10
30	17
31	2
32	8
33	7
34	16
35	28
36	2
37	8
38	21
39	5
40	12
41	32
42	36
43	25
44	34
45	6
46	32
47	10
48	22
49	2
50	33
51	2
52	10
53	33
54	33
55	10
56	1
57	30
58	35
59	5
60	22
61	27
62	13
63	24
64	9
65	23
66	15
67	34
68	29
69	36
70	28
71	29
72	23
73	23
74	17
75	27
76	23
77	32
78	2
79	35
80	18
81	20
82	8
83	18
84	28
85	18
86	36
87	36
88	17
89	25
90	19
91	28
92	26
93	28
94	15
95	34
96	12
97	36
98	15
99	21
100	15
101	14
102	31
103	28
104	36
105	32
106	4
107	24
108	2
109	7
110	5
111	21
112	15
113	26
114	36
115	36
116	17
117	0
118	32
119	30
120	34
121	20
122	15
123	11
124	5
125	9
126	8
127	17
128	28
129	1
130	30
131	14
132	12
133	4
134	29
135	4
136	8
137	35
138	0
139	0
140	31
141	16
142	29
143	34
144	31
145	17
146	28
147	20
148	31
149	22
150	4
151	6
152	14
153	18
154	27
155	30
156	18
157	26
158	21
159	12
160	5
161	26
162	3
163	5
164	30
165	3
166	0
167	4
168	35
169	4
170	25
171	2
172	22
173	21
174	12
175	31
176	25
177	6
178	20
179	36
180	6
181	11
182	30
183	1
184	23
185	3
186	23
187	36
188	29
189	1
190	16
191	1
192	0
193	27
194	23
195	15
196	26
197	12
198	1
199	20
200	5
201	33
202	19
203	1
204	31
205	21
206	10
207	27
208	28
209	34
210	1
211	3
212	22
213	36
214	33
215	14
216	36
217	28
218	31
219	11
220	33
221	33
222	17
223	5
224	31
225	12
226	0
227	26
228	26
229	12
230	33
231	23
232	4
233	3
234	33
235	15
236	25
237	19
238	6
239	9
240	8
241	12
242	15
243	9
244	18
245	21
246	2
247	22
248	16
249	24
250	25
251	6
252	10
253	10
254	28
255	16
256	10
257	32
258	32
259	2
260	28
261	26
262	1
263	20
264	22
265	18
266	11
267	33
268	18
269	32
270	7
271	7
272	13
273	26
274	24
275	5
276	28
277	10
278	24
279	29
280	0
281	25
282	15
283	23
284	13
285	0
286	1
287	1
288	33
289	9
290	5
291	18
292	0
293	13
294	24
295	25
296	22
297	23
298	11
299	21
300	5
301	29
302	7
303	30
304	13
305	13
306	24
307	1
308	32
309	4
310	1
311	21
312	24
313	7
314	5
315	24
316	32
317	1
318	34
319	4
320	15
321	25
322	26
323	27
324	26
325	31
326	27
327	29
328	3
329	9
330	9
331	12
332	25
333	32
334	6
335	23
336	23
337	21
338	24
339	29
340	6
341	7
342	8
343	4
344	2
345	34
346	4
347	5
348	10
349	32
350	9
351	27
352	2
353	5
354	30
355	0
356	31
357	16
358	11
359	4
360	19
361	14
362	14
363	32
364	26
365	26
366	31
367	30
368	19
369	32
370	24
371	11
372	12
373	35
374	30
375	13
376	20
377	29
378	24
379	21
380	15
381	7
382	13
383	14
384	21
385	6
386	8
387	12
388	2
389	11
390	8
391	9
392	17
393	34
394	33
395	22
396	22
397	35
398	22
399	23
400	26
401	18
402	34
403	26
404	19
405	10
406	6
407	22
408	18
409	14
410	35
411	29
412	23
413	7
414	14
415	2
416	3
417	17
418	31
419	4
420	18
421	24
422	10
423	20
424	2
425	7
426	20
427	16
428	24
429	4
430	15
431	0
432	33
433	35
434	27
435	29
436	34
437	23
438	4
439	15
440	14
441	17
442	35
443	8
444	23
445	26
446	31
447	31
448	31
449	18
450	4
451	13
452	27
453	19
454	34
455	3
456	27
457	10
458	27
459	10
460	7
461	10
462	27
463	18
464	31
465	30
466	6
467	9
468	22
469	8
470	12
471	33
472	19
473	21
474	35
475	20
476	21
477	2
478	15
479	13
480	27
481	26
482	8
483	19
484	30
485	16
486	30
487	33
488	6
489	9
490	0
491	34
492	29
493	13
494	19
495	18
496	3
497	14
498	6
499	20
500	31
501	27
502	11
503	10
504	14
505	27
506	33
507	0
508	17
509	3
510	14
511	0
512	10
513	12
514	31
515	31
516	9
517	21
518	18
519	12
520	32
521	27
522	30
523	12
524	30
525	8
526	31
527	0
528	10
529	34
530	8
531	32
532	20
533	33
534	33
535	29
536	3
537	34
538	18
539	11
540	29
541	30
542	15
543	29
544	34
545	13
546	6
547	13
548	35
549	20
550	22
551	32
552	0
553	16
554	22
555	6
556	0
557	3
558	7
559	32
560	34
561	22
562	8
563	17
564	9
565	22
566	31
567	13
568	13
569	15
570	17
571	10
572	18
573	35
574	14
575	14
576	35
577	30
578	8
579	20
580	13
581	3
582	21
583	22
584	20
585	8
586	9
587	21
588	22
589	32
590	8
591	22
592	15
593	17
594	16
595	3
596	9
597	6
598	20
599	33
600	17
601	35
602	16
603	8
604	17
605	14
606	20
607	21
608	30
609	8
610	33
611	20
612	31
613	12
614	34
615	3
616	13
617	33
618	32
619	9
620	33
621	3
622	9
623	8
624	6
625	16
626	7
627	18
628	32
629	3
630	20
631	16
632	35
633	16
634	0
635	19
636	34
637	15
638	6
639	22
640	32
641	14
642	35
643	11
644	22
645	35
646	20
647	21
648	35
649	19
650	22
651	17
652	0
653	33
654	3
655	35
656	22
657	31
658	14
659	13
660	19
661	3
662	21
663	35
664	12
665	33
666	21
667	6
668	21
669	13
670	32
671	17
672	6
673	34
674	16
675	8
676	35
677	33
678	18
679	14
680	17
681	3
682	32
683	17
684	0
685	16
686	0
687	14
688	14
689	33
690	21
691	11
692	19
693	19
694	12
695	10
696	12
697	17
698	13
699	18
700	18
701	32
702	14
703	19
704	22
705	17
706	14
707	3
708	19
709	33
710	18
711	15
712	11
713	0
714	17
715	12
716	0
717	10
718	16
719	15
720	11
721	35
722	34
723	35
724	15
725	13
726	8
727	13
728	22
729	7
730	15
731	12
732	16
733	13
734	7
735	19
736	16
737	13
738	19
739	34
740	21
741	15
742	31
743	19
744	14
745	7
746	12
747	7
748	17
749	19
750	31
751	35
752	9
753	33
754	9
755	16
756	9
757	33
758	32
759	18
760	3
761	13
762	13
763	3
764	12
765	9
766	10
767	22
768	14
769	17
770	17
771	7
772	3
773	13
774	10
775	16
776	34
777	9
778	22
779	9
780	14
781	14
782	16
783	17
784	34
785	12
786	12
787	35
788	15
789	21
790	9
791	16
792	15
793	13
794	22
795	3
796	19
797	8
798	3
799	9
800	3
801	21
802	3
803	22
804	11
805	17
806	22
807	8
808	3
809	7
810	9
811	10
812	11
813	12
814	8
815	13
816	8
817	14
818	19
819	3
820	17
821	11
822	22
823	16
824	3
825	14
826	12
827	8
828	17
829	19
830	8
831	8
832	8
833	33
834	11
835	34
836	9
837	11
838	19
839	13
840	12
841	3
842	21
843	34
844	10
845	13
846	10
847	7
848	34
849	8
850	7
851	34
852	12
853	7
854	11
855	11
856	10
857	33
858	21
859	11
860	21
861	8
862	13
863	12
864	10
865	10
866	8
867	16
868	21
869	10
870	34
871	21
872	22
873	33
874	12
875	3
876	12
877	3
878	8
879	7
880	34
881	11
882	19
883	19
884	22
885	33
886	3
887	10
888	11
889	11
890	7
891	19
892	34
893	7
894	19
895	3
896	7
897	7
898	10
899	7
900	34
901	11
902	11
903	22
904	10
905	34
906	19
907	3
908	10
909	22
910	11
911	22
912	19
913	16
914	19
915	10
916	11
917	10
918	16
919	10
920	11
921	11
922	7
923	19
924	19
925	34
926	16
927	19
928	7
929	11
930	19
931	19
932	19
933	11
934	11
935	34
936	34
937	34
938	19
939	19
940	34
941	11
942	11
943	34
944	34
945	11
946	34
947	19
948	19
949	34
950	7
951	34
952	11
953	16
954	7
955	19
956	34
957	11
958	11
959	11
960	7
961	16
962	16
963	16
964	7
965	19
966	7
967	16
968	16
969	7
970	7
971	16
972	16
973	7
974	16
975	16
976	7
977	7
978	16
979	16
980	7
981	7
982	16
983	7
984	16
985	16
986	7
987	7
988	7
989	16
990	7
991	7
992	7
993	7
994	16
995	16
996	7
997	16
998	16
999	16
1000	16
