1	0
2	0
3	0
4	0
5	14
6	0
7	0
8	0
9	0
10	0
11	0
12	0
13	0
14	0
15	29
16	0
17	15
18	0
19	0
20	0
21	22
22	0
23	11
24	28
25	20
26	0
27	0
28	0
29	0
30	0
31	14
32	28
33	25
34	0
35	0
36	29
37	0
38	28
39	29
40	11
41	0
42	33
43	11
44	0
45	28
46	0
47	0
48	0
49	18
50	0
51	0
52	0
53	0
54	8
55	28
56	27
57	2
58	15
59	0
60	0
61	0
62	22
63	11
64	0
65	6
66	0
67	0
68	0
69	29
70	18
71	25
72	0
73	0
74	0
75	28
76	0
77	0
78	0
79	19
80	14
81	7
82	3
83	23
84	0
85	14
86	0
87	0
88	0
89	0
90	0
91	0
92	4
93	27
94	25
95	20
96	0
97	0
98	16
99	12
100	0
101	34
102	15
103	9
104	0
105	28
106	23
107	1
108	9
109	6
110	0
111	0
112	0
113	0
114	6
115	12
116	10
117	30
118	17
119	1
120	0
121	0
122	0
123	0
124	0
125	9
126	5
127	0
128	12
129	21
130	0
131	0
132	22
133	0
134	0
135	0
136	13
137	0
138	0
139	0
140	2
141	13
142	0
143	0
144	0
145	0
146	29
147	0
148	10
149	9
150	0
151	33
152	5
153	0
154	0
155	9
156	17
157	0
158	0
159	9
160	0
161	20
162	0
163	0
164	33
165	34
166	17
167	0
168	0
169	27
170	0
171	0
172	0
173	0
174	0
175	8
176	33
177	0
178	22
179	6
180	0
181	0
182	10
183	28
184	1
185	0
186	15
187	0
188	0
189	0
190	19
191	0
192	0
193	2
194	8
195	25
196	2
197	34
198	0
199	0
200	12
201	23
202	0
203	2
204	25
205	0
206	21
207	0
208	0
209	0
210	21
211	10
212	33
213	8
214	18
215	2
216	0
217	0
218	0
219	0
220	0
221	21
222	0
223	7
224	25
225	13
226	7
227	0
228	8
229	1
230	6
231	5
232	8
233	13
234	8
235	11
236	4
237	2
238	17
239	2
240	0
241	0
242	12
243	34
244	3
245	37
246	1
247	0
248	18
249	0
250	0
251	11
252	0
253	1
254	21
255	28
256	0
257	0
258	0
259	16
260	21
261	0
262	0
263	9
264	27
265	0
266	0
267	13
268	30
269	23
270	37
271	25
272	2
273	0
274	0
275	10
276	2
277	0
278	0
279	5
280	20
281	6
282	0
283	0
284	11
285	0
286	22
287	16
288	0
289	0
290	0
291	18
292	0
293	19
294	0
295	22
296	6
297	21
298	27
299	0
300	15
301	0
302	0
303	34
304	16
305	19
306	32
307	12
308	0
309	0
310	33
311	0
312	2
313	0
314	25
315	18
316	0
317	21
318	4
319	32
320	15
321	9
322	28
323	0
324	0
325	0
326	0
327	18
328	19
329	29
330	0
331	0
332	0
333	25
334	0
335	37
336	36
337	0
338	0
339	0
340	14
341	32
342	19
343	1
344	0
345	34
346	0
347	28
348	14
349	0
350	25
351	6
352	30
353	9
354	13
355	22
356	0
357	37
358	16
359	28
360	25
361	14
362	26
363	25
364	17
365	0
366	5
367	0
368	0
369	37
370	20
371	0
372	34
373	0
374	4
375	15
376	26
377	0
378	11
379	0
380	0
381	0
382	0
383	9
384	34
385	0
386	22
387	23
388	0
389	0
390	19
391	36
392	0
393	37
394	9
395	0
396	0
397	14
398	0
399	28
400	26
401	2
402	0
403	16
404	0
405	0
406	17
407	33
408	17
409	13
410	26
411	2
412	14
413	33
414	6
415	0
416	14
417	0
418	0
419	0
420	0
421	0
422	13
423	0
424	0
425	3
426	34
427	1
428	28
429	2
430	0
431	0
432	0
433	0
434	0
435	0
436	32
437	4
438	0
439	2
440	9
441	0
442	0
443	0
444	0
445	8
446	2
447	4
448	14
449	10
450	13
451	36
452	36
453	25
454	28
455	17
456	6
457	0
458	0
459	19
460	0
461	17
462	0
463	0
464	0
465	0
466	8
467	0
468	32
469	0
470	0
471	3
472	25
473	3
474	19
475	0
476	8
477	0
478	9
479	25
480	21
481	26
482	0
483	0
484	14
485	13
486	0
487	1
488	0
489	3
490	11
491	0
492	19
493	9
494	0
495	19
496	33
497	36
498	14
499	0
500	0
501	1
502	27
503	0
504	0
505	13
506	4
507	0
508	0
509	0
510	33
511	9
512	0
513	4
514	14
515	0
516	0
517	13
518	0
519	25
520	6
521	25
522	0
523	27
524	33
525	0
526	0
527	3
528	28
529	0
530	36
531	13
532	30
533	2
534	13
535	33
536	28
537	0
538	33
539	14
540	30
541	0
542	25
543	28
544	0
545	0
546	3
547	0
548	1
549	0
550	0
551	0
552	0
553	0
554	36
555	3
556	0
557	0
558	1
559	33
560	1
561	0
562	0
563	1
564	0
565	0
566	14
567	0
568	0
569	1
570	21
571	19
572	3
573	4
574	3
575	8
576	3
577	0
578	0
579	14
580	25
581	0
582	0
583	0
584	2
585	0
586	13
587	27
588	3
589	0
590	4
591	14
592	8
593	0
594	0
595	0
596	0
597	34
598	8
599	0
600	13
601	33
602	25
603	0
604	0
605	0
606	4
607	0
608	0
609	0
610	0
611	3
612	3
613	0
614	0
615	33
616	0
617	28
618	17
619	33
620	0
621	3
622	17
623	33
624	0
625	30
626	0
627	0
628	30
629	0
630	1
631	28
632	0
633	3
634	17
635	6
636	0
637	32
638	28
639	0
640	33
641	14
642	6
643	0
644	0
645	0
646	2
647	3
648	0
649	27
650	28
651	6
652	28
653	14
654	0
655	0
656	0
657	0
658	0
659	6
660	9
661	0
662	0
663	0
664	3
665	3
666	0
667	0
668	3
669	0
670	0
671	17
672	0
673	25
674	0
675	0
676	2
677	27
678	14
679	0
680	2
681	0
682	0
683	0
684	0
685	13
686	0
687	0
688	0
689	0
690	17
691	17
692	0
693	0
694	0
695	0
696	0
697	25
698	14
699	0
700	0
701	0
702	0
703	0
704	6
705	14
706	0
707	28
708	21
709	0
710	0
711	0
712	0
713	30
714	2
715	17
716	33
717	30
718	13
719	6
720	33
721	33
722	0
723	32
724	0
725	0
726	0
727	17
728	0
729	0
730	8
731	0
732	0
733	3
734	0
735	0
736	0
737	0
738	6
739	0
740	6
741	0
742	0
743	0
744	0
745	0
746	0
747	13
748	0
749	0
750	3
751	0
752	25
753	0
754	0
755	13
756	0
757	0
758	0
759	0
760	0
761	0
762	13
763	0
764	0
765	0
766	0
767	3
768	0
769	0
770	0
771	0
772	0
773	0
774	0
775	6
776	3
777	0
778	0
779	0
780	0
781	32
782	32
783	0
784	0
785	0
786	0
787	0
788	0
789	0
790	0
791	0
792	30
793	0
794	30
795	0
796	0
797	0
798	30
799	0
800	0
801	0
802	0
803	0
804	0
805	0
806	0
807	0
808	0
809	0
810	0
811	0
812	0
813	0
814	6
815	0
816	6
817	0
818	0
819	0
820	0
821	33
822	0
823	0
824	0
825	0
826	0
827	0
828	0
829	0
830	0
831	0
832	0
833	6
834	0
835	0
836	0
837	0
838	6
839	0
840	0
841	0
842	0
843	0
844	0
845	0
846	0
847	0
848	0
849	0
850	0
851	0
852	0
853	0
854	0
855	0
856	0
857	0
858	0
859	0
860	0
861	0
862	0
863	0
864	0
865	0
866	0
867	0
868	0
869	0
870	0
871	0
872	0
873	0
874	0
875	0
876	0
877	0
878	0
879	0
880	0
881	0
882	0
883	0
884	0
885	0
886	0
887	0
888	0
889	0
890	0
891	0
892	0
893	0
894	0
895	0
896	0
897	0
898	38
899	0
900	0
901	0
902	0
903	0
904	0
905	24
906	0
907	0
908	0
909	0
910	24
911	0
912	38
913	0
914	0
915	0
916	0
917	0
918	24
919	0
920	0
921	24
922	0
923	0
924	35
925	38
926	0
927	0
928	24
929	0
930	0
931	38
932	24
933	24
934	0
935	0
936	38
937	0
938	0
939	0
940	35
941	35
942	38
943	35
944	0
945	31
946	35
947	0
948	0
949	0
950	0
951	35
952	0
953	0
954	0
955	35
956	24
957	0
958	0
959	24
960	35
961	31
962	35
963	24
964	0
965	0
966	0
967	0
968	0
969	0
970	0
971	0
972	35
973	24
974	38
975	31
976	24
977	0
978	24
979	0
980	31
981	38
982	0
983	0
984	31
985	31
986	38
987	31
988	38
989	31
990	38
991	31
992	31
993	31
994	38
995	0
996	31
997	0
998	31
999	0
1000	31
