1	9
2	9
3	29
4	34
5	8
6	34
7	0
8	9
9	34
10	34
11	22
12	33
13	8
14	9
15	9
16	9
17	33
18	33
19	9
20	25
21	9
22	24
23	8
24	30
25	2
26	32
27	18
28	16
29	26
30	19
31	11
32	9
33	9
34	35
35	33
36	9
37	34
38	18
39	32
40	32
41	9
42	1
43	9
44	28
45	9
46	19
47	9
48	0
49	29
50	34
51	29
52	22
53	23
54	18
55	30
56	27
57	9
58	0
59	9
60	30
61	0
62	16
63	9
64	21
65	23
66	9
67	9
68	28
69	19
70	16
71	2
72	8
73	2
74	9
75	9
76	24
77	14
78	18
79	9
80	20
81	22
82	34
83	20
84	9
85	2
86	25
87	26
88	25
89	35
90	34
91	9
92	20
93	23
94	9
95	25
96	18
97	9
98	21
99	9
100	9
101	16
102	9
103	9
104	21
105	9
106	0
107	34
108	13
109	2
110	9
111	32
112	32
113	25
114	29
115	9
116	12
117	9
118	35
119	20
120	9
121	35
122	9
123	9
124	35
125	25
126	35
127	34
128	20
129	24
130	35
131	24
132	26
133	9
134	9
135	14
136	26
137	18
138	18
139	9
140	14
141	35
142	19
143	26
144	26
145	29
146	28
147	25
148	20
149	12
150	15
151	16
152	2
153	9
154	16
155	14
156	9
157	23
158	16
159	9
160	9
161	9
162	9
163	14
164	22
165	9
166	27
167	1
168	9
169	9
170	20
171	26
172	11
173	9
174	23
175	33
176	25
177	1
178	27
179	11
180	12
181	9
182	14
183	29
184	27
185	35
186	2
187	12
188	22
189	19
190	9
191	0
192	22
193	27
194	32
195	9
196	9
197	0
198	9
199	2
200	21
201	22
202	28
203	9
204	26
205	0
206	9
207	9
208	32
209	19
210	12
211	9
212	9
213	9
214	28
215	9
216	26
217	27
218	32
219	8
220	9
221	24
222	29
223	22
224	1
225	9
226	2
227	30
228	30
229	23
230	17
231	2
232	9
233	32
234	9
235	9
236	11
237	33
238	9
239	28
240	12
241	21
242	14
243	24
244	13
245	25
246	21
247	22
248	27
249	13
250	9
251	33
252	0
253	8
254	24
255	9
256	9
257	9
258	33
259	9
260	28
261	9
262	22
263	24
264	33
265	11
266	35
267	15
268	9
269	9
270	31
271	9
272	25
273	18
274	29
275	13
276	28
277	33
278	35
279	21
280	9
281	13
282	9
283	24
284	23
285	23
286	9
287	9
288	18
289	23
290	9
291	35
292	27
293	25
294	9
295	20
296	23
297	19
298	29
299	27
300	30
301	22
302	15
303	9
304	9
305	15
306	9
307	21
308	1
309	22
310	33
311	21
312	35
313	19
314	30
315	17
316	30
317	20
318	11
319	18
320	31
321	35
322	9
323	32
324	12
325	25
326	9
327	29
328	20
329	27
330	32
331	13
332	26
333	30
334	20
335	29
336	9
337	26
338	30
339	9
340	2
341	31
342	21
343	35
344	30
345	24
346	18
347	21
348	20
349	31
350	16
351	1
352	0
353	12
354	9
355	33
356	11
357	20
358	9
359	30
360	0
361	11
362	9
363	30
364	14
365	32
366	31
367	2
368	8
369	13
370	19
371	2
372	2
373	16
374	29
375	9
376	8
377	9
378	9
379	13
380	26
381	15
382	9
383	13
384	15
385	12
386	30
387	24
388	24
389	33
390	8
391	26
392	30
393	28
394	18
395	31
396	27
397	32
398	16
399	8
400	2
401	0
402	22
403	14
404	19
405	8
406	0
407	19
408	27
409	1
410	33
411	17
412	11
413	25
414	20
415	28
416	11
417	29
418	21
419	27
420	25
421	16
422	27
423	20
424	32
425	12
426	21
427	26
428	17
429	7
430	7
431	33
432	8
433	29
434	9
435	8
436	2
437	30
438	16
439	0
440	25
441	0
442	20
443	32
444	13
445	6
446	6
447	19
448	2
449	22
450	29
451	20
452	13
453	9
454	18
455	7
456	13
457	9
458	17
459	31
460	22
461	9
462	21
463	21
464	11
465	18
466	9
467	24
468	11
469	15
470	12
471	32
472	27
473	20
474	29
475	11
476	22
477	14
478	9
479	20
480	6
481	14
482	2
483	19
484	23
485	24
486	9
487	9
488	9
489	9
490	14
491	9
492	15
493	8
494	10
495	10
496	6
497	15
498	14
499	9
500	12
501	29
502	24
503	18
504	8
505	24
506	12
507	1
508	1
509	18
510	9
511	9
512	13
513	23
514	31
515	8
516	19
517	21
518	2
519	9
520	2
521	28
522	2
523	9
524	7
525	9
526	1
527	20
528	9
529	9
530	7
531	21
532	9
533	7
534	9
535	1
536	17
537	23
538	20
539	16
540	21
541	1
542	14
543	20
544	18
545	9
546	28
547	20
548	6
549	19
550	10
551	12
552	22
553	31
554	18
555	2
556	17
557	19
558	6
559	13
560	23
561	2
562	8
563	9
564	9
565	29
566	32
567	22
568	2
569	14
570	8
571	28
572	12
573	28
574	7
575	14
576	13
577	6
578	16
579	14
580	18
581	22
582	2
583	14
584	9
585	17
586	29
587	9
588	7
589	1
590	6
591	13
592	28
593	14
594	19
595	15
596	13
597	31
598	1
599	3
600	28
601	12
602	15
603	6
604	20
605	16
606	11
607	8
608	3
609	3
610	17
611	15
612	28
613	7
614	8
615	1
616	28
617	19
618	23
619	16
620	29
621	16
622	22
623	7
624	12
625	28
626	12
627	19
628	17
629	3
630	11
631	7
632	15
633	2
634	15
635	28
636	11
637	31
638	5
639	11
640	5
641	11
642	31
643	7
644	9
645	10
646	10
647	29
648	16
649	12
650	15
651	28
652	3
653	2
654	13
655	2
656	15
657	31
658	15
659	14
660	15
661	6
662	2
663	1
664	23
665	23
666	23
667	18
668	22
669	11
670	10
671	31
672	31
673	6
674	6
675	15
676	5
677	2
678	13
679	18
680	10
681	23
682	7
683	18
684	14
685	17
686	11
687	18
688	5
689	13
690	18
691	18
692	8
693	15
694	15
695	16
696	17
697	12
698	16
699	11
700	17
701	10
702	11
703	22
704	18
705	6
706	31
707	1
708	12
709	20
710	31
711	8
712	22
713	13
714	11
715	12
716	17
717	11
718	16
719	14
720	2
721	13
722	6
723	2
724	1
725	31
726	16
727	4
728	31
729	8
730	16
731	7
732	7
733	14
734	1
735	3
736	14
737	15
738	11
739	6
740	23
741	7
742	7
743	12
744	4
745	7
746	31
747	18
748	6
749	14
750	14
751	5
752	16
753	23
754	7
755	11
756	23
757	8
758	10
759	20
760	10
761	31
762	6
763	11
764	8
765	16
766	15
767	15
768	16
769	1
770	31
771	1
772	18
773	4
774	3
775	8
776	17
777	8
778	1
779	16
780	8
781	10
782	8
783	17
784	14
785	5
786	23
787	23
788	7
789	17
790	31
791	16
792	31
793	17
794	4
795	18
796	3
797	17
798	23
799	6
800	5
801	1
802	14
803	31
804	15
805	2
806	8
807	23
808	1
809	20
810	17
811	15
812	7
813	6
814	31
815	6
816	2
817	11
818	16
819	23
820	3
821	10
822	10
823	17
824	10
825	11
826	20
827	7
828	1
829	31
830	10
831	18
832	20
833	17
834	1
835	15
836	7
837	10
838	17
839	7
840	15
841	3
842	31
843	1
844	7
845	4
846	31
847	3
848	2
849	17
850	20
851	3
852	2
853	11
854	4
855	11
856	5
857	2
858	31
859	15
860	31
861	7
862	2
863	15
864	11
865	17
866	3
867	7
868	17
869	15
870	11
871	31
872	8
873	20
874	5
875	1
876	1
877	1
878	1
879	10
880	15
881	5
882	31
883	7
884	17
885	15
886	31
887	1
888	5
889	10
890	7
891	20
892	15
893	4
894	8
895	31
896	7
897	2
898	6
899	31
900	6
901	5
902	5
903	5
904	4
905	4
906	5
907	4
908	2
909	10
910	8
911	17
912	4
913	8
914	17
915	8
916	4
917	17
918	6
919	31
920	2
921	6
922	15
923	10
924	7
925	5
926	4
927	10
928	7
929	15
930	6
931	2
932	17
933	6
934	4
935	7
936	10
937	7
938	8
939	10
940	7
941	5
942	3
943	7
944	10
945	17
946	6
947	15
948	7
949	8
950	10
951	6
952	31
953	6
954	3
955	5
956	7
957	5
958	31
959	31
960	4
961	3
962	4
963	4
964	5
965	5
966	6
967	6
968	3
969	10
970	3
971	10
972	5
973	6
974	10
975	3
976	6
977	5
978	7
979	3
980	4
981	3
982	3
983	5
984	4
985	5
986	5
987	4
988	4
989	5
990	4
991	3
992	3
993	4
994	4
995	4
996	5
997	3
998	3
999	5
1000	4
