1	23
2	3
3	11
4	16
5	11
6	6
7	23
8	31
9	38
10	3
11	1
12	13
13	3
14	11
15	23
16	23
17	3
18	29
19	18
20	23
21	16
22	3
23	38
24	21
25	7
26	30
27	31
28	27
29	23
30	13
31	18
32	18
33	23
34	19
35	32
36	3
37	19
38	20
39	23
40	26
41	23
42	23
43	23
44	18
45	23
46	21
47	33
48	3
49	3
50	36
51	23
52	23
53	8
54	17
55	27
56	23
57	23
58	24
59	6
60	18
61	27
62	27
63	18
64	1
65	32
66	32
67	24
68	17
69	14
70	14
71	23
72	23
73	36
74	16
75	3
76	23
77	26
78	29
79	15
80	6
81	10
82	23
83	23
84	31
85	17
86	3
87	7
88	35
89	16
90	15
91	23
92	31
93	23
94	21
95	12
96	11
97	2
98	3
99	23
100	23
101	3
102	23
103	2
104	19
105	23
106	17
107	23
108	20
109	23
110	22
111	2
112	23
113	14
114	30
115	23
116	10
117	13
118	1
119	12
120	38
121	36
122	8
123	36
124	31
125	23
126	23
127	36
128	3
129	31
130	13
131	26
132	32
133	17
134	20
135	23
136	36
137	2
138	6
139	3
140	23
141	6
142	38
143	26
144	1
145	14
146	23
147	14
148	24
149	36
150	5
151	36
152	36
153	22
154	11
155	36
156	29
157	29
158	4
159	1
160	35
161	18
162	5
163	7
164	30
165	38
166	38
167	32
168	28
169	11
170	23
171	29
172	13
173	23
174	23
175	3
176	36
177	3
178	22
179	23
180	19
181	21
182	12
183	6
184	20
185	21
186	35
187	28
188	20
189	23
190	21
191	21
192	3
193	38
194	11
195	14
196	23
197	20
198	23
199	32
200	24
201	17
202	26
203	20
204	31
205	11
206	6
207	23
208	36
209	28
210	4
211	21
212	3
213	18
214	15
215	1
216	37
217	23
218	26
219	8
220	17
221	23
222	28
223	14
224	23
225	22
226	1
227	6
228	2
229	23
230	23
231	4
232	17
233	20
234	21
235	7
236	19
237	32
238	13
239	2
240	6
241	8
242	28
243	21
244	11
245	6
246	15
247	34
248	26
249	24
250	1
251	1
252	6
253	38
254	34
255	3
256	21
257	9
258	24
259	17
260	31
261	23
262	7
263	32
264	21
265	23
266	36
267	17
268	9
269	13
270	20
271	36
272	8
273	13
274	20
275	23
276	1
277	31
278	13
279	13
280	27
281	32
282	32
283	23
284	27
285	10
286	15
287	20
288	22
289	27
290	12
291	8
292	8
293	21
294	8
295	16
296	13
297	6
298	19
299	13
300	36
301	18
302	8
303	1
304	23
305	9
306	36
307	12
308	30
309	36
310	18
311	17
312	17
313	26
314	19
315	21
316	32
317	30
318	3
319	15
320	16
321	4
322	31
323	1
324	3
325	15
326	29
327	1
328	3
329	29
330	12
331	28
332	3
333	16
334	5
335	29
336	17
337	11
338	20
339	23
340	16
341	22
342	27
343	5
344	34
345	13
346	23
347	23
348	24
349	36
350	30
351	3
352	23
353	36
354	1
355	29
356	11
357	19
358	7
359	36
360	17
361	12
362	23
363	21
364	7
365	27
366	36
367	8
368	38
369	27
370	36
371	23
372	3
373	26
374	16
375	27
376	9
377	3
378	28
379	29
380	23
381	14
382	21
383	18
384	32
385	34
386	38
387	22
388	6
389	23
390	6
391	2
392	23
393	26
394	20
395	13
396	4
397	24
398	13
399	31
400	8
401	14
402	23
403	11
404	23
405	28
406	18
407	3
408	1
409	27
410	8
411	1
412	31
413	30
414	20
415	3
416	19
417	6
418	26
419	29
420	3
421	15
422	29
423	23
424	23
425	7
426	11
427	15
428	5
429	13
430	31
431	8
432	3
433	11
434	27
435	6
436	30
437	29
438	6
439	26
440	3
441	31
442	21
443	14
444	14
445	9
446	13
447	11
448	6
449	38
450	30
451	6
452	6
453	23
454	23
455	14
456	21
457	21
458	15
459	7
460	17
461	18
462	30
463	31
464	2
465	7
466	13
467	27
468	24
469	3
470	13
471	34
472	13
473	8
474	3
475	30
476	7
477	22
478	23
479	20
480	21
481	3
482	3
483	32
484	7
485	2
486	21
487	36
488	36
489	36
490	5
491	33
492	13
493	11
494	12
495	12
496	24
497	33
498	9
499	1
500	23
501	34
502	16
503	16
504	23
505	1
506	36
507	27
508	27
509	37
510	11
511	38
512	8
513	37
514	29
515	8
516	23
517	31
518	16
519	18
520	26
521	37
522	13
523	10
524	36
525	3
526	17
527	8
528	6
529	15
530	15
531	10
532	31
533	16
534	11
535	27
536	23
537	13
538	32
539	21
540	32
541	18
542	10
543	4
544	17
545	26
546	13
547	9
548	36
549	31
550	2
551	31
552	11
553	36
554	18
555	14
556	7
557	26
558	2
559	20
560	1
561	19
562	30
563	36
564	15
565	12
566	16
567	16
568	13
569	17
570	20
571	9
572	30
573	20
574	11
575	24
576	1
577	36
578	4
579	8
580	35
581	17
582	13
583	17
584	23
585	26
586	1
587	7
588	21
589	11
590	38
591	29
592	17
593	3
594	35
595	1
596	18
597	23
598	17
599	19
600	12
601	36
602	22
603	26
604	33
605	23
606	7
607	28
608	23
609	26
610	32
611	24
612	5
613	32
614	11
615	37
616	11
617	26
618	16
619	17
620	9
621	28
622	3
623	12
624	17
625	3
626	18
627	28
628	1
629	32
630	10
631	38
632	24
633	7
634	11
635	1
636	26
637	28
638	8
639	23
640	27
641	7
642	38
643	32
644	12
645	5
646	6
647	8
648	26
649	12
650	17
651	29
652	19
653	10
654	36
655	23
656	16
657	3
658	7
659	11
660	9
661	10
662	11
663	11
664	6
665	8
666	14
667	29
668	33
669	16
670	23
671	17
672	30
673	13
674	27
675	38
676	8
677	5
678	36
679	35
680	27
681	31
682	16
683	23
684	11
685	15
686	13
687	18
688	28
689	2
690	12
691	32
692	28
693	3
694	23
695	27
696	5
697	32
698	35
699	5
700	5
701	21
702	33
703	2
704	27
705	11
706	38
707	14
708	16
709	19
710	36
711	14
712	38
713	23
714	3
715	15
716	3
717	30
718	16
719	9
720	3
721	11
722	18
723	7
724	18
725	1
726	12
727	12
728	18
729	23
730	19
731	27
732	21
733	16
734	23
735	10
736	30
737	4
738	14
739	38
740	23
741	11
742	23
743	5
744	13
745	38
746	29
747	38
748	31
749	6
750	33
751	11
752	26
753	13
754	17
755	28
756	29
757	30
758	5
759	27
760	29
761	1
762	38
763	35
764	22
765	11
766	9
767	38
768	27
769	38
770	2
771	30
772	15
773	31
774	27
775	5
776	4
777	16
778	27
779	35
780	11
781	17
782	11
783	23
784	9
785	15
786	5
787	35
788	20
789	12
790	6
791	31
792	3
793	31
794	11
795	15
796	10
797	30
798	28
799	29
800	10
801	19
802	16
803	30
804	21
805	20
806	22
807	2
808	11
809	27
810	8
811	14
812	5
813	7
814	29
815	31
816	14
817	27
818	6
819	17
820	18
821	17
822	24
823	38
824	34
825	29
826	29
827	27
828	11
829	9
830	16
831	20
832	29
833	21
834	4
835	8
836	24
837	14
838	6
839	20
840	29
841	17
842	17
843	13
844	26
845	34
846	38
847	22
848	36
849	13
850	2
851	20
852	15
853	17
854	21
855	7
856	38
857	11
858	6
859	0
860	24
861	38
862	1
863	12
864	27
865	3
866	9
867	5
868	24
869	1
870	1
871	11
872	34
873	3
874	2
875	4
876	38
877	26
878	15
879	19
880	36
881	36
882	29
883	29
884	18
885	12
886	29
887	20
888	1
889	33
890	22
891	27
892	27
893	4
894	2
895	37
896	35
897	31
898	23
899	8
900	6
901	2
902	4
903	2
904	21
905	17
906	14
907	1
908	26
909	36
910	6
911	16
912	29
913	38
914	36
915	1
916	16
917	19
918	32
919	22
920	5
921	27
922	4
923	30
924	16
925	3
926	11
927	29
928	1
929	11
930	14
931	34
932	8
933	23
934	9
935	24
936	17
937	6
938	13
939	27
940	12
941	25
942	11
943	8
944	9
945	33
946	24
947	16
948	7
949	27
950	11
951	5
952	17
953	5
954	1
955	9
956	34
957	13
958	31
959	35
960	20
961	28
962	10
963	4
964	2
965	34
966	11
967	30
968	5
969	36
970	10
971	4
972	21
973	38
974	38
975	27
976	16
977	4
978	5
979	1
980	8
981	18
982	9
983	31
984	3
985	4
986	18
987	1
988	4
989	4
990	31
991	27
992	38
993	16
994	38
995	4
996	1
997	12
998	4
999	29
1000	9
