1	26
2	13
3	22
4	30
5	40
6	8
7	5
8	13
9	13
10	24
11	21
12	13
13	40
14	27
15	2
16	31
17	34
18	7
19	13
20	4
21	2
22	36
23	36
24	16
25	11
26	36
27	13
28	6
29	32
30	15
31	5
32	18
33	5
34	27
35	1
36	18
37	13
38	13
39	13
40	13
41	21
42	7
43	5
44	7
45	30
46	23
47	13
48	24
49	41
50	36
51	6
52	20
53	22
54	38
55	40
56	33
57	29
58	2
59	23
60	28
61	31
62	27
63	16
64	24
65	3
66	4
67	2
68	7
69	6
70	29
71	26
72	12
73	13
74	40
75	28
76	13
77	20
78	7
79	21
80	13
81	28
82	16
83	34
84	14
85	20
86	22
87	27
88	16
89	8
90	26
91	13
92	13
93	20
94	6
95	40
96	2
97	13
98	21
99	6
100	2
101	24
102	29
103	22
104	8
105	13
106	24
107	6
108	24
109	13
110	33
111	13
112	7
113	4
114	36
115	29
116	2
117	10
118	5
119	6
120	27
121	23
122	21
123	32
124	4
125	12
126	23
127	22
128	13
129	34
130	2
131	36
132	4
133	21
134	16
135	13
136	22
137	7
138	40
139	13
140	2
141	11
142	12
143	7
144	16
145	7
146	27
147	20
148	13
149	13
150	27
151	22
152	14
153	13
154	14
155	2
156	9
157	21
158	6
159	3
160	2
161	13
162	5
163	38
164	10
165	30
166	9
167	2
168	29
169	9
170	13
171	36
172	16
173	13
174	23
175	7
176	14
177	2
178	24
179	38
180	1
181	2
182	6
183	13
184	27
185	24
186	13
187	13
188	9
189	10
190	2
191	24
192	13
193	6
194	13
195	16
196	13
197	13
198	36
199	26
200	40
201	26
202	5
203	29
204	13
205	29
206	35
207	14
208	14
209	40
210	23
211	13
212	31
213	18
214	6
215	2
216	13
217	18
218	16
219	27
220	27
221	16
222	20
223	3
224	5
225	14
226	21
227	16
228	15
229	2
230	6
231	23
232	13
233	23
234	4
235	13
236	33
237	8
238	11
239	2
240	18
241	27
242	6
243	29
244	13
245	4
246	2
247	24
248	23
249	41
250	13
251	41
252	16
253	7
254	38
255	21
256	40
257	0
258	27
259	40
260	23
261	2
262	7
263	5
264	7
265	12
266	0
267	16
268	28
269	22
270	27
271	40
272	34
273	12
274	24
275	23
276	7
277	15
278	15
279	31
280	3
281	27
282	22
283	26
284	27
285	23
286	24
287	24
288	33
289	28
290	12
291	13
292	6
293	5
294	28
295	7
296	10
297	27
298	27
299	24
300	40
301	12
302	2
303	6
304	9
305	18
306	4
307	15
308	13
309	26
310	13
311	16
312	22
313	40
314	7
315	2
316	2
317	21
318	5
319	4
320	9
321	5
322	2
323	35
324	36
325	21
326	39
327	18
328	22
329	18
330	34
331	7
332	23
333	13
334	13
335	7
336	13
337	2
338	26
339	11
340	32
341	21
342	23
343	40
344	6
345	21
346	36
347	13
348	21
349	28
350	1
351	27
352	27
353	26
354	27
355	9
356	7
357	4
358	2
359	0
360	35
361	19
362	36
363	27
364	20
365	36
366	23
367	12
368	23
369	15
370	2
371	31
372	40
373	29
374	7
375	29
376	22
377	5
378	28
379	27
380	10
381	9
382	18
383	27
384	22
385	13
386	6
387	7
388	24
389	9
390	23
391	21
392	34
393	9
394	28
395	21
396	26
397	38
398	22
399	5
400	32
401	18
402	22
403	20
404	7
405	23
406	9
407	7
408	2
409	26
410	13
411	34
412	17
413	32
414	15
415	6
416	12
417	22
418	27
419	24
420	13
421	7
422	12
423	5
424	6
425	10
426	9
427	18
428	4
429	13
430	7
431	4
432	39
433	36
434	15
435	27
436	10
437	38
438	34
439	11
440	27
441	1
442	16
443	8
444	17
445	21
446	7
447	0
448	38
449	22
450	12
451	13
452	17
453	17
454	36
455	6
456	4
457	2
458	6
459	21
460	38
461	4
462	6
463	12
464	6
465	32
466	21
467	12
468	2
469	13
470	40
471	3
472	6
473	6
474	1
475	16
476	1
477	28
478	14
479	34
480	40
481	2
482	13
483	4
484	31
485	1
486	31
487	32
488	36
489	24
490	20
491	15
492	36
493	16
494	34
495	11
496	13
497	0
498	11
499	1
500	1
501	15
502	38
503	15
504	32
505	13
506	38
507	3
508	39
509	9
510	41
511	7
512	33
513	26
514	35
515	0
516	13
517	1
518	41
519	29
520	16
521	5
522	34
523	2
524	40
525	34
526	3
527	41
528	40
529	2
530	30
531	2
532	26
533	14
534	23
535	13
536	20
537	2
538	31
539	14
540	22
541	4
542	3
543	13
544	17
545	29
546	6
547	2
548	32
549	13
550	12
551	18
552	23
553	0
554	13
555	23
556	9
557	29
558	35
559	36
560	6
561	4
562	38
563	34
564	17
565	24
566	32
567	8
568	23
569	8
570	13
571	17
572	5
573	36
574	4
575	4
576	15
577	2
578	23
579	13
580	6
581	15
582	0
583	34
584	36
585	38
586	11
587	2
588	14
589	10
590	32
591	9
592	24
593	21
594	29
595	27
596	15
597	27
598	23
599	20
600	1
601	26
602	7
603	16
604	23
605	14
606	10
607	4
608	33
609	24
610	32
611	21
612	18
613	40
614	29
615	13
616	2
617	9
618	3
619	27
620	13
621	13
622	28
623	2
624	13
625	41
626	20
627	2
628	35
629	34
630	31
631	22
632	34
633	5
634	38
635	5
636	2
637	30
638	29
639	29
640	18
641	39
642	2
643	22
644	40
645	2
646	4
647	22
648	2
649	34
650	39
651	8
652	28
653	18
654	20
655	2
656	21
657	21
658	31
659	23
660	23
661	7
662	18
663	21
664	11
665	32
666	31
667	2
668	8
669	35
670	7
671	16
672	35
673	33
674	38
675	32
676	32
677	10
678	1
679	2
680	23
681	7
682	18
683	6
684	20
685	40
686	19
687	23
688	24
689	36
690	33
691	9
692	20
693	23
694	15
695	21
696	24
697	23
698	14
699	23
700	4
701	34
702	23
703	9
704	22
705	5
706	12
707	11
708	12
709	27
710	35
711	30
712	6
713	2
714	27
715	16
716	7
717	29
718	0
719	7
720	9
721	21
722	2
723	33
724	8
725	13
726	34
727	22
728	15
729	7
730	23
731	23
732	16
733	0
734	13
735	23
736	7
737	17
738	4
739	0
740	34
741	33
742	18
743	0
744	28
745	0
746	16
747	4
748	1
749	40
750	17
751	41
752	35
753	3
754	12
755	29
756	19
757	2
758	14
759	10
760	24
761	31
762	9
763	22
764	7
765	4
766	20
767	39
768	27
769	30
770	24
771	21
772	13
773	31
774	26
775	1
776	41
777	33
778	34
779	13
780	12
781	15
782	19
783	17
784	13
785	29
786	18
787	39
788	33
789	34
790	13
791	7
792	7
793	3
794	6
795	34
796	18
797	22
798	0
799	15
800	4
801	39
802	4
803	20
804	1
805	11
806	22
807	32
808	40
809	15
810	22
811	29
812	13
813	35
814	28
815	22
816	24
817	36
818	34
819	21
820	16
821	5
822	27
823	9
824	1
825	5
826	31
827	14
828	32
829	2
830	26
831	27
832	31
833	28
834	26
835	34
836	23
837	17
838	35
839	7
840	29
841	15
842	35
843	10
844	9
845	31
846	34
847	20
848	17
849	21
850	15
851	26
852	35
853	13
854	12
855	15
856	38
857	40
858	33
859	22
860	40
861	35
862	9
863	15
864	14
865	34
866	26
867	0
868	30
869	12
870	17
871	0
872	13
873	27
874	38
875	41
876	34
877	4
878	19
879	21
880	22
881	32
882	41
883	10
884	22
885	35
886	4
887	32
888	36
889	7
890	7
891	39
892	3
893	40
894	29
895	0
896	26
897	2
898	35
899	9
900	17
901	39
902	26
903	10
904	21
905	7
906	22
907	5
908	36
909	2
910	18
911	22
912	34
913	41
914	18
915	0
916	21
917	21
918	15
919	19
920	41
921	25
922	28
923	31
924	20
925	15
926	0
927	40
928	28
929	13
930	20
931	32
932	35
933	20
934	23
935	41
936	27
937	31
938	27
939	9
940	5
941	38
942	13
943	32
944	1
945	35
946	12
947	20
948	31
949	29
950	34
951	3
952	34
953	10
954	24
955	16
956	15
957	22
958	27
959	39
960	16
961	24
962	2
963	39
964	21
965	34
966	2
967	35
968	4
969	10
970	3
971	3
972	12
973	9
974	1
975	31
976	39
977	13
978	17
979	31
980	16
981	15
982	15
983	35
984	34
985	32
986	6
987	38
988	20
989	33
990	17
991	37
992	8
993	26
994	24
995	5
996	36
997	36
998	8
999	34
1000	27
