1	27
2	25
3	29
4	25
5	8
6	33
7	6
8	37
9	27
10	14
11	5
12	27
13	27
14	27
15	5
16	41
17	27
18	6
19	28
20	13
21	27
22	9
23	7
24	19
25	9
26	33
27	31
28	31
29	33
30	33
31	6
32	6
33	27
34	12
35	6
36	38
37	33
38	6
39	14
40	27
41	10
42	33
43	27
44	38
45	33
46	27
47	17
48	2
49	27
50	6
51	15
52	6
53	6
54	6
55	12
56	6
57	17
58	27
59	2
60	33
61	22
62	27
63	33
64	25
65	6
66	3
67	4
68	3
69	3
70	6
71	6
72	18
73	28
74	21
75	23
76	31
77	27
78	18
79	25
80	32
81	29
82	27
83	28
84	6
85	25
86	27
87	6
88	30
89	14
90	33
91	28
92	14
93	27
94	6
95	27
96	33
97	15
98	25
99	24
100	41
101	27
102	6
103	31
104	17
105	24
106	6
107	33
108	27
109	41
110	6
111	4
112	33
113	32
114	31
115	28
116	33
117	5
118	16
119	6
120	12
121	21
122	12
123	6
124	28
125	29
126	6
127	27
128	14
129	31
130	27
131	12
132	27
133	7
134	17
135	3
136	6
137	39
138	14
139	25
140	9
141	3
142	6
143	14
144	3
145	25
146	6
147	29
148	26
149	17
150	15
151	7
152	27
153	27
154	12
155	8
156	8
157	27
158	4
159	24
160	41
161	16
162	22
163	19
164	2
165	1
166	39
167	12
168	6
169	31
170	4
171	33
172	14
173	27
174	22
175	9
176	17
177	27
178	9
179	28
180	10
181	6
182	27
183	4
184	33
185	20
186	2
187	28
188	33
189	14
190	6
191	27
192	27
193	31
194	6
195	16
196	18
197	16
198	1
199	14
200	6
201	41
202	41
203	4
204	3
205	31
206	27
207	3
208	6
209	41
210	27
211	36
212	23
213	3
214	6
215	3
216	28
217	23
218	15
219	38
220	22
221	25
222	12
223	23
224	6
225	31
226	3
227	28
228	33
229	33
230	27
231	22
232	25
233	10
234	10
235	15
236	2
237	21
238	18
239	7
240	17
241	17
242	12
243	8
244	33
245	22
246	27
247	27
248	33
249	33
250	27
251	23
252	18
253	4
254	27
255	6
256	7
257	30
258	25
259	25
260	33
261	7
262	15
263	6
264	32
265	3
266	5
267	27
268	36
269	27
270	33
271	39
272	27
273	6
274	17
275	16
276	30
277	6
278	3
279	6
280	5
281	29
282	17
283	8
284	29
285	37
286	27
287	7
288	3
289	15
290	36
291	30
292	12
293	17
294	29
295	15
296	32
297	3
298	25
299	5
300	25
301	5
302	41
303	1
304	25
305	27
306	28
307	39
308	33
309	9
310	27
311	25
312	27
313	22
314	30
315	30
316	2
317	19
318	4
319	39
320	6
321	20
322	33
323	38
324	38
325	14
326	40
327	41
328	8
329	29
330	8
331	33
332	14
333	27
334	27
335	40
336	34
337	2
338	21
339	6
340	21
341	10
342	10
343	27
344	7
345	17
346	6
347	9
348	12
349	40
350	8
351	33
352	6
353	28
354	28
355	33
356	21
357	6
358	12
359	27
360	6
361	7
362	1
363	19
364	27
365	30
366	2
367	17
368	16
369	23
370	33
371	33
372	17
373	33
374	33
375	9
376	27
377	12
378	39
379	27
380	22
381	10
382	33
383	25
384	3
385	36
386	32
387	6
388	24
389	33
390	25
391	38
392	41
393	8
394	37
395	3
396	12
397	33
398	27
399	18
400	31
401	5
402	13
403	36
404	29
405	13
406	41
407	24
408	6
409	22
410	29
411	29
412	19
413	3
414	13
415	7
416	26
417	25
418	8
419	14
420	38
421	3
422	40
423	27
424	6
425	27
426	25
427	2
428	28
429	20
430	4
431	25
432	16
433	41
434	28
435	3
436	8
437	31
438	17
439	27
440	3
441	10
442	17
443	15
444	19
445	1
446	30
447	2
448	8
449	31
450	6
451	30
452	20
453	27
454	36
455	5
456	19
457	6
458	5
459	38
460	6
461	36
462	5
463	6
464	5
465	6
466	15
467	8
468	32
469	27
470	33
471	17
472	33
473	13
474	13
475	13
476	28
477	14
478	6
479	33
480	12
481	7
482	33
483	10
484	22
485	14
486	6
487	8
488	21
489	3
490	6
491	41
492	22
493	3
494	29
495	3
496	14
497	17
498	6
499	27
500	20
501	7
502	1
503	30
504	29
505	8
506	21
507	33
508	3
509	10
510	13
511	3
512	22
513	24
514	29
515	12
516	19
517	6
518	31
519	27
520	27
521	6
522	3
523	10
524	40
525	27
526	18
527	13
528	29
529	33
530	38
531	6
532	6
533	15
534	3
535	31
536	40
537	4
538	3
539	25
540	4
541	19
542	4
543	6
544	6
545	31
546	36
547	14
548	38
549	3
550	6
551	33
552	27
553	7
554	24
555	1
556	1
557	28
558	41
559	41
560	2
561	13
562	30
563	12
564	37
565	40
566	2
567	3
568	32
569	28
570	17
571	32
572	33
573	18
574	37
575	4
576	34
577	27
578	22
579	23
580	14
581	8
582	25
583	41
584	31
585	32
586	13
587	25
588	6
589	15
590	14
591	27
592	40
593	38
594	23
595	7
596	21
597	32
598	6
599	33
600	36
601	14
602	25
603	33
604	2
605	30
606	6
607	27
608	25
609	24
610	30
611	32
612	3
613	28
614	6
615	27
616	36
617	9
618	22
619	36
620	13
621	17
622	39
623	14
624	23
625	36
626	6
627	36
628	14
629	33
630	31
631	39
632	18
633	14
634	2
635	18
636	27
637	8
638	36
639	16
640	26
641	11
642	1
643	37
644	1
645	19
646	15
647	6
648	27
649	9
650	19
651	17
652	10
653	28
654	28
655	7
656	10
657	24
658	40
659	29
660	38
661	3
662	6
663	3
664	3
665	38
666	24
667	20
668	34
669	24
670	26
671	1
672	17
673	19
674	39
675	14
676	31
677	33
678	30
679	29
680	25
681	7
682	14
683	1
684	34
685	31
686	3
687	26
688	41
689	26
690	3
691	17
692	17
693	10
694	32
695	11
696	24
697	6
698	34
699	34
700	18
701	8
702	19
703	16
704	37
705	27
706	9
707	24
708	24
709	22
710	33
711	30
712	2
713	27
714	30
715	26
716	19
717	2
718	15
719	36
720	22
721	40
722	16
723	19
724	19
725	33
726	5
727	16
728	3
729	14
730	4
731	36
732	10
733	12
734	33
735	23
736	19
737	14
738	33
739	29
740	25
741	9
742	26
743	6
744	17
745	26
746	9
747	4
748	27
749	33
750	38
751	15
752	10
753	27
754	33
755	1
756	9
757	25
758	3
759	29
760	6
761	2
762	3
763	3
764	40
765	24
766	37
767	33
768	17
769	33
770	24
771	7
772	3
773	26
774	24
775	31
776	34
777	31
778	14
779	10
780	31
781	26
782	31
783	29
784	17
785	22
786	8
787	34
788	17
789	30
790	20
791	27
792	25
793	6
794	41
795	36
796	29
797	3
798	15
799	18
800	39
801	10
802	30
803	2
804	41
805	14
806	14
807	37
808	4
809	19
810	38
811	8
812	18
813	4
814	23
815	4
816	4
817	22
818	4
819	18
820	21
821	18
822	3
823	8
824	14
825	30
826	26
827	20
828	24
829	32
830	2
831	3
832	3
833	32
834	33
835	8
836	1
837	2
838	15
839	33
840	6
841	33
842	19
843	28
844	6
845	24
846	5
847	33
848	31
849	15
850	14
851	6
852	10
853	32
854	23
855	10
856	14
857	6
858	34
859	32
860	8
861	31
862	38
863	14
864	6
865	15
866	31
867	34
868	25
869	9
870	20
871	28
872	30
873	34
874	23
875	16
876	11
877	10
878	23
879	8
880	23
881	34
882	26
883	15
884	29
885	22
886	24
887	12
888	28
889	3
890	31
891	37
892	30
893	15
894	19
895	28
896	16
897	31
898	36
899	1
900	15
901	7
902	18
903	40
904	31
905	14
906	12
907	7
908	7
909	20
910	32
911	15
912	15
913	23
914	27
915	22
916	30
917	27
918	15
919	4
920	14
921	1
922	3
923	26
924	20
925	33
926	39
927	20
928	15
929	1
930	6
931	37
932	20
933	17
934	25
935	41
936	20
937	23
938	16
939	19
940	34
941	15
942	25
943	24
944	2
945	20
946	29
947	19
948	15
949	2
950	27
951	19
952	3
953	39
954	28
955	29
956	11
957	18
958	40
959	22
960	15
961	22
962	9
963	37
964	31
965	2
966	40
967	6
968	37
969	39
970	14
971	12
972	17
973	4
974	35
975	25
976	32
977	25
978	28
979	3
980	15
981	8
982	36
983	30
984	28
985	13
986	11
987	9
988	8
989	11
990	1
991	23
992	13
993	24
994	30
995	6
996	24
997	0
998	8
999	14
1000	21
