1	33 
2	5 
3	25 
4	32 
5	7 
6	4 
7	22 
8	34 
9	25 
10	1 
11	23 
12	2 
13	8 
14	1 
15	8 
16	4 
17	19 
18	31 
19	4 
20	24 
21	28 
22	3 
23	8 
24	12 
25	20 
26	22 
27	14 
28	7 
29	1 
30	25 
31	5 
32	31 
33	5 
34	14 
35	29 
36	30 
37	4 
38	17 
39	21 
40	33 
41	11 
42	7 
43	35 
44	30 
45	1 
46	37 
47	29 
48	2 
49	28 
50	14 
51	36 
52	9 
53	34 
54	25 
55	32 
56	23 
57	24 
58	36 
59	36 
60	12 
61	34 
62	7 
63	37 
64	13 
65	26 
66	19 
67	12 
68	35 
69	24 
70	2 
71	27 
72	14 
73	8 
74	3 
75	35 
76	19 
77	16 
78	8 
79	15 
80	8 
81	30 
82	15 
83	14 
84	9 
85	25 
86	18 
87	14 
88	6 
89	8 
90	4 
91	36 
92	34 
93	16 
94	3 
95	3 
96	28 
97	6 
98	31 
99	13 
100	2 
101	8 
102	29 
103	15 
104	12 
105	6 
106	19 
107	20 
108	14 
109	9 
110	14 
111	5 
112	19 
113	31 
114	26 
115	32 
116	1 
117	27 
118	37 
119	11 
120	11 
121	10 
122	23 
123	22 
124	35 
125	7 
126	19 
127	22 
128	14 
129	27 
130	7 
131	7 
132	3 
133	10 
134	5 
135	4 
136	30 
137	29 
138	15 
139	36 
140	32 
141	16 
142	5 
143	15 
144	32 
145	35 
146	36 
147	18 
148	5 
149	15 
150	20 
151	24 
152	2 
153	5 
154	24 
155	19 
156	15 
157	6 
158	36 
159	37 
160	37 
161	4 
162	10 
163	28 
164	5 
165	34 
166	19 
167	3 
168	13 
169	29 
170	23 
171	5 
172	27 
173	29 
174	12 
175	25 
176	11 
177	13 
178	7 
179	11 
180	4 
181	15 
182	18 
183	8 
184	28 
185	27 
186	32 
187	13 
188	35 
189	12 
190	30 
191	15 
192	30 
193	30 
194	5 
195	12 
196	22 
197	25 
198	16 
199	8 
200	31 
201	9 
202	32 
203	26 
204	5 
205	3 
206	6 
207	7 
208	14 
209	18 
210	21 
211	6 
212	22 
213	31 
214	21 
215	1 
216	21 
217	25 
218	34 
219	20 
220	14 
221	32 
222	8 
223	9 
224	3 
225	24 
226	23 
227	19 
228	34 
229	19 
230	24 
231	32 
232	4 
233	23 
234	19 
235	20 
236	24 
237	35 
238	32 
239	28 
240	35 
241	7 
242	4 
243	31 
244	4 
245	24 
246	20 
247	27 
248	19 
249	20 
250	10 
251	14 
252	9 
253	34 
254	36 
255	13 
256	9 
257	11 
258	25 
259	2 
260	16 
261	21 
262	18 
263	4 
264	26 
265	32 
266	2 
267	29 
268	9 
269	12 
270	9 
271	31 
272	15 
273	6 
274	31 
275	35 
276	3 
277	7 
278	7 
279	13 
280	7 
281	28 
282	31 
283	18 
284	21 
285	14 
286	26 
287	10 
288	2 
289	30 
290	25 
291	12 
292	4 
293	34 
294	20 
295	3 
296	28 
297	27 
298	30 
299	25 
300	33 
301	28 
302	36 
303	6 
304	22 
305	3 
306	32 
307	31 
308	37 
309	11 
310	6 
311	11 
312	30 
313	32 
314	15 
315	10 
316	16 
317	26 
318	36 
319	13 
320	12 
321	9 
322	27 
323	22 
324	16 
325	37 
326	12 
327	22 
328	1 
329	16 
330	25 
331	25 
332	29 
333	19 
334	19 
335	36 
336	29 
337	28 
338	4 
339	11 
340	18 
341	12 
342	18 
343	1 
344	3 
345	35 
346	25 
347	31 
348	1 
349	32 
350	1 
351	8 
352	6 
353	21 
354	10 
355	26 
356	27 
357	1 
358	11 
359	21 
360	8 
361	9 
362	31 
363	26 
364	11 
365	23 
366	25 
367	22 
368	23 
369	35 
370	18 
371	6 
372	15 
373	15 
374	24 
375	22 
376	21 
377	8 
378	28 
379	13 
380	12 
381	35 
382	37 
383	23 
384	4 
385	25 
386	10 
387	28 
388	15 
389	16 
390	29 
391	1 
392	34 
393	15 
394	20 
395	18 
396	11 
397	7 
398	18 
399	16 
400	12 
401	16 
402	10 
403	29 
404	31 
405	3 
406	25 
407	8 
408	13 
409	30 
410	17 
411	22 
412	12 
413	11 
414	12 
415	16 
416	29 
417	23 
418	34 
419	20 
420	7 
421	35 
422	27 
423	18 
424	37 
425	33 
426	26 
427	28 
428	31 
429	23 
430	36 
431	23 
432	1 
433	25 
434	16 
435	10 
436	25 
437	36 
438	13 
439	10 
440	25 
441	2 
442	35 
443	7 
444	25 
445	30 
446	27 
447	9 
448	21 
449	18 
450	28 
451	16 
452	2 
453	30 
454	7 
455	2 
456	22 
457	10 
458	16 
459	34 
460	20 
461	2 
462	13 
463	37 
464	28 
465	7 
466	28 
467	23 
468	10 
469	25 
470	1 
471	21 
472	20 
473	3 
474	13 
475	22 
476	12 
477	21 
478	20 
479	29 
480	8 
481	29 
482	6 
483	7 
484	6 
485	18 
486	9 
487	9 
488	9 
489	36 
490	17 
491	30 
492	24 
493	18 
494	11 
495	10 
496	10 
497	23 
498	16 
499	2 
500	6 
501	13 
502	9 
503	26 
504	7 
505	20 
506	11 
507	37 
508	31 
509	1 
510	26 
511	26 
512	29 
513	3 
514	16 
515	31 
516	6 
517	1 
518	29 
519	10 
520	31 
521	6 
522	27 
523	20 
524	7 
525	26 
526	23 
527	30 
528	3 
529	16 
530	31 
531	35 
532	26 
533	24 
534	8 
535	3 
536	23 
537	35 
538	28 
539	3 
540	36 
541	17 
542	24 
543	25 
544	33 
545	2 
546	8 
547	26 
548	37 
549	28 
550	24 
551	7 
552	20 
553	26 
554	2 
555	37 
556	31 
557	26 
558	18 
559	1 
560	30 
561	13 
562	11 
563	21 
564	17 
565	23 
566	11 
567	6 
568	23 
569	8 
570	26 
571	35 
572	8 
573	36 
574	23 
575	6 
576	18 
577	20 
578	35 
579	21 
580	11 
581	29 
582	20 
583	36 
584	25 
585	8 
586	16 
587	36 
588	27 
589	16 
590	29 
591	22 
592	24 
593	21 
594	36 
595	6 
596	13 
597	23 
598	1 
599	17 
600	1 
601	2 
602	28 
603	36 
604	33 
605	22 
606	1 
607	21 
608	27 
609	37 
610	13 
611	30 
612	33 
613	10 
614	9 
615	20 
616	29 
617	29 
618	34 
619	27 
620	23 
621	9 
622	23 
623	7 
624	27 
625	29 
626	30 
627	28 
628	29 
629	10 
630	24 
631	6 
632	7 
633	10 
634	33 
635	18 
636	18 
637	26 
638	18 
639	10 
640	10 
641	18 
642	10 
643	37 
644	34 
645	22 
646	35 
647	29 
648	26 
649	2 
650	30 
651	9 
652	33 
653	20 
654	20 
655	7 
656	27 
657	6 
658	28 
659	36 
660	26 
661	28 
662	16 
663	1 
664	27 
665	30 
666	26 
667	36 
668	9 
669	8 
670	7 
671	6 
672	11 
673	1 
674	34 
675	22 
676	11 
677	9 
678	28 
679	9 
680	30 
681	16 
682	21 
683	35 
684	35 
685	30 
686	34 
687	21 
688	27 
689	24 
690	22 
691	28 
692	13 
693	13 
694	1 
695	21 
696	10 
697	30 
698	35 
699	11 
700	20 
701	22 
702	34 
703	21 
704	13 
705	35 
706	23 
707	13 
708	18 
709	37 
710	11 
711	21 
712	28 
713	21 
714	17 
715	35 
716	25 
717	27 
718	22 
719	18 
720	36 
721	22 
722	23 
723	37 
724	25 
725	20 
726	9 
727	9 
728	27 
729	20 
730	24 
731	9 
732	13 
733	13 
734	21 
735	2 
736	13 
737	11 
738	24 
739	36 
740	37 
741	36 
742	18 
743	2 
744	7 
745	27 
746	23 
747	10 
748	10 
749	11 
750	29 
751	7 
752	24 
753	27 
754	18 
755	21 
756	29 
757	2 
758	37 
759	10 
760	22 
761	21 
762	24 
763	20 
764	7 
765	9 
766	24 
767	2 
768	37 
769	27 
770	28 
771	7 
772	17 
773	20 
774	7 
775	34 
776	17 
777	29 
778	17 
779	18 
780	11 
781	20 
782	27 
783	2 
784	24 
785	11 
786	34 
787	20 
788	37 
789	18 
790	34 
791	18 
792	27 
793	22 
794	13 
795	29 
796	11 
797	33 
798	13 
799	17 
800	37 
801	34 
802	27 
803	13 
804	28 
805	24 
806	34 
807	27 
808	21 
809	24 
810	34 
811	18 
812	22 
813	16 
814	13 
815	34 
816	29 
817	21 
818	16 
819	22 
820	33 
821	13 
822	22 
823	16 
824	21 
825	16 
826	18 
827	37 
828	16 
829	22 
830	22 
831	17 
832	21 
833	17 
834	37 
835	29 
836	13 
837	22 
838	28 
839	37 
840	34 
841	34 
842	7 
843	18 
844	37 
845	24 
846	28 
847	28 
848	34 
849	13 
850	34 
851	18 
852	2 
853	34 
854	18 
855	7 
856	34 
857	37 
858	22 
859	7 
860	33 
861	28 
862	24 
863	16 
864	28 
865	17 
866	22 
867	2 
868	2 
869	34 
870	24 
871	28 
872	33 
873	37 
874	37 
875	37 
876	16 
877	37 
878	24 
879	34 
880	37 
881	17 
882	17 
883	33 
884	16 
885	7 
886	24 
887	17 
888	2 
889	34 
890	37 
891	34 
892	2 
893	37 
894	37 
895	2 
896	24 
897	24 
898	24 
899	24 
900	34 
901	34 
902	2 
903	7 
904	16 
905	2 
906	16 
907	7 
908	33 
909	33 
910	17 
911	16 
912	24 
913	2 
914	24 
915	24 
916	2 
917	16 
918	16 
919	2 
920	16 
921	33 
922	33 
923	33 
924	33 
925	16 
926	2 
927	24 
928	2 
929	17 
930	24 
931	16 
932	2 
933	2 
934	33 
935	17 
936	16 
937	2 
938	33 
939	33 
940	16 
941	17 
942	33 
943	2 
944	33 
945	17 
946	17 
947	17 
948	33 
949	2 
950	2 
951	33 
952	17 
953	17 
954	33 
955	33 
956	17 
957	17 
958	33 
959	17 
960	33 
961	33 
962	33 
963	17 
964	17 
965	17 
966	33 
967	33 
968	17 
969	33 
970	17 
971	33 
972	33 
973	17 
974	33 
975	17 
976	17 
977	33 
978	33 
979	33 
980	33 
981	17 
982	17 
983	33 
984	17 
985	17 
986	33 
987	33 
988	33 
989	33 
990	33 
991	17 
992	17 
993	17 
994	17 
995	17 
996	17 
997	17 
998	17 
999	17 
1000	17 
