1	342
1	545
1	563
1	692
1	741
1	899
2	355
2	360
2	593
2	661
2	683
2	766
3	12
3	367
3	410
3	783
3	924
3	958
4	300
4	571
4	736
4	882
4	905
4	971
5	293
5	643
5	757
5	792
5	811
5	834
6	468
6	540
6	794
6	815
6	966
6	989
7	163
7	299
7	361
7	654
7	673
7	946
8	42
8	153
8	220
8	289
8	636
8	642
9	298
9	397
9	404
9	568
9	793
9	939
10	269
10	296
10	370
10	611
10	679
10	740
11	316
11	431
11	449
11	530
11	809
11	815
12	3
12	166
12	456
12	856
12	868
12	968
13	16
13	258
13	693
13	706
13	729
13	802
14	659
14	826
14	861
14	877
14	941
14	952
15	480
15	492
15	498
15	598
15	609
15	952
16	13
16	505
16	695
16	859
16	946
16	990
17	114
17	421
17	454
17	685
17	960
17	984
18	103
18	154
18	220
18	408
18	689
18	975
19	46
19	51
19	783
19	787
19	899
19	930
20	475
20	517
20	597
20	648
20	848
20	948
21	510
21	590
21	595
21	680
21	893
21	900
22	29
22	294
22	405
22	593
22	706
22	958
23	144
23	333
23	657
23	705
23	719
23	728
24	323
24	498
24	726
24	828
24	882
24	994
25	70
25	165
25	457
25	648
25	807
25	916
26	556
26	603
26	665
26	862
26	904
26	923
27	458
27	709
27	767
27	779
27	898
27	920
28	234
28	397
28	476
28	712
28	897
28	923
29	22
29	113
29	153
29	583
29	921
29	923
30	239
30	468
30	522
30	747
30	750
30	881
31	57
31	84
31	643
31	657
31	857
31	964
32	176
32	441
32	496
32	804
32	881
32	989
33	533
33	600
33	618
33	717
33	905
33	923
34	306
34	385
34	630
34	743
34	752
34	766
35	461
35	488
35	520
35	699
35	727
35	760
36	246
36	344
36	711
36	739
36	762
36	924
37	496
37	578
37	701
37	769
37	821
37	884
38	310
38	516
38	658
38	835
38	867
38	988
39	121
39	574
39	914
39	962
39	978
39	994
40	237
40	292
40	536
40	597
40	624
40	886
41	673
41	717
41	724
41	800
41	912
41	937
42	8
42	213
42	758
42	775
42	838
42	932
43	68
43	194
43	596
43	729
43	761
43	979
44	114
44	157
44	230
44	366
44	470
44	825
45	356
45	576
45	706
45	736
45	768
45	983
46	19
46	185
46	606
46	637
46	833
46	907
47	169
47	316
47	673
47	789
47	868
47	933
48	409
48	582
48	631
48	732
48	890
48	955
49	178
49	240
49	499
49	504
49	607
49	929
50	487
50	663
50	841
50	902
50	992
50	999
51	19
51	123
51	295
51	784
51	824
51	880
52	68
52	709
52	845
52	905
52	948
52	979
53	73
53	83
53	302
53	424
53	640
53	925
54	181
54	253
54	376
54	472
54	716
54	769
55	111
55	530
55	584
55	867
55	950
55	997
56	185
56	641
56	674
56	847
56	939
56	957
57	31
57	359
57	546
57	580
57	831
57	987
58	262
58	285
58	396
58	512
58	527
58	955
59	347
59	524
59	683
59	839
59	913
59	980
60	165
60	513
60	555
60	715
60	890
60	924
61	145
61	202
61	263
61	385
61	618
61	779
62	277
62	437
62	501
62	724
62	727
62	968
63	415
63	491
63	608
63	920
63	980
63	998
64	456
64	595
64	703
64	747
64	790
64	904
65	292
65	464
65	665
65	723
65	834
65	933
66	503
66	584
66	693
66	722
66	724
66	762
67	212
67	257
67	358
67	639
67	652
67	820
68	43
68	52
68	696
68	783
68	905
68	961
69	70
69	94
69	445
69	595
69	922
69	961
70	25
70	69
70	373
70	819
70	901
70	976
71	167
71	302
71	540
71	754
71	833
71	905
72	537
72	698
72	709
72	812
72	830
72	963
73	53
73	411
73	660
73	767
73	795
73	887
74	284
74	418
74	634
74	639
74	821
74	900
75	101
75	336
75	439
75	677
75	777
75	958
76	114
76	751
76	764
76	923
76	950
76	958
77	652
77	710
77	807
77	889
77	898
77	940
78	286
78	295
78	672
78	759
78	992
78	995
79	352
79	416
79	563
79	807
79	918
79	963
80	336
80	558
80	773
80	901
80	972
80	977
81	265
81	653
81	813
81	899
81	944
81	953
82	172
82	291
82	329
82	450
82	625
82	967
83	53
83	435
83	511
83	644
83	768
83	860
84	31
84	100
84	523
84	643
84	664
84	969
85	194
85	338
85	547
85	676
85	843
85	951
86	610
86	688
86	828
86	916
86	966
86	978
87	323
87	584
87	704
87	777
87	853
87	983
88	99
88	188
88	331
88	828
88	920
88	996
89	518
89	601
89	784
89	824
89	949
89	981
90	267
90	654
90	826
90	910
90	941
90	953
91	366
91	492
91	573
91	668
91	796
91	945
92	360
92	362
92	463
92	675
92	952
92	982
93	229
93	598
93	680
93	820
93	929
93	933
94	69
94	630
94	901
94	919
94	937
94	963
95	348
95	489
95	602
95	678
95	933
95	950
96	175
96	397
96	664
96	709
96	853
96	872
97	121
97	307
97	557
97	672
97	706
97	893
98	256
98	701
98	756
98	774
98	936
98	981
99	88
99	204
99	649
99	792
99	829
99	989
100	84
100	135
100	672
100	907
100	947
100	1000
101	75
101	178
101	391
101	411
101	485
101	492
102	118
102	511
102	562
102	705
102	795
102	992
103	18
103	358
103	387
103	418
103	619
103	735
104	206
104	449
104	583
104	666
104	774
104	820
105	375
105	468
105	675
105	809
105	821
105	980
106	119
106	180
106	365
106	648
106	685
106	695
107	222
107	264
107	526
107	587
107	880
107	957
108	333
108	394
108	456
108	583
108	802
108	824
109	649
109	664
109	835
109	913
109	991
109	996
110	245
110	341
110	604
110	702
110	719
110	854
111	55
111	381
111	455
111	694
111	948
111	982
112	276
112	577
112	698
112	857
112	865
112	910
113	29
113	220
113	298
113	410
113	617
113	960
114	17
114	44
114	76
114	414
114	579
114	611
115	541
115	614
115	753
115	828
115	903
115	920
116	210
116	506
116	551
116	559
116	838
116	934
117	646
117	683
117	697
117	951
117	968
117	979
118	102
118	444
118	448
118	526
118	647
118	661
119	106
119	232
119	467
119	640
119	940
119	986
120	201
120	369
120	572
120	665
120	687
120	850
121	39
121	97
121	149
121	759
121	814
121	878
122	328
122	491
122	812
122	836
122	896
122	934
123	51
123	704
123	779
123	840
123	941
123	946
124	142
124	394
124	626
124	680
124	687
124	925
125	220
125	286
125	521
125	626
125	629
125	829
126	445
126	470
126	518
126	748
126	861
126	952
127	241
127	585
127	716
127	885
127	939
127	956
128	435
128	497
128	615
128	659
128	752
128	820
129	685
129	779
129	941
129	956
129	971
129	985
130	341
130	776
130	800
130	866
130	879
130	990
131	209
131	477
131	591
131	749
131	923
131	997
132	220
132	354
132	495
132	515
132	570
132	735
133	264
133	737
133	813
133	903
133	980
133	996
134	199
134	485
134	651
134	655
134	686
134	943
135	100
135	462
135	464
135	571
135	898
135	982
136	314
136	655
136	657
136	666
136	716
136	766
137	378
137	468
137	769
137	836
137	895
137	913
138	363
138	407
138	431
138	562
138	887
138	958
139	368
139	429
139	485
139	637
139	859
139	948
140	179
140	541
140	589
140	919
140	924
140	945
141	236
141	382
141	448
141	513
141	634
141	806
142	124
142	427
142	671
142	833
142	880
142	939
143	164
143	262
143	534
143	720
143	757
143	882
144	23
144	262
144	609
144	858
144	872
144	957
145	61
145	258
145	366
145	502
145	664
145	943
146	377
146	626
146	689
146	745
146	948
146	960
147	363
147	385
147	559
147	560
147	873
147	947
148	150
148	434
148	511
148	853
148	875
148	959
149	121
149	309
149	400
149	562
149	916
149	977
150	148
150	227
150	312
150	575
150	897
150	986
151	377
151	538
151	727
151	837
151	966
151	978
152	303
152	681
152	738
152	772
152	918
152	939
153	8
153	29
153	270
153	539
153	627
153	753
154	18
154	242
154	513
154	918
154	922
154	994
155	383
155	417
155	539
155	634
155	658
155	880
156	195
156	731
156	797
156	820
156	840
156	883
157	44
157	225
157	588
157	592
157	887
157	943
158	454
158	463
158	561
158	595
158	942
158	954
159	304
159	463
159	718
159	859
159	867
159	1000
160	390
160	483
160	624
160	644
160	708
160	812
161	493
161	749
161	827
161	881
161	901
161	950
162	376
162	486
162	588
162	597
162	822
162	967
163	7
163	413
163	539
163	697
163	810
163	893
164	143
164	476
164	592
164	778
164	828
164	862
165	25
165	60
165	270
165	399
165	848
165	986
166	12
166	710
166	727
166	838
166	934
166	949
167	71
167	416
167	470
167	729
167	926
167	995
168	274
168	474
168	551
168	698
168	868
168	1000
169	47
169	401
169	700
169	938
169	940
169	973
170	397
170	543
170	811
170	864
170	925
170	933
171	292
171	380
171	487
171	512
171	750
171	913
172	82
172	453
172	724
172	875
172	966
172	979
173	203
173	217
173	224
173	259
173	341
173	976
174	407
174	408
174	617
174	753
174	895
174	931
175	96
175	480
175	605
175	736
175	741
175	963
176	32
176	669
176	672
176	713
176	965
176	984
177	337
177	445
177	602
177	620
177	700
177	813
178	49
178	101
178	506
178	649
178	875
178	957
179	140
179	446
179	591
179	856
179	951
179	991
180	106
180	577
180	637
180	726
180	971
180	982
181	54
181	344
181	530
181	660
181	685
181	884
182	193
182	360
182	461
182	614
182	661
182	999
183	373
183	608
183	609
183	833
183	913
183	933
184	190
184	426
184	447
184	895
184	904
184	912
185	46
185	56
185	448
185	703
185	789
185	855
186	236
186	420
186	653
186	794
186	852
186	971
187	356
187	650
187	753
187	938
187	957
187	992
188	88
188	226
188	381
188	441
188	705
188	948
189	248
189	278
189	446
189	783
189	857
189	977
190	184
190	576
190	732
190	829
190	836
190	950
191	382
191	565
191	809
191	919
191	964
191	970
192	293
192	566
192	573
192	797
192	810
192	825
193	182
193	428
193	494
193	606
193	901
193	960
194	43
194	85
194	516
194	526
194	744
194	958
195	156
195	506
195	692
195	794
195	890
195	911
196	565
196	676
196	884
196	929
196	944
196	962
197	597
197	730
197	755
197	806
197	814
197	962
198	205
198	350
198	437
198	863
198	864
198	1000
199	134
199	621
199	682
199	753
199	919
199	937
200	240
200	772
200	817
200	868
200	970
200	987
201	120
201	444
201	472
201	546
201	743
201	788
202	61
202	383
202	595
202	608
202	868
202	909
203	173
203	306
203	371
203	747
203	756
203	851
204	99
204	467
204	530
204	570
204	961
204	989
205	198
205	428
205	460
205	635
205	726
205	952
206	104
206	825
206	827
206	847
206	969
206	992
207	295
207	439
207	510
207	800
207	927
207	988
208	368
208	389
208	892
208	916
208	927
208	928
209	131
209	573
209	621
209	671
209	958
209	982
210	116
210	374
210	569
210	645
210	755
210	825
211	267
211	532
211	637
211	874
211	962
211	989
212	67
212	395
212	604
212	706
212	862
212	938
213	42
213	294
213	347
213	568
213	597
213	802
213	891
214	390
214	633
214	649
214	715
214	721
214	790
214	955
215	329
215	427
215	635
215	658
215	696
215	892
215	919
216	326
216	410
216	511
216	829
216	900
216	985
216	998
217	173
217	267
217	381
217	417
217	536
217	801
217	966
218	415
218	448
218	451
218	645
218	770
218	886
218	963
219	433
219	659
219	758
219	770
219	812
219	853
219	855
220	8
220	18
220	113
220	125
220	132
220	864
220	888
221	371
221	386
221	691
221	734
221	845
221	894
221	930
222	107
222	233
222	241
222	596
222	763
222	839
222	982
223	253
223	359
223	558
223	559
223	679
223	780
223	836
224	173
224	443
224	621
224	679
224	764
224	911
224	917
225	157
225	263
225	728
225	832
225	859
225	951
225	974
226	188
226	474
226	497
226	590
226	814
226	840
226	915
227	150
227	565
227	631
227	638
227	646
227	689
227	890
228	284
228	401
228	412
228	497
228	729
228	865
228	945
229	93
229	361
229	430
229	463
229	656
229	900
229	932
230	44
230	439
230	511
230	678
230	726
230	828
230	897
231	440
231	502
231	586
231	752
231	781
231	890
231	931
232	119
232	285
232	393
232	520
232	539
232	690
232	798
233	222
233	676
233	745
233	794
233	801
233	904
233	962
234	28
234	713
234	780
234	803
234	877
234	978
234	988
235	622
235	862
235	872
235	880
235	966
235	970
235	971
236	141
236	186
236	379
236	442
236	523
236	745
236	868
237	40
237	314
237	343
237	542
237	684
237	817
237	895
238	474
238	816
238	835
238	893
238	898
238	925
238	956
239	30
239	589
239	722
239	784
239	939
239	978
239	987
240	49
240	200
240	445
240	610
240	714
240	878
240	993
241	127
241	222
241	303
241	397
241	716
241	750
241	951
242	154
242	408
242	434
242	508
242	655
242	684
242	965
243	459
243	478
243	547
243	718
243	767
243	921
243	985
244	490
244	506
244	541
244	691
244	746
244	849
244	919
245	110
245	672
245	781
245	794
245	807
245	918
245	925
246	36
246	307
246	550
246	606
246	635
246	727
246	950
247	346
247	439
247	643
247	681
247	767
247	921
247	990
248	189
248	438
248	604
248	785
248	878
248	917
248	960
249	509
249	713
249	859
249	870
249	913
249	967
249	990
250	428
250	769
250	779
250	787
250	841
250	993
250	999
251	273
251	479
251	560
251	571
251	761
251	896
251	975
252	504
252	591
252	618
252	696
252	788
252	840
252	948
253	54
253	223
253	255
253	370
253	811
253	856
253	977
254	709
254	834
254	898
254	912
254	934
254	939
254	946
255	253
255	652
255	738
255	818
255	941
255	943
255	985
256	98
256	260
256	265
256	656
256	686
256	853
256	861
257	67
257	507
257	516
257	575
257	609
257	761
257	936
258	13
258	145
258	339
258	396
258	568
258	673
258	785
259	173
259	702
259	803
259	931
259	940
259	970
259	985
260	256
260	552
260	817
260	820
260	836
260	928
260	943
261	375
261	525
261	543
261	605
261	757
261	872
261	998
262	58
262	143
262	144
262	675
262	712
262	861
262	914
263	61
263	225
263	424
263	774
263	863
263	869
263	930
264	107
264	133
264	466
264	483
264	496
264	761
264	948
265	81
265	256
265	602
265	628
265	715
265	739
265	928
266	420
266	511
266	581
266	733
266	746
266	866
266	925
267	90
267	211
267	217
267	305
267	724
267	776
267	862
268	395
268	491
268	562
268	618
268	872
268	908
268	999
269	10
269	410
269	452
269	462
269	674
269	778
269	986
270	153
270	165
270	436
270	453
270	670
270	761
270	826
271	356
271	394
271	425
271	431
271	630
271	756
271	982
272	421
272	739
272	846
272	848
272	871
272	950
272	958
273	251
273	308
273	448
273	499
273	664
273	704
273	926
274	168
274	403
274	470
274	487
274	554
274	563
274	940
275	460
275	489
275	491
275	643
275	775
275	887
275	941
276	112
276	466
276	538
276	606
276	733
276	760
276	959
277	62
277	383
277	398
277	591
277	626
277	650
277	937
278	189
278	336
278	368
278	371
278	819
278	988
278	999
279	301
279	642
279	680
279	759
279	804
279	810
279	849
280	361
280	670
280	742
280	818
280	871
280	940
280	986
281	319
281	364
281	423
281	658
281	726
281	873
281	961
282	396
282	567
282	693
282	778
282	791
282	834
282	987
283	355
283	380
283	625
283	753
283	836
283	863
283	995
284	74
284	228
284	399
284	523
284	831
284	837
284	937
285	58
285	232
285	360
285	482
285	484
285	851
285	984
286	78
286	125
286	349
286	553
286	722
286	786
286	907
287	410
287	450
287	529
287	573
287	675
287	738
287	939
288	429
288	458
288	537
288	653
288	900
288	916
288	923
289	8
289	457
289	662
289	737
289	864
289	871
289	932
290	593
290	661
290	700
290	864
290	882
290	922
290	924
291	82
291	394
291	545
291	599
291	635
291	707
291	899
292	40
292	65
292	171
292	315
292	440
292	749
292	899
293	5
293	192
293	498
293	633
293	863
293	867
293	966
294	22
294	213
294	561
294	584
294	777
294	871
294	992
295	51
295	78
295	207
295	606
295	825
295	838
295	896
296	10
296	754
296	775
296	862
296	892
296	978
296	992
297	316
297	622
297	741
297	885
297	917
297	957
297	987
298	9
298	113
298	406
298	594
298	677
298	873
298	924
299	7
299	445
299	541
299	652
299	657
299	682
299	825
300	4
300	356
300	637
300	653
300	799
300	814
300	940
301	279
301	312
301	417
301	449
301	869
301	937
301	958
302	53
302	71
302	494
302	568
302	852
302	949
302	998
303	152
303	241
303	524
303	711
303	713
303	847
303	902
304	159
304	426
304	650
304	799
304	884
304	927
304	956
305	267
305	400
305	651
305	654
305	714
305	732
305	782
306	34
306	203
306	518
306	625
306	758
306	778
306	902
307	97
307	246
307	915
307	945
307	967
307	986
307	1000
308	273
308	564
308	584
308	837
308	845
308	930
308	978
309	149
309	370
309	567
309	839
309	928
309	977
309	994
310	38
310	488
310	577
310	616
310	696
310	922
310	970
311	466
311	550
311	578
311	766
311	783
311	819
311	897
312	150
312	301
312	428
312	435
312	504
312	627
312	968
313	347
313	587
313	872
313	904
313	909
313	938
313	961
314	136
314	237
314	457
314	778
314	785
314	821
314	991
315	292
315	359
315	697
315	826
315	898
315	934
315	968
316	11
316	47
316	297
316	464
316	469
316	866
316	955
317	353
317	399
317	493
317	564
317	779
317	909
317	960
318	473
318	592
318	632
318	670
318	687
318	940
318	947
319	281
319	327
319	669
319	709
319	799
319	835
319	926
320	796
320	798
320	854
320	919
320	933
320	981
320	992
321	400
321	552
321	583
321	640
321	881
321	971
321	992
322	487
322	581
322	599
322	751
322	764
322	876
322	984
323	24
323	87
323	447
323	720
323	729
323	791
323	887
324	338
324	587
324	647
324	748
324	834
324	846
324	954
325	345
325	621
325	622
325	628
325	687
325	745
325	816
326	216
326	419
326	571
326	721
326	870
326	901
326	988
327	319
327	656
327	712
327	877
327	934
327	950
327	957
328	122
328	362
328	623
328	821
328	839
328	856
328	894
329	82
329	215
329	487
329	691
329	794
329	907
329	960
330	398
330	495
330	601
330	638
330	736
330	739
330	869
331	88
331	550
331	798
331	839
331	944
331	965
331	978
332	398
332	603
332	630
332	638
332	879
332	951
332	968
333	23
333	108
333	414
333	459
333	711
333	965
333	982
334	419
334	552
334	680
334	844
334	907
334	930
334	947
335	387
335	544
335	851
335	865
335	872
335	897
335	966
336	75
336	80
336	278
336	374
336	926
336	970
336	985
337	177
337	602
337	639
337	707
337	947
337	959
337	966
338	85
338	324
338	516
338	554
338	733
338	768
338	783
339	258
339	398
339	446
339	544
339	695
339	699
339	704
340	432
340	500
340	587
340	631
340	759
340	934
340	993
341	110
341	130
341	173
341	494
341	795
341	901
341	914
342	1
342	376
342	515
342	572
342	628
342	849
342	986
343	237
343	610
343	690
343	873
343	896
343	922
343	988
344	36
344	181
344	388
344	668
344	951
344	961
344	966
345	325
345	403
345	486
345	527
345	637
345	832
345	900
346	247
346	405
346	498
346	521
346	535
346	660
346	678
347	59
347	213
347	313
347	398
347	632
347	835
347	877
348	95
348	448
348	644
348	668
348	725
348	735
348	789
349	286
349	486
349	677
349	680
349	740
349	842
349	880
350	198
350	658
350	732
350	780
350	850
350	925
350	964
351	547
351	586
351	683
351	726
351	942
351	950
351	980
352	79
352	404
352	416
352	612
352	709
352	796
352	851
352	927
353	317
353	469
353	614
353	718
353	797
353	808
353	930
353	935
354	132
354	369
354	537
354	571
354	723
354	798
354	809
354	957
355	2
355	283
355	451
355	503
355	810
355	812
355	838
355	874
356	45
356	187
356	271
356	300
356	430
356	754
356	801
356	954
357	453
357	538
357	580
357	634
357	641
357	649
357	811
357	977
358	67
358	103
358	504
358	706
358	767
358	848
358	896
358	959
359	57
359	223
359	315
359	385
359	564
359	692
359	705
359	820
360	2
360	92
360	182
360	285
360	421
360	540
360	765
360	811
361	7
361	229
361	280
361	363
361	585
361	843
361	846
361	866
362	92
362	328
362	471
362	482
362	554
362	624
362	822
362	943
363	138
363	147
363	361
363	588
363	745
363	793
363	821
363	930
364	281
364	708
364	736
364	767
364	789
364	840
364	873
364	892
365	106
365	532
365	536
365	561
365	689
365	744
365	854
365	917
366	44
366	91
366	145
366	431
366	527
366	582
366	652
366	683
367	3
367	430
367	509
367	606
367	638
367	730
367	763
367	900
368	139
368	208
368	278
368	448
368	494
368	696
368	703
368	747
369	120
369	354
369	536
369	742
369	746
369	849
369	936
369	963
370	10
370	253
370	309
370	507
370	701
370	829
370	847
370	961
371	203
371	221
371	278
371	425
371	701
371	866
371	965
371	973
372	379
372	432
372	502
372	823
372	875
372	922
372	992
372	1000
373	70
373	183
373	597
373	663
373	675
373	846
373	863
373	865
374	210
374	336
374	578
374	634
374	816
374	853
374	872
374	985
375	105
375	261
375	444
375	786
375	790
375	856
375	862
375	913
376	54
376	162
376	342
376	472
376	634
376	802
376	831
376	995
377	146
377	151
377	487
377	495
377	594
377	640
377	666
377	746
378	137
378	651
378	679
378	843
378	848
378	876
378	911
378	974
379	236
379	372
379	681
379	730
379	783
379	896
379	909
379	982
380	171
380	283
380	665
380	725
380	786
380	869
380	871
380	932
381	111
381	188
381	217
381	612
381	686
381	806
381	927
381	980
382	141
382	191
382	618
382	818
382	841
382	849
382	978
382	1000
383	155
383	202
383	277
383	423
383	686
383	737
383	873
383	962
384	514
384	561
384	575
384	618
384	666
384	743
384	755
384	984
385	34
385	61
385	147
385	359
385	773
385	887
385	979
385	988
386	221
386	605
386	721
386	793
386	850
386	858
386	917
386	942
387	103
387	335
387	488
387	668
387	696
387	770
387	805
387	911
388	344
388	497
388	542
388	664
388	756
388	824
388	912
388	947
389	208
389	455
389	627
389	665
389	798
389	898
389	920
389	997
390	160
390	214
390	458
390	519
390	695
390	737
390	845
390	996
391	101
391	562
391	731
391	741
391	757
391	880
391	895
391	996
392	499
392	505
392	562
392	771
392	885
392	886
392	913
392	996
393	232
393	425
393	759
393	875
393	891
393	906
393	920
393	930
394	108
394	124
394	271
394	291
394	567
394	620
394	900
394	964
395	212
395	268
395	501
395	555
395	802
395	916
395	993
395	995
396	58
396	258
396	282
396	625
396	738
396	827
396	849
396	963
397	9
397	28
397	96
397	170
397	241
397	594
397	705
397	870
398	277
398	330
398	332
398	339
398	347
398	577
398	718
398	874
399	165
399	284
399	317
399	461
399	693
399	832
399	882
399	902
400	149
400	305
400	321
400	565
400	742
400	803
400	873
400	965
401	169
401	228
401	560
401	615
401	761
401	765
401	888
401	979
402	406
402	544
402	611
402	737
402	769
402	849
402	983
402	986
403	274
403	345
403	473
403	553
403	781
403	818
403	842
403	997
404	9
404	352
404	411
404	412
404	564
404	748
404	908
404	967
405	22
405	346
405	430
405	527
405	580
405	892
405	990
405	997
406	298
406	402
406	521
406	544
406	587
406	671
406	717
406	751
407	138
407	174
407	528
407	532
407	549
407	680
407	800
407	834
408	18
408	174
408	242
408	537
408	600
408	686
408	698
408	776
409	48
409	416
409	559
409	630
409	653
409	713
409	735
409	749
410	3
410	113
410	216
410	269
410	287
410	738
410	797
410	923
411	73
411	101
411	404
411	473
411	819
411	891
411	892
411	984
412	228
412	404
412	466
412	552
412	604
412	900
412	912
412	969
413	163
413	416
413	708
413	787
413	801
413	848
413	882
413	992
414	114
414	333
414	416
414	546
414	586
414	741
414	832
414	998
415	63
415	218
415	439
415	720
415	724
415	742
415	777
415	785
416	79
416	167
416	352
416	409
416	413
416	414
416	560
416	963
417	155
417	217
417	301
417	475
417	576
417	696
417	893
417	943
418	74
418	103
418	629
418	722
418	791
418	822
418	854
418	986
419	326
419	334
419	651
419	800
419	815
419	901
419	970
419	995
420	186
420	266
420	438
420	542
420	581
420	824
420	955
420	984
421	17
421	272
421	360
421	469
421	497
421	507
421	599
421	842
422	461
422	595
422	707
422	723
422	828
422	887
422	912
422	978
423	281
423	383
423	440
423	566
423	743
423	778
423	804
423	837
424	53
424	263
424	558
424	688
424	862
424	863
424	869
424	936
425	271
425	371
425	393
425	479
425	559
425	717
425	886
425	888
426	184
426	304
426	502
426	568
426	842
426	854
426	873
426	988
427	142
427	215
427	539
427	773
427	833
427	884
427	893
427	936
428	193
428	205
428	250
428	312
428	466
428	902
428	956
428	968
429	139
429	288
429	534
429	627
429	628
429	648
429	858
429	933
430	229
430	356
430	367
430	405
430	518
430	555
430	878
430	991
431	11
431	138
431	271
431	366
431	690
431	856
431	891
431	963
432	340
432	372
432	764
432	797
432	844
432	854
432	977
432	992
433	219
433	537
433	558
433	563
433	854
433	897
433	955
433	998
434	148
434	242
434	587
434	624
434	689
434	836
434	843
434	864
435	83
435	128
435	312
435	446
435	554
435	690
435	947
435	971
436	270
436	459
436	480
436	746
436	921
436	927
436	954
436	970
437	62
437	198
437	481
437	490
437	504
437	623
437	917
437	935
438	248
438	420
438	560
438	897
438	899
438	906
438	974
438	988
439	75
439	207
439	230
439	247
439	415
439	545
439	560
439	972
440	231
440	292
440	423
440	529
440	579
440	747
440	771
440	916
441	32
441	188
441	517
441	533
441	665
441	952
441	969
441	997
442	236
442	612
442	647
442	649
442	699
442	909
442	966
442	976
443	224
443	552
443	610
443	667
443	765
443	867
443	895
443	946
444	118
444	201
444	375
444	529
444	588
444	616
444	892
444	975
445	69
445	126
445	177
445	240
445	299
445	602
445	676
445	894
446	179
446	189
446	339
446	435
446	479
446	630
446	656
446	953
447	184
447	323
447	539
447	591
447	798
447	861
447	925
447	953
447	956
448	118
448	141
448	185
448	218
448	273
448	348
448	368
448	545
448	890
449	11
449	104
449	301
449	562
449	582
449	697
449	764
449	773
449	967
450	82
450	287
450	711
450	729
450	733
450	814
450	822
450	843
450	926
451	218
451	355
451	472
451	488
451	580
451	723
451	811
451	921
451	975
452	269
452	570
452	650
452	749
452	803
452	819
452	841
452	873
452	979
453	172
453	270
453	357
453	511
453	538
453	575
453	593
453	621
453	911
454	17
454	158
454	465
454	512
454	534
454	799
454	894
454	898
454	921
455	111
455	389
455	663
455	694
455	884
455	936
455	974
455	987
455	994
456	12
456	64
456	108
456	598
456	624
456	817
456	837
456	863
456	969
457	25
457	289
457	314
457	483
457	485
457	699
457	755
457	854
457	959
458	27
458	288
458	390
458	695
458	698
458	702
458	707
458	807
458	855
459	243
459	333
459	436
459	540
459	637
459	691
459	781
459	795
459	954
460	205
460	275
460	739
460	760
460	810
460	862
460	888
460	930
460	964
461	35
461	182
461	399
461	422
461	486
461	536
461	788
461	824
461	999
462	135
462	269
462	478
462	692
462	786
462	858
462	865
462	867
462	951
463	92
463	158
463	159
463	229
463	468
463	570
463	678
463	807
463	843
464	65
464	135
464	316
464	643
464	735
464	737
464	795
464	901
464	930
465	454
465	493
465	578
465	632
465	788
465	804
465	850
465	969
465	981
466	264
466	276
466	311
466	412
466	428
466	485
466	772
466	825
466	900
467	119
467	204
467	536
467	607
467	729
467	798
467	813
467	821
467	900
468	6
468	30
468	105
468	137
468	463
468	505
468	874
468	918
468	927
469	316
469	353
469	421
469	523
469	609
469	725
469	790
469	832
469	981
470	44
470	126
470	167
470	274
470	614
470	628
470	745
470	785
470	846
471	362
471	646
471	678
471	684
471	756
471	811
471	917
471	938
471	999
472	54
472	201
472	376
472	451
472	535
472	549
472	690
472	906
472	978
473	318
473	403
473	411
473	524
473	717
473	793
473	807
473	856
473	965
474	168
474	226
474	238
474	532
474	755
474	886
474	913
474	954
474	956
475	20
475	417
475	693
475	789
475	826
475	829
475	887
475	956
475	962
476	28
476	164
476	534
476	641
476	666
476	683
476	779
476	869
476	991
477	131
477	650
477	735
477	764
477	806
477	922
477	940
477	993
477	997
478	243
478	462
478	575
478	693
478	728
478	769
478	775
478	865
478	908
479	251
479	425
479	446
479	485
479	524
479	838
479	899
479	925
479	934
480	15
480	175
480	436
480	481
480	488
480	619
480	827
480	870
480	903
481	437
481	480
481	589
481	684
481	708
481	831
481	861
481	909
481	926
482	285
482	362
482	508
482	526
482	734
482	760
482	854
482	952
482	961
483	160
483	264
483	457
483	519
483	591
483	654
483	811
483	972
483	1000
484	285
484	740
484	750
484	760
484	872
484	936
484	937
484	952
484	956
485	101
485	134
485	139
485	457
485	466
485	479
485	496
485	768
485	821
486	162
486	345
486	349
486	461
486	521
486	744
486	790
486	851
486	896
487	50
487	171
487	274
487	322
487	329
487	377
487	927
487	942
487	955
488	35
488	310
488	387
488	451
488	480
488	656
488	791
488	813
488	826
489	95
489	275
489	503
489	550
489	685
489	758
489	771
489	815
489	880
490	244
490	437
490	541
490	620
490	772
490	777
490	789
490	951
490	998
491	63
491	122
491	268
491	275
491	629
491	785
491	809
491	823
491	956
492	15
492	91
492	101
492	597
492	749
492	815
492	887
492	981
492	984
493	161
493	317
493	465
493	570
493	577
493	619
493	645
493	894
493	993
494	193
494	302
494	341
494	368
494	770
494	783
494	811
494	875
494	886
495	132
495	330
495	377
495	592
495	718
495	858
495	891
495	954
495	955
496	32
496	37
496	264
496	485
496	607
496	698
496	728
496	857
496	889
497	128
497	226
497	228
497	388
497	421
497	860
497	961
497	962
497	966
498	15
498	24
498	293
498	346
498	531
498	598
498	671
498	756
498	943
499	49
499	273
499	392
499	579
499	719
499	799
499	927
499	948
499	999
500	340
500	622
500	641
500	695
500	724
500	842
500	917
500	965
500	977
501	62
501	395
501	605
501	700
501	762
501	813
501	846
501	850
501	906
502	145
502	231
502	372
502	426
502	847
502	876
502	883
502	888
502	927
503	66
503	355
503	489
503	578
503	586
503	756
503	870
503	878
503	941
504	49
504	252
504	312
504	358
504	437
504	648
504	861
504	928
504	955
505	16
505	392
505	468
505	576
505	587
505	668
505	688
505	773
505	781
506	116
506	178
506	195
506	244
506	561
506	667
506	758
506	867
506	875
507	257
507	370
507	421
507	650
507	695
507	701
507	864
507	916
507	926
508	242
508	482
508	511
508	548
508	715
508	762
508	798
508	955
508	979
509	249
509	367
509	541
509	555
509	656
509	890
509	904
509	980
509	987
510	21
510	207
510	652
510	754
510	760
510	828
510	875
510	973
510	996
511	83
511	102
511	148
511	216
511	230
511	266
511	453
511	508
511	643
512	58
512	171
512	454
512	658
512	752
512	817
512	898
512	934
512	956
513	60
513	141
513	154
513	600
513	646
513	657
513	949
513	981
513	995
514	384
514	599
514	625
514	706
514	717
514	732
514	768
514	797
514	915
515	132
515	342
515	617
515	741
515	841
515	931
515	944
515	968
515	994
516	38
516	194
516	257
516	338
516	594
516	712
516	714
516	926
516	964
517	20
517	441
517	638
517	776
517	879
517	974
517	979
517	989
517	994
518	89
518	126
518	306
518	430
518	821
518	831
518	921
518	935
518	949
519	390
519	483
519	637
519	654
519	764
519	801
519	870
519	923
519	991
520	35
520	232
520	548
520	704
520	827
520	907
520	926
520	935
520	962
521	125
521	346
521	406
521	486
521	574
521	707
521	859
521	912
521	967
522	30
522	557
522	559
522	595
522	679
522	692
522	866
522	875
522	985
523	84
523	236
523	284
523	469
523	781
523	793
523	930
523	959
523	996
524	59
524	303
524	473
524	479
524	632
524	715
524	729
524	813
524	972
525	261
525	617
525	668
525	735
525	766
525	775
525	860
525	933
525	975
526	107
526	118
526	194
526	482
526	557
526	613
526	696
526	761
526	815
527	58
527	345
527	366
527	405
527	652
527	733
527	874
527	910
527	985
528	407
528	628
528	640
528	718
528	720
528	801
528	894
528	970
528	976
529	287
529	440
529	444
529	538
529	607
529	665
529	882
529	883
529	911
530	11
530	55
530	181
530	204
530	686
530	742
530	816
530	827
530	849
531	498
531	658
531	777
531	821
531	850
531	853
531	888
531	934
531	996
532	211
532	365
532	407
532	474
532	644
532	779
532	801
532	871
532	987
533	33
533	441
533	546
533	565
533	744
533	762
533	842
533	910
533	956
534	143
534	429
534	454
534	476
534	674
534	908
534	909
534	983
534	984
535	346
535	472
535	564
535	620
535	696
535	752
535	897
535	941
535	944
536	40
536	217
536	365
536	369
536	461
536	467
536	822
536	864
536	953
537	72
537	288
537	354
537	408
537	433
537	703
537	737
537	907
537	947
538	151
538	276
538	357
538	453
538	529
538	694
538	911
538	980
538	981
539	153
539	155
539	163
539	232
539	427
539	447
539	718
539	740
539	975
540	6
540	71
540	360
540	459
540	748
540	788
540	855
540	957
540	995
541	115
541	140
541	244
541	299
541	490
541	509
541	762
541	818
541	871
542	237
542	388
542	420
542	679
542	723
542	741
542	763
542	876
542	932
543	170
543	261
543	586
543	684
543	725
543	804
543	931
543	946
543	992
544	335
544	339
544	402
544	406
544	575
544	830
544	871
544	912
544	933
545	1
545	291
545	439
545	448
545	582
545	753
545	834
545	945
545	987
546	57
546	201
546	414
546	533
546	636
546	690
546	780
546	817
546	980
546	986
547	85
547	243
547	351
547	660
547	764
547	787
547	874
547	971
547	975
547	991
548	508
548	520
548	574
548	586
548	614
548	710
548	720
548	851
548	905
548	920
549	407
549	472
549	644
549	701
549	741
549	780
549	812
549	835
549	985
549	990
550	246
550	311
550	331
550	489
550	689
550	737
550	741
550	784
550	830
550	916
551	116
551	168
551	671
551	674
551	684
551	804
551	844
551	896
551	984
551	985
552	260
552	321
552	334
552	412
552	443
552	635
552	773
552	785
552	824
552	968
553	286
553	403
553	586
553	629
553	906
553	907
553	923
553	936
553	974
553	979
554	274
554	338
554	362
554	435
554	646
554	647
554	758
554	853
554	935
554	940
555	60
555	395
555	430
555	509
555	576
555	653
555	731
555	762
555	824
555	890
556	26
556	659
556	670
556	691
556	703
556	715
556	846
556	857
556	869
556	983
557	97
557	522
557	526
557	659
557	747
557	859
557	875
557	924
557	928
557	953
558	80
558	223
558	424
558	433
558	691
558	692
558	768
558	822
558	904
558	967
559	116
559	147
559	223
559	409
559	425
559	522
559	616
559	674
559	720
559	808
560	147
560	251
560	401
560	416
560	438
560	439
560	675
560	677
560	750
560	816
561	158
561	294
561	365
561	384
561	506
561	579
561	673
561	799
561	802
561	996
562	102
562	138
562	149
562	268
562	391
562	392
562	449
562	648
562	861
562	878
563	1
563	79
563	274
563	433
563	572
563	654
563	759
563	775
563	814
563	951
564	308
564	317
564	359
564	404
564	535
564	684
564	712
564	755
564	923
564	993
565	191
565	196
565	227
565	400
565	533
565	651
565	835
565	862
565	964
565	991
566	192
566	423
566	574
566	608
566	665
566	705
566	844
566	883
566	936
566	964
567	282
567	309
567	394
567	609
567	746
567	799
567	885
567	890
567	903
567	905
568	9
568	213
568	258
568	302
568	426
568	721
568	727
568	802
568	910
568	991
569	210
569	631
569	670
569	725
569	747
569	770
569	774
569	915
569	973
569	975
570	132
570	204
570	452
570	463
570	493
570	685
570	749
570	880
570	885
570	979
571	4
571	135
571	251
571	326
571	354
571	598
571	647
571	657
571	704
571	914
572	120
572	342
572	563
572	596
572	775
572	806
572	818
572	823
572	897
572	920
573	91
573	192
573	209
573	287
573	617
573	659
573	752
573	834
573	914
573	974
574	39
574	521
574	548
574	566
574	633
574	663
574	704
574	784
574	819
574	919
575	150
575	257
575	384
575	453
575	478
575	544
575	771
575	816
575	867
575	979
576	45
576	190
576	417
576	505
576	555
576	588
576	613
576	669
576	778
576	929
577	112
577	180
577	310
577	398
577	493
577	642
577	683
577	880
577	914
577	922
578	37
578	311
578	374
578	465
578	503
578	651
578	752
578	821
578	829
578	894
579	114
579	440
579	499
579	561
579	750
579	771
579	787
579	796
579	935
579	947
580	57
580	357
580	405
580	451
580	758
580	763
580	857
580	914
580	960
580	983
581	266
581	322
581	420
581	627
581	669
581	746
581	781
581	911
581	940
581	975
582	48
582	366
582	449
582	545
582	605
582	923
582	928
582	975
582	987
582	999
583	29
583	104
583	108
583	321
583	727
583	759
583	773
583	853
583	936
583	938
584	55
584	66
584	87
584	294
584	308
584	801
584	848
584	856
584	943
584	1000
585	127
585	361
585	601
585	613
585	733
585	802
585	809
585	901
585	937
585	989
586	231
586	351
586	414
586	503
586	543
586	548
586	553
586	601
586	702
586	959
587	107
587	313
587	324
587	340
587	406
587	434
587	505
587	590
587	864
587	989
588	157
588	162
588	363
588	444
588	576
588	641
588	797
588	884
588	961
588	964
589	140
589	239
589	481
589	620
589	635
589	667
589	762
589	847
589	874
589	879
590	21
590	226
590	587
590	622
590	627
590	768
590	776
590	795
590	945
590	984
591	131
591	179
591	252
591	277
591	447
591	483
591	732
591	855
591	873
591	940
592	157
592	164
592	318
592	495
592	762
592	789
592	803
592	804
592	812
592	952
593	2
593	22
593	290
593	453
593	611
593	663
593	684
593	769
593	938
593	983
594	298
594	377
594	397
594	516
594	774
594	794
594	835
594	951
594	954
594	991
595	21
595	64
595	69
595	158
595	202
595	422
595	522
595	754
595	772
595	962
596	43
596	222
596	572
596	627
596	718
596	853
596	946
596	965
596	979
596	997
597	20
597	40
597	162
597	197
597	213
597	373
597	492
597	680
597	683
597	790
598	15
598	93
598	456
598	498
598	571
598	666
598	728
598	881
598	892
598	895
599	291
599	322
599	421
599	514
599	636
599	642
599	848
599	906
599	930
599	947
600	33
600	408
600	513
600	646
600	693
600	736
600	818
600	918
600	950
600	954
601	89
601	330
601	585
601	586
601	614
601	629
601	671
601	905
601	917
601	993
602	95
602	177
602	265
602	337
602	445
602	659
602	700
602	731
602	743
602	821
603	26
603	332
603	647
603	725
603	760
603	764
603	959
603	973
603	994
603	997
604	110
604	212
604	248
604	412
604	685
604	725
604	747
604	824
604	831
604	956
605	175
605	261
605	386
605	501
605	582
605	664
605	693
605	874
605	916
605	976
606	46
606	193
606	246
606	276
606	295
606	367
606	817
606	823
606	975
606	996
607	49
607	467
607	496
607	529
607	753
607	759
607	847
607	857
607	928
607	978
608	63
608	183
608	202
608	566
608	702
608	800
608	807
608	820
608	876
608	973
609	15
609	144
609	183
609	257
609	469
609	567
609	647
609	805
609	935
609	940
610	86
610	240
610	343
610	443
610	667
610	705
610	777
610	806
610	879
610	995
611	10
611	114
611	402
611	593
611	653
611	674
611	771
611	823
611	897
611	918
612	352
612	381
612	442
612	770
612	847
612	856
612	883
612	887
612	910
612	991
613	526
613	576
613	585
613	620
613	663
613	772
613	789
613	793
613	989
613	999
614	115
614	182
614	353
614	470
614	548
614	601
614	897
614	906
614	969
614	994
615	128
615	401
615	669
615	751
615	803
615	860
615	863
615	894
615	924
615	935
616	310
616	444
616	559
616	840
616	863
616	906
616	911
616	928
616	953
616	955
617	113
617	174
617	515
617	525
617	573
617	661
617	791
617	901
617	950
617	970
618	33
618	61
618	252
618	268
618	382
618	384
618	751
618	808
618	939
618	952
619	103
619	480
619	493
619	703
619	721
619	758
619	773
619	905
619	967
619	984
620	177
620	394
620	490
620	535
620	589
620	613
620	721
620	734
620	764
620	982
620	987
621	199
621	209
621	224
621	325
621	453
621	627
621	639
621	667
621	686
621	779
621	911
622	235
622	297
622	325
622	500
622	590
622	627
622	779
622	839
622	859
622	912
622	976
623	328
623	437
623	658
623	761
623	765
623	782
623	831
623	852
623	871
623	983
623	991
624	40
624	160
624	362
624	434
624	456
624	676
624	732
624	750
624	845
624	895
624	1000
625	82
625	283
625	306
625	396
625	514
625	655
625	701
625	766
625	919
625	971
625	992
626	124
626	125
626	146
626	277
626	860
626	933
626	937
626	938
626	962
626	971
626	989
627	153
627	312
627	389
627	429
627	581
627	590
627	596
627	621
627	622
627	786
627	841
628	265
628	325
628	342
628	429
628	470
628	528
628	761
628	810
628	929
628	959
628	977
629	125
629	418
629	491
629	553
629	601
629	636
629	740
629	753
629	843
629	855
629	907
630	34
630	94
630	271
630	332
630	409
630	446
630	695
630	736
630	842
630	873
630	902
631	48
631	227
631	340
631	569
631	665
631	719
631	750
631	892
631	912
631	916
631	918
632	318
632	347
632	465
632	524
632	654
632	655
632	740
632	804
632	837
632	983
632	989
633	214
633	293
633	574
633	653
633	755
633	790
633	846
633	908
633	910
633	951
633	957
634	74
634	141
634	155
634	357
634	374
634	376
634	768
634	817
634	845
634	946
634	998
635	205
635	215
635	246
635	291
635	552
635	589
635	865
635	869
635	882
635	973
635	976
636	8
636	546
636	599
636	629
636	658
636	689
636	719
636	836
636	886
636	944
636	986
637	46
637	139
637	180
637	211
637	300
637	345
637	459
637	519
637	688
637	737
637	894
638	227
638	330
638	332
638	367
638	517
638	672
638	833
638	838
638	843
638	887
638	976
639	67
639	74
639	337
639	621
639	805
639	828
639	852
639	858
639	890
639	904
639	921
640	53
640	119
640	321
640	377
640	528
640	808
640	814
640	877
640	882
640	968
640	988
641	56
641	357
641	476
641	500
641	588
641	698
641	835
641	908
641	920
641	941
641	968
642	8
642	279
642	577
642	599
642	716
642	770
642	810
642	870
642	904
642	907
642	929
643	5
643	31
643	84
643	247
643	275
643	464
643	511
643	644
643	795
643	987
643	999
644	83
644	160
644	348
644	532
644	549
644	643
644	645
644	757
644	858
644	865
644	986
645	210
645	218
645	493
645	644
645	691
645	752
645	771
645	773
645	944
645	969
645	972
646	117
646	227
646	471
646	513
646	554
646	600
646	673
646	679
646	784
646	855
646	958
647	118
647	324
647	442
647	554
647	571
647	603
647	609
647	700
647	835
647	879
647	971
648	20
648	25
648	106
648	429
648	504
648	562
648	784
648	796
648	888
648	913
648	954
649	99
649	109
649	178
649	214
649	357
649	442
649	704
649	838
649	839
649	915
649	965
650	187
650	277
650	304
650	452
650	477
650	507
650	754
650	761
650	936
650	938
650	982
651	134
651	305
651	378
651	419
651	565
651	578
651	790
651	816
651	833
651	893
651	916
652	67
652	77
652	255
652	299
652	366
652	510
652	527
652	854
652	859
652	960
652	985
653	81
653	186
653	288
653	300
653	409
653	555
653	611
653	633
653	826
653	857
653	928
654	7
654	90
654	305
654	483
654	519
654	563
654	632
654	700
654	857
654	943
654	977
655	134
655	136
655	242
655	625
655	632
655	733
655	796
655	860
655	883
655	938
655	960
656	229
656	256
656	327
656	446
656	488
656	509
656	730
656	865
656	896
656	900
656	990
657	23
657	31
657	136
657	299
657	513
657	571
657	674
657	694
657	891
657	990
657	994
658	38
658	155
658	215
658	281
658	350
658	512
658	531
658	623
658	636
658	733
658	777
659	14
659	128
659	219
659	556
659	557
659	573
659	602
659	723
659	801
659	820
659	964
660	73
660	181
660	346
660	547
660	672
660	702
660	730
660	771
660	893
660	933
660	964
661	2
661	118
661	182
661	290
661	617
661	694
661	697
661	749
661	778
661	922
661	952
662	289
662	730
662	739
662	774
662	786
662	831
662	865
662	901
662	926
662	969
662	988
663	50
663	373
663	455
663	574
663	593
663	613
663	720
663	738
663	850
663	891
663	914
664	84
664	96
664	109
664	145
664	273
664	388
664	605
664	801
664	919
664	946
664	985
665	26
665	65
665	120
665	380
665	389
665	441
665	529
665	566
665	631
665	864
665	935
666	104
666	136
666	377
666	384
666	476
666	598
666	814
666	906
666	933
666	984
666	991
667	443
667	506
667	589
667	610
667	621
667	761
667	765
667	793
667	839
667	915
667	956
668	91
668	344
668	348
668	387
668	505
668	525
668	792
668	851
668	888
668	963
668	996
669	176
669	319
669	576
669	581
669	615
669	703
669	819
669	872
669	902
669	953
669	999
670	270
670	280
670	318
670	556
670	569
670	711
670	737
670	795
670	807
670	965
670	977
671	142
671	209
671	406
671	498
671	551
671	601
671	799
671	819
671	835
671	865
671	921
672	78
672	97
672	100
672	176
672	245
672	638
672	660
672	708
672	725
672	768
672	964
673	7
673	41
673	47
673	258
673	561
673	646
673	711
673	717
673	794
673	893
673	950
674	56
674	269
674	534
674	551
674	559
674	611
674	657
674	746
674	803
674	942
674	950
675	92
675	105
675	262
675	287
675	373
675	560
675	743
675	789
675	794
675	974
675	977
676	85
676	196
676	233
676	445
676	624
676	738
676	740
676	755
676	838
676	918
676	985
677	75
677	298
677	349
677	560
677	787
677	797
677	861
677	892
677	930
677	956
677	957
678	95
678	230
678	346
678	463
678	471
678	699
678	732
678	780
678	884
678	936
678	993
679	10
679	223
679	224
679	378
679	522
679	542
679	646
679	687
679	924
679	961
679	1000
680	21
680	93
680	124
680	279
680	334
680	349
680	407
680	597
680	765
680	941
680	994
681	152
681	247
681	379
681	767
681	844
681	868
681	874
681	884
681	910
681	948
681	987
682	199
682	299
682	709
682	721
682	750
682	777
682	787
682	809
682	839
682	878
682	903
683	2
683	59
683	117
683	351
683	366
683	476
683	577
683	597
683	770
683	803
683	955
683	969
684	237
684	242
684	471
684	481
684	543
684	551
684	564
684	593
684	713
684	810
684	828
684	922
685	17
685	106
685	129
685	181
685	489
685	570
685	604
685	866
685	908
685	961
685	976
685	993
686	134
686	256
686	381
686	383
686	408
686	530
686	621
686	722
686	881
686	919
686	934
686	944
687	120
687	124
687	318
687	325
687	679
687	689
687	712
687	816
687	827
687	949
687	960
687	966
688	86
688	424
688	505
688	637
688	781
688	795
688	798
688	870
688	910
688	920
688	961
688	981
689	18
689	146
689	227
689	365
689	434
689	550
689	636
689	687
689	791
689	873
689	879
689	924
690	232
690	343
690	431
690	435
690	472
690	546
690	767
690	787
690	797
690	857
690	940
690	963
691	221
691	244
691	329
691	459
691	556
691	558
691	645
691	805
691	868
691	949
691	978
691	998
692	1
692	195
692	359
692	462
692	522
692	558
692	751
692	772
692	785
692	809
692	849
692	951
693	13
693	66
693	282
693	399
693	475
693	478
693	600
693	605
693	812
693	824
693	830
693	849
694	111
694	455
694	538
694	657
694	661
694	827
694	869
694	897
694	939
694	966
694	968
694	982
695	16
695	106
695	339
695	390
695	458
695	500
695	507
695	630
695	811
695	954
695	989
695	993
696	68
696	215
696	252
696	310
696	368
696	387
696	417
696	526
696	535
696	778
696	926
696	969
697	117
697	163
697	315
697	449
697	661
697	807
697	858
697	894
697	913
697	922
697	968
697	983
698	72
698	112
698	168
698	408
698	458
698	496
698	641
698	710
698	728
698	857
698	879
698	984
699	35
699	339
699	442
699	457
699	678
699	714
699	746
699	767
699	805
699	936
699	971
699	978
700	169
700	177
700	290
700	501
700	602
700	647
700	654
700	722
700	743
700	869
700	902
700	954
701	37
701	98
701	370
701	371
701	507
701	549
701	625
701	734
701	888
701	893
701	919
701	976
702	110
702	259
702	458
702	586
702	608
702	660
702	710
702	770
702	827
702	856
702	881
702	985
703	64
703	185
703	368
703	537
703	556
703	619
703	669
703	776
703	798
703	899
703	929
703	979
704	87
704	123
704	273
704	339
704	520
704	571
704	574
704	649
704	801
704	826
704	942
704	970
705	23
705	102
705	188
705	359
705	397
705	566
705	610
705	780
705	861
705	864
705	877
705	883
706	13
706	22
706	45
706	97
706	212
706	358
706	514
706	739
706	768
706	848
706	924
706	945
707	291
707	337
707	422
707	458
707	521
707	772
707	785
707	854
707	880
707	889
707	986
707	988
708	160
708	364
708	413
708	481
708	672
708	745
708	786
708	836
708	874
708	911
708	950
708	997
709	27
709	52
709	72
709	96
709	254
709	319
709	352
709	682
709	845
709	866
709	878
709	971
710	77
710	166
710	548
710	698
710	702
710	748
710	784
710	886
710	933
710	967
710	990
710	997
711	36
711	303
711	333
711	450
711	670
711	673
711	721
711	842
711	888
711	907
711	925
711	935
712	28
712	262
712	327
712	516
712	564
712	687
712	756
712	844
712	848
712	893
712	918
712	967
713	176
713	234
713	249
713	303
713	409
713	684
713	820
713	840
713	871
713	877
713	919
713	972
714	240
714	305
714	516
714	699
714	813
714	869
714	884
714	913
714	922
714	936
714	981
714	993
715	60
715	214
715	265
715	508
715	524
715	556
715	790
715	810
715	837
715	906
715	918
715	972
716	54
716	127
716	136
716	241
716	642
716	773
716	782
716	855
716	885
716	919
716	935
716	997
717	33
717	41
717	406
717	425
717	473
717	514
717	673
717	756
717	803
717	874
717	904
717	922
718	159
718	243
718	353
718	398
718	495
718	528
718	539
718	596
718	808
718	903
718	929
718	951
719	23
719	110
719	499
719	631
719	636
719	770
719	832
719	843
719	846
719	871
719	890
719	952
720	143
720	323
720	415
720	528
720	548
720	559
720	663
720	738
720	793
720	848
720	898
720	942
721	214
721	326
721	386
721	568
721	619
721	620
721	682
721	711
721	822
721	931
721	967
721	990
722	66
722	239
722	286
722	418
722	686
722	700
722	743
722	762
722	911
722	927
722	940
722	941
723	65
723	354
723	422
723	451
723	542
723	659
723	727
723	729
723	774
723	927
723	974
723	997
724	41
724	62
724	66
724	172
724	267
724	415
724	500
724	734
724	882
724	888
724	979
724	992
725	348
725	380
725	469
725	543
725	569
725	603
725	604
725	672
725	809
725	907
725	969
725	976
726	24
726	180
726	205
726	230
726	281
726	351
726	840
726	876
726	881
726	949
726	970
726	976
727	35
727	62
727	151
727	166
727	246
727	568
727	583
727	723
727	781
727	804
727	938
727	994
728	23
728	225
728	478
728	496
728	598
728	698
728	812
728	815
728	857
728	860
728	879
728	917
729	13
729	43
729	167
729	228
729	323
729	450
729	467
729	524
729	723
729	781
729	938
729	999
730	197
730	367
730	379
730	656
730	660
730	662
730	748
730	783
730	852
730	857
730	922
730	974
731	156
731	391
731	555
731	602
731	805
731	913
731	935
731	947
731	963
731	974
731	976
731	995
732	48
732	190
732	305
732	350
732	514
732	591
732	624
732	678
732	757
732	816
732	975
732	985
733	266
733	276
733	338
733	450
733	527
733	585
733	655
733	658
733	760
733	805
733	881
733	993
734	221
734	482
734	620
734	701
734	724
734	868
734	899
734	928
734	938
734	952
734	962
734	982
735	103
735	132
735	348
735	409
735	464
735	477
735	525
735	771
735	876
735	894
735	928
735	949
736	4
736	45
736	175
736	330
736	364
736	600
736	630
736	774
736	877
736	886
736	903
736	942
737	133
737	289
737	383
737	390
737	402
737	464
737	537
737	550
737	637
737	670
737	819
737	864
738	152
738	255
738	287
738	396
738	410
738	663
738	676
738	720
738	853
738	939
738	945
738	987
739	36
739	265
739	272
739	330
739	460
739	662
739	706
739	852
739	910
739	921
739	981
739	999
740	10
740	349
740	484
740	539
740	629
740	632
740	676
740	753
740	761
740	932
740	940
740	947
741	1
741	175
741	297
741	391
741	414
741	515
741	542
741	549
741	550
741	765
741	830
741	991
742	280
742	369
742	400
742	415
742	530
742	777
742	833
742	850
742	862
742	875
742	918
742	923
743	34
743	201
743	384
743	423
743	602
743	675
743	700
743	722
743	802
743	819
743	908
743	948
744	194
744	365
744	486
744	533
744	756
744	794
744	825
744	826
744	836
744	869
744	876
744	912
745	146
745	233
745	236
745	325
745	363
745	470
745	708
745	781
745	783
745	802
745	839
745	894
746	244
746	266
746	369
746	377
746	436
746	567
746	581
746	674
746	699
746	757
746	776
746	959
747	30
747	64
747	203
747	368
747	440
747	557
747	569
747	604
747	955
747	968
747	985
747	999
748	126
748	324
748	404
748	540
748	710
748	730
748	833
748	886
748	903
748	910
748	925
748	1000
749	131
749	161
749	292
749	409
749	452
749	492
749	570
749	661
749	850
749	858
749	961
749	964
750	30
750	171
750	241
750	484
750	560
750	579
750	624
750	631
750	682
750	830
750	932
750	980
751	76
751	322
751	406
751	615
751	618
751	692
751	763
751	817
751	871
751	920
751	959
751	996
752	34
752	128
752	231
752	512
752	535
752	573
752	578
752	645
752	788
752	942
752	964
752	969
753	115
753	153
753	174
753	187
753	199
753	283
753	545
753	607
753	629
753	740
753	872
753	921
753	963
754	71
754	296
754	356
754	510
754	595
754	650
754	760
754	800
754	817
754	823
754	839
754	929
754	996
755	197
755	210
755	384
755	457
755	474
755	564
755	633
755	676
755	841
755	879
755	908
755	942
755	948
756	98
756	203
756	271
756	388
756	471
756	498
756	503
756	712
756	717
756	744
756	767
756	845
756	963
757	5
757	143
757	261
757	391
757	644
757	732
757	746
757	860
757	866
757	878
757	895
757	931
757	985
758	42
758	219
758	306
758	489
758	506
758	554
758	580
758	619
758	824
758	829
758	834
758	903
758	998
759	78
759	121
759	279
759	340
759	393
759	563
759	583
759	607
759	786
759	801
759	813
759	815
759	912
760	35
760	276
760	460
760	482
760	484
760	510
760	603
760	733
760	754
760	837
760	856
760	928
760	929
761	43
761	251
761	257
761	264
761	270
761	401
761	526
761	623
761	628
761	650
761	667
761	740
761	915
762	36
762	66
762	501
762	508
762	533
762	541
762	555
762	589
762	592
762	722
762	818
762	955
762	959
763	222
763	367
763	542
763	580
763	751
763	856
763	881
763	888
763	898
763	915
763	932
763	990
763	998
764	76
764	224
764	322
764	432
764	449
764	477
764	519
764	547
764	603
764	620
764	917
764	975
764	997
765	360
765	401
765	443
765	623
765	667
765	680
765	741
765	840
765	876
765	903
765	915
765	936
765	946
766	2
766	34
766	136
766	311
766	525
766	625
766	813
766	826
766	838
766	878
766	905
766	915
766	918
767	27
767	73
767	243
767	247
767	358
767	364
767	681
767	690
767	699
767	756
767	882
767	902
767	963
768	45
768	83
768	338
768	485
768	514
768	558
768	590
768	634
768	672
768	706
768	889
768	983
768	984
769	37
769	54
769	137
769	250
769	402
769	478
769	593
769	820
769	836
769	841
769	880
769	977
769	992
770	218
770	219
770	387
770	494
770	569
770	612
770	642
770	683
770	702
770	719
770	889
770	930
770	943
771	392
771	440
771	489
771	575
771	579
771	611
771	645
771	660
771	735
771	810
771	887
771	949
771	965
772	152
772	200
772	466
772	490
772	595
772	613
772	692
772	707
772	792
772	914
772	920
772	950
772	959
773	80
773	385
773	427
773	449
773	505
773	552
773	583
773	619
773	645
773	716
773	815
773	956
773	994
774	98
774	104
774	263
774	569
774	594
774	662
774	723
774	736
774	828
774	865
774	878
774	891
774	917
775	42
775	275
775	296
775	478
775	525
775	563
775	572
775	776
775	832
775	931
775	937
775	939
775	987
776	130
776	267
776	408
776	517
776	590
776	703
776	746
776	775
776	838
776	953
776	955
776	963
776	983
777	75
777	87
777	294
777	415
777	490
777	531
777	610
777	658
777	682
777	742
777	861
777	945
777	964
778	164
778	269
778	282
778	306
778	314
778	423
778	576
778	661
778	696
778	892
778	937
778	939
778	949
779	27
779	61
779	123
779	129
779	250
779	317
779	476
779	532
779	621
779	622
779	909
779	962
779	970
780	223
780	234
780	350
780	546
780	549
780	678
780	705
780	826
780	867
780	910
780	929
780	944
780	962
781	231
781	245
781	403
781	459
781	505
781	523
781	581
781	688
781	727
781	729
781	745
781	936
781	996
782	305
782	623
782	716
782	822
782	831
782	848
782	869
782	874
782	908
782	942
782	955
782	991
782	995
783	3
783	19
783	68
783	189
783	311
783	338
783	379
783	494
783	730
783	745
783	811
783	851
783	977
784	51
784	89
784	239
784	550
784	574
784	646
784	648
784	710
784	813
784	909
784	919
784	928
784	958
785	248
785	258
785	314
785	415
785	470
785	491
785	552
785	692
785	707
785	824
785	945
785	969
785	980
786	286
786	375
786	380
786	462
786	627
786	662
786	708
786	759
786	899
786	943
786	958
786	960
786	981
787	19
787	250
787	413
787	547
787	579
787	677
787	682
787	690
787	841
787	843
787	859
787	896
787	924
788	201
788	252
788	461
788	465
788	540
788	752
788	795
788	856
788	860
788	906
788	924
788	938
788	969
789	47
789	185
789	348
789	364
789	475
789	490
789	592
789	613
789	675
789	816
789	951
789	977
789	994
790	64
790	214
790	375
790	469
790	486
790	597
790	633
790	651
790	715
790	847
790	848
790	967
790	972
791	282
791	323
791	418
791	488
791	617
791	689
791	796
791	879
791	895
791	899
791	939
791	948
791	958
792	5
792	99
792	668
792	772
792	797
792	826
792	885
792	904
792	920
792	924
792	937
792	959
792	989
793	9
793	363
793	386
793	473
793	523
793	613
793	667
793	720
793	812
793	834
793	942
793	964
793	967
793	991
794	6
794	186
794	195
794	233
794	245
794	329
794	594
794	673
794	675
794	744
794	883
794	914
794	926
794	974
795	73
795	102
795	341
795	459
795	464
795	590
795	643
795	670
795	688
795	788
795	820
795	855
795	878
795	893
796	91
796	320
796	352
796	579
796	648
796	655
796	791
796	808
796	822
796	831
796	886
796	893
796	903
796	913
797	156
797	192
797	353
797	410
797	432
797	514
797	588
797	677
797	690
797	792
797	862
797	894
797	909
797	993
798	232
798	320
798	331
798	354
798	389
798	447
798	467
798	508
798	688
798	703
798	799
798	849
798	895
798	979
799	300
799	304
799	319
799	454
799	499
799	561
799	567
799	671
799	798
799	832
799	835
799	841
799	990
799	998
800	41
800	130
800	207
800	407
800	419
800	608
800	754
800	811
800	818
800	819
800	840
800	890
800	973
800	975
801	217
801	233
801	356
801	413
801	519
801	528
801	532
801	584
801	659
801	664
801	704
801	759
801	883
801	964
802	13
802	108
802	213
802	376
802	395
802	561
802	568
802	585
802	743
802	745
802	855
802	877
802	916
802	977
803	234
803	259
803	400
803	452
803	592
803	615
803	674
803	683
803	717
803	839
803	897
803	908
803	910
803	941
804	32
804	279
804	423
804	465
804	543
804	551
804	592
804	632
804	727
804	837
804	870
804	964
804	965
804	1000
805	387
805	609
805	639
805	691
805	699
805	731
805	733
805	904
805	915
805	921
805	968
805	972
805	975
805	980
806	141
806	197
806	381
806	477
806	572
806	610
806	825
806	831
806	855
806	908
806	976
806	979
806	981
806	993
807	25
807	77
807	79
807	245
807	458
807	463
807	473
807	608
807	670
807	697
807	887
807	949
807	974
807	1000
808	353
808	559
808	618
808	640
808	718
808	796
808	823
808	853
808	858
808	869
808	888
808	903
808	943
808	953
809	11
809	105
809	191
809	354
809	491
809	585
809	682
809	692
809	725
809	857
809	858
809	870
809	925
809	973
810	163
810	192
810	279
810	355
810	460
810	628
810	642
810	684
810	715
810	771
810	828
810	830
810	918
810	934
811	5
811	170
811	253
811	357
811	360
811	451
811	471
811	483
811	494
811	695
811	783
811	800
811	879
811	977
812	72
812	122
812	160
812	219
812	355
812	549
812	592
812	693
812	728
812	793
812	843
812	868
812	937
812	944
813	81
813	133
813	177
813	467
813	488
813	501
813	524
813	714
813	759
813	766
813	784
813	862
813	896
813	982
814	121
814	197
814	226
814	300
814	450
814	563
814	640
814	666
814	828
814	907
814	912
814	974
814	983
814	988
815	6
815	11
815	419
815	489
815	492
815	526
815	728
815	759
815	773
815	838
815	905
815	931
815	951
815	992
816	238
816	325
816	374
816	530
816	560
816	575
816	651
816	687
816	732
816	789
816	827
816	830
816	857
816	923
817	200
817	237
817	260
817	456
817	512
817	546
817	606
817	634
817	751
817	754
817	837
817	863
817	898
817	953
818	255
818	280
818	382
818	403
818	541
818	572
818	600
818	762
818	800
818	837
818	855
818	889
818	980
818	992
819	70
819	278
819	311
819	411
819	452
819	574
819	669
819	671
819	737
819	743
819	800
819	934
819	973
819	988
820	67
820	93
820	104
820	128
820	156
820	260
820	359
820	608
820	659
820	713
820	769
820	795
820	965
820	982
821	37
821	74
821	105
821	314
821	328
821	363
821	467
821	485
821	518
821	531
821	578
821	602
821	939
821	982
822	162
822	362
822	418
822	450
822	536
822	558
822	721
822	782
822	796
822	833
822	860
822	874
822	953
822	998
823	372
823	491
823	572
823	606
823	611
823	754
823	808
823	856
823	891
823	926
823	942
823	945
823	965
823	972
824	51
824	89
824	108
824	388
824	420
824	461
824	552
824	555
824	604
824	693
824	758
824	785
824	849
824	958
825	44
825	192
825	206
825	210
825	295
825	299
825	466
825	744
825	806
825	847
825	890
825	927
825	948
825	980
826	14
826	90
826	270
826	315
826	475
826	488
826	653
826	704
826	744
826	766
826	780
826	792
826	865
826	876
827	161
827	206
827	396
827	480
827	520
827	530
827	687
827	694
827	702
827	816
827	830
827	878
827	885
827	904
828	24
828	86
828	88
828	115
828	164
828	230
828	422
828	510
828	639
828	684
828	774
828	810
828	814
828	851
829	99
829	125
829	190
829	216
829	370
829	475
829	578
829	758
829	852
829	888
829	930
829	932
829	969
829	991
830	72
830	544
830	550
830	693
830	741
830	750
830	810
830	816
830	827
830	845
830	886
830	928
830	945
830	977
831	57
831	284
831	376
831	481
831	518
831	604
831	623
831	662
831	782
831	796
831	806
831	874
831	881
831	894
832	225
832	345
832	399
832	414
832	469
832	719
832	775
832	799
832	841
832	843
832	887
832	910
832	947
832	970
833	46
833	71
833	142
833	183
833	427
833	638
833	651
833	742
833	748
833	822
833	835
833	876
833	896
833	966
834	5
834	65
834	254
834	282
834	324
834	407
834	545
834	573
834	758
834	793
834	854
834	911
834	945
834	995
835	38
835	109
835	238
835	319
835	347
835	549
835	565
835	594
835	641
835	647
835	671
835	799
835	833
835	858
835	978
836	122
836	137
836	190
836	223
836	260
836	283
836	434
836	636
836	708
836	744
836	769
836	877
836	934
836	950
836	976
837	151
837	284
837	308
837	423
837	456
837	632
837	715
837	760
837	804
837	817
837	818
837	876
837	929
837	932
837	955
838	42
838	116
838	166
838	295
838	355
838	479
838	638
838	649
838	676
838	766
838	776
838	815
838	895
838	916
838	998
839	59
839	222
839	309
839	328
839	331
839	622
839	649
839	667
839	682
839	745
839	754
839	803
839	865
839	915
839	969
840	123
840	156
840	226
840	252
840	364
840	616
840	713
840	726
840	765
840	800
840	877
840	879
840	883
840	897
840	949
841	50
841	250
841	382
841	452
841	515
841	627
841	755
841	769
841	787
841	799
841	832
841	843
841	877
841	910
841	991
842	349
842	403
842	421
842	426
842	500
842	533
842	630
842	711
842	847
842	851
842	852
842	882
842	910
842	912
842	936
843	85
843	361
843	378
843	434
843	450
843	463
843	629
843	638
843	719
843	787
843	812
843	832
843	841
843	915
843	961
844	334
844	432
844	551
844	566
844	681
844	712
844	845
844	882
844	889
844	896
844	934
844	971
844	976
844	997
844	1000
845	52
845	221
845	308
845	390
845	624
845	634
845	709
845	756
845	830
845	844
845	853
845	876
845	892
845	917
845	953
846	272
846	324
846	361
846	373
846	470
846	501
846	556
846	633
846	719
846	864
846	866
846	885
846	891
846	907
846	983
847	56
847	206
847	303
847	370
847	502
847	589
847	607
847	612
847	790
847	825
847	842
847	929
847	968
847	980
847	987
848	20
848	165
848	272
848	358
848	378
848	413
848	584
848	599
848	706
848	712
848	720
848	782
848	790
848	914
848	973
849	244
849	279
849	342
849	369
849	382
849	396
849	402
849	530
849	692
849	693
849	798
849	824
849	882
849	886
849	989
850	120
850	350
850	386
850	465
850	501
850	531
850	663
850	742
850	749
850	885
850	912
850	915
850	930
850	932
850	981
851	203
851	285
851	335
851	352
851	486
851	548
851	668
851	783
851	828
851	842
851	852
851	889
851	920
851	923
851	941
852	186
852	302
852	623
852	639
852	730
852	739
852	829
852	842
852	851
852	859
852	879
852	892
852	899
852	906
852	986
853	87
853	96
853	148
853	219
853	256
853	374
853	531
853	554
853	583
853	596
853	738
853	808
853	845
853	901
853	953
854	110
854	320
854	365
854	418
854	426
854	432
854	433
854	457
854	482
854	652
854	707
854	834
854	867
854	917
854	931
855	185
855	219
855	458
855	540
855	591
855	629
855	646
855	716
855	795
855	802
855	806
855	818
855	917
855	962
855	995
856	12
856	179
856	253
856	328
856	375
856	431
856	473
856	584
856	612
856	702
856	760
856	763
856	788
856	823
856	965
857	31
857	112
857	189
857	496
857	556
857	580
857	607
857	653
857	654
857	690
857	698
857	728
857	730
857	809
857	816
858	144
858	386
858	429
858	462
858	495
858	639
858	644
858	697
858	749
858	808
858	809
858	835
858	870
858	894
858	944
859	16
859	139
859	159
859	225
859	249
859	521
859	557
859	622
859	652
859	787
859	852
859	867
859	949
859	983
859	990
860	83
860	497
860	525
860	615
860	626
860	655
860	728
860	757
860	788
860	822
860	891
860	927
860	968
860	970
860	971
861	14
861	126
861	256
861	262
861	447
861	481
861	504
861	562
861	677
861	705
861	777
861	868
861	908
861	941
861	959
862	26
862	164
862	212
862	235
862	267
862	296
862	375
862	424
862	460
862	565
862	742
862	797
862	813
862	952
862	966
863	198
863	263
863	283
863	293
863	373
863	424
863	456
863	615
863	616
863	817
863	908
863	944
863	953
863	973
863	997
864	170
864	198
864	220
864	289
864	290
864	434
864	507
864	536
864	587
864	665
864	705
864	737
864	846
864	882
864	910
865	112
865	228
865	335
865	373
865	462
865	478
865	635
865	644
865	656
865	662
865	671
865	774
865	826
865	839
865	929
865	998
866	130
866	266
866	316
866	361
866	371
866	522
866	685
866	709
866	757
866	846
866	909
866	935
866	946
866	973
866	987
866	1000
867	38
867	55
867	159
867	293
867	443
867	462
867	506
867	575
867	780
867	854
867	859
867	990
867	995
867	997
868	12
868	47
868	168
868	200
868	202
868	236
868	681
868	691
868	734
868	812
868	861
868	889
868	902
868	958
868	976
868	988
869	263
869	301
869	330
869	380
869	424
869	476
869	556
869	635
869	694
869	700
869	714
869	744
869	782
869	808
869	967
869	981
870	249
870	326
870	397
870	480
870	503
870	519
870	642
870	688
870	804
870	809
870	858
870	939
870	948
870	971
870	972
870	994
871	272
871	280
871	289
871	294
871	380
871	532
871	541
871	544
871	623
871	713
871	719
871	751
871	907
871	959
871	974
871	994
872	96
872	144
872	235
872	261
872	268
872	313
872	335
872	374
872	484
872	669
872	753
872	901
872	968
872	985
872	989
872	999
873	147
873	281
873	298
873	343
873	364
873	383
873	400
873	426
873	452
873	591
873	630
873	689
873	940
873	953
873	956
873	986
874	211
874	355
874	398
874	468
874	527
874	547
874	589
874	605
874	681
874	708
874	717
874	782
874	822
874	831
874	959
874	998
875	148
875	172
875	178
875	372
875	393
875	494
875	506
875	510
875	522
875	557
875	742
875	924
875	925
875	937
875	947
875	951
876	322
876	378
876	502
876	542
876	608
876	726
876	735
876	744
876	765
876	826
876	833
876	837
876	845
876	896
876	920
876	931
877	14
877	234
877	327
877	347
877	640
877	705
877	713
877	736
877	802
877	836
877	840
877	841
877	902
877	914
877	935
877	986
878	121
878	240
878	248
878	430
878	503
878	562
878	682
878	709
878	757
878	766
878	774
878	795
878	827
878	887
878	893
878	938
879	130
879	332
879	517
879	589
879	610
879	647
879	689
879	698
879	728
879	755
879	791
879	811
879	840
879	852
879	945
879	969
880	51
880	107
880	142
880	155
880	235
880	349
880	391
880	489
880	570
880	577
880	707
880	769
880	902
880	947
880	951
880	953
881	30
881	32
881	161
881	321
881	598
881	686
881	702
881	726
881	733
881	763
881	831
881	902
881	942
881	952
881	964
881	993
882	4
882	24
882	143
882	290
882	399
882	413
882	529
882	635
882	640
882	724
882	767
882	842
882	844
882	849
882	864
882	913
883	156
883	502
883	529
883	566
883	612
883	655
883	705
883	794
883	801
883	840
883	889
883	902
883	903
883	912
883	946
883	949
884	37
884	181
884	196
884	304
884	427
884	455
884	588
884	678
884	681
884	714
884	900
884	907
884	913
884	953
884	986
884	991
885	127
885	297
885	392
885	567
885	570
885	716
885	792
885	827
885	846
885	850
885	905
885	921
885	925
885	939
885	942
885	984
886	40
886	218
886	392
886	425
886	474
886	494
886	636
886	710
886	736
886	748
886	796
886	830
886	849
886	944
886	990
886	1000
887	73
887	138
887	157
887	275
887	323
887	385
887	422
887	475
887	492
887	612
887	638
887	771
887	807
887	832
887	878
887	919
888	220
888	401
888	425
888	460
888	502
888	531
888	648
888	668
888	701
888	711
888	724
888	763
888	808
888	829
888	932
888	998
889	77
889	496
889	707
889	768
889	770
889	818
889	844
889	851
889	868
889	883
889	897
889	909
889	920
889	948
889	957
889	968
890	48
890	60
890	195
890	227
890	231
890	448
890	509
890	555
890	567
890	639
890	719
890	800
890	825
890	931
890	932
890	949
891	213
891	393
891	411
891	431
891	495
891	657
891	663
891	774
891	823
891	846
891	860
891	914
891	922
891	972
891	987
891	993
892	208
892	215
892	296
892	364
892	405
892	411
892	444
892	598
892	631
892	677
892	778
892	845
892	852
892	896
892	901
892	954
893	21
893	97
893	163
893	238
893	417
893	427
893	651
893	660
893	673
893	701
893	712
893	795
893	796
893	878
893	913
893	919
894	221
894	328
894	445
894	454
894	493
894	528
894	578
894	615
894	637
894	697
894	735
894	745
894	797
894	831
894	858
894	995
895	137
895	174
895	184
895	237
895	391
895	443
895	598
895	624
895	757
895	791
895	798
895	838
895	897
895	915
895	962
895	988
896	122
896	251
896	295
896	343
896	358
896	379
896	486
896	551
896	656
896	787
896	813
896	833
896	844
896	876
896	892
896	973
897	28
897	150
897	230
897	311
897	335
897	433
897	438
897	535
897	572
897	611
897	614
897	694
897	803
897	840
897	889
897	895
898	27
898	77
898	135
898	238
898	254
898	315
898	389
898	454
898	512
898	720
898	763
898	817
898	934
898	942
898	988
898	999
899	1
899	19
899	81
899	291
899	292
899	438
899	479
899	703
899	734
899	786
899	791
899	852
899	906
899	914
899	973
899	983
900	21
900	74
900	216
900	229
900	288
900	345
900	367
900	394
900	412
900	466
900	467
900	656
900	884
900	924
900	927
900	980
901	70
901	80
901	94
901	161
901	193
901	326
901	341
901	419
901	464
901	585
901	617
901	662
901	853
901	872
901	892
901	981
902	50
902	303
902	306
902	399
902	428
902	630
902	669
902	700
902	767
902	868
902	877
902	880
902	881
902	883
902	916
902	965
903	115
903	133
903	480
903	567
903	682
903	718
903	736
903	748
903	758
903	765
903	796
903	808
903	883
903	958
903	972
903	981
904	26
904	64
904	184
904	233
904	313
904	509
904	558
904	639
904	642
904	717
904	792
904	805
904	827
904	921
904	960
904	975
905	4
905	33
905	52
905	68
905	71
905	548
905	567
905	601
905	619
905	766
905	815
905	885
905	927
905	941
905	954
905	987
906	393
906	438
906	472
906	501
906	553
906	599
906	614
906	616
906	666
906	715
906	788
906	852
906	899
906	923
906	960
906	990
907	46
907	100
907	286
907	329
907	334
907	520
907	537
907	553
907	629
907	642
907	711
907	725
907	814
907	846
907	871
907	884
907	997
908	268
908	404
908	478
908	534
908	633
908	641
908	685
908	743
908	755
908	782
908	803
908	806
908	861
908	863
908	941
908	983
908	994
909	202
909	313
909	317
909	379
909	442
909	481
909	534
909	779
909	784
909	797
909	866
909	889
909	920
909	959
909	961
909	969
909	974
910	90
910	112
910	527
910	533
910	568
910	612
910	633
910	681
910	688
910	739
910	748
910	780
910	803
910	832
910	841
910	842
910	864
911	195
911	224
911	378
911	387
911	453
911	529
911	538
911	581
911	616
911	621
911	708
911	722
911	834
911	931
911	952
911	954
911	988
912	41
912	184
912	254
912	388
912	412
912	422
912	521
912	544
912	622
912	631
912	744
912	759
912	814
912	842
912	850
912	883
912	982
913	59
913	109
913	137
913	171
913	183
913	249
913	375
913	392
913	474
913	648
913	697
913	714
913	731
913	796
913	882
913	884
913	893
914	39
914	262
914	341
914	571
914	573
914	577
914	580
914	663
914	772
914	794
914	848
914	877
914	891
914	899
914	916
914	972
914	996
915	226
915	307
915	514
915	569
915	649
915	667
915	761
915	763
915	765
915	766
915	805
915	839
915	843
915	850
915	895
915	947
915	986
916	25
916	86
916	149
916	208
916	288
916	395
916	440
916	507
916	550
916	605
916	631
916	651
916	802
916	838
916	902
916	914
916	943
917	224
917	248
917	297
917	365
917	386
917	437
917	471
917	500
917	601
917	728
917	764
917	774
917	845
917	854
917	855
917	972
917	995
918	79
918	152
918	154
918	245
918	468
918	600
918	611
918	631
918	676
918	712
918	715
918	742
918	766
918	810
918	957
918	963
918	996
919	94
919	140
919	191
919	199
919	215
919	244
919	320
919	574
919	625
919	664
919	686
919	701
919	713
919	716
919	784
919	887
919	893
920	27
920	63
920	88
920	115
920	389
920	393
920	548
920	572
920	641
920	688
920	751
920	772
920	792
920	851
920	876
920	889
920	909
921	29
921	243
921	247
921	436
921	451
921	454
921	518
921	639
921	671
921	739
921	753
921	805
921	885
921	904
921	954
921	975
921	995
922	69
922	154
922	290
922	310
922	343
922	372
922	477
922	577
922	661
922	684
922	697
922	714
922	717
922	730
922	891
922	946
922	981
923	26
923	28
923	29
923	33
923	76
923	131
923	288
923	410
923	519
923	553
923	564
923	582
923	742
923	816
923	851
923	906
923	983
924	3
924	36
924	60
924	140
924	290
924	298
924	557
924	615
924	679
924	689
924	706
924	787
924	788
924	792
924	875
924	900
924	982
925	53
925	124
925	170
925	238
925	245
925	266
925	350
925	447
925	479
925	711
925	748
925	809
925	875
925	885
925	967
925	984
925	1000
926	167
926	273
926	319
926	336
926	450
926	481
926	507
926	516
926	520
926	662
926	696
926	794
926	823
926	941
926	953
926	974
926	990
927	207
927	208
927	304
927	352
927	381
927	436
927	468
927	487
927	499
927	502
927	722
927	723
927	825
927	860
927	900
927	905
927	943
928	208
928	260
928	265
928	309
928	504
928	557
928	582
928	607
928	616
928	653
928	734
928	735
928	760
928	784
928	830
928	949
928	972
929	49
929	93
929	196
929	576
929	628
929	642
929	703
929	718
929	754
929	760
929	780
929	837
929	847
929	865
929	944
929	957
929	986
930	19
930	221
930	263
930	308
930	334
930	353
930	363
930	393
930	460
930	464
930	523
930	599
930	677
930	770
930	829
930	850
930	960
931	174
931	231
931	259
931	515
931	543
931	721
931	757
931	775
931	815
931	854
931	876
931	890
931	911
931	937
931	949
931	976
931	994
932	42
932	229
932	289
932	380
932	542
932	740
932	750
932	763
932	829
932	837
932	850
932	888
932	890
932	944
932	946
932	982
932	998
933	47
933	65
933	93
933	95
933	170
933	183
933	320
933	429
933	525
933	544
933	626
933	660
933	666
933	710
933	976
933	980
933	991
934	116
934	122
934	166
934	254
934	315
934	327
934	340
934	479
934	512
934	531
934	686
934	810
934	819
934	836
934	844
934	898
934	957
934	963
935	353
935	437
935	518
935	520
935	554
935	579
935	609
935	615
935	665
935	711
935	716
935	731
935	866
935	877
935	947
935	961
935	980
935	996
936	98
936	257
936	369
936	424
936	427
936	455
936	484
936	553
936	566
936	583
936	650
936	678
936	699
936	714
936	765
936	781
936	842
936	954
937	41
937	94
937	199
937	277
937	284
937	301
937	484
937	585
937	626
937	775
937	778
937	792
937	812
937	875
937	931
937	944
937	961
937	989
938	169
938	187
938	212
938	313
938	471
938	583
938	593
938	626
938	650
938	655
938	727
938	729
938	734
938	788
938	878
938	956
938	957
938	965
939	9
939	56
939	127
939	142
939	152
939	239
939	254
939	287
939	618
939	694
939	738
939	775
939	778
939	791
939	821
939	870
939	885
939	954
940	77
940	119
940	169
940	259
940	274
940	280
940	300
940	318
940	477
940	554
940	581
940	591
940	609
940	690
940	722
940	740
940	873
940	947
941	14
941	90
941	123
941	129
941	255
941	275
941	503
941	535
941	641
941	680
941	722
941	803
941	851
941	861
941	905
941	908
941	926
941	998
942	158
942	351
942	386
942	487
942	674
942	704
942	720
942	736
942	752
942	755
942	782
942	793
942	823
942	881
942	885
942	898
942	972
942	996
943	134
943	145
943	157
943	255
943	260
943	362
943	417
943	498
943	584
943	654
943	770
943	786
943	808
943	916
943	927
943	945
943	958
943	981
944	81
944	196
944	331
944	515
944	535
944	636
944	645
944	686
944	780
944	812
944	858
944	863
944	886
944	929
944	932
944	937
944	973
944	992
945	91
945	140
945	228
945	307
945	545
945	590
945	706
945	738
945	777
945	785
945	823
945	830
945	834
945	879
945	943
945	963
945	979
945	983
946	7
946	16
946	123
946	254
946	443
946	543
946	596
946	634
946	664
946	765
946	866
946	883
946	922
946	932
946	978
946	981
946	985
946	994
947	100
947	147
947	318
947	334
947	337
947	388
947	435
947	537
947	579
947	599
947	731
947	740
947	832
947	875
947	880
947	915
947	935
947	940
948	20
948	52
948	111
948	139
948	146
948	188
948	252
948	264
948	499
948	681
948	743
948	755
948	791
948	825
948	870
948	889
948	978
948	995
949	89
949	166
949	302
949	513
949	518
949	687
949	691
949	726
949	735
949	771
949	778
949	807
949	840
949	859
949	883
949	890
949	928
949	931
950	55
950	76
950	95
950	161
950	190
950	246
950	272
950	327
950	351
950	600
950	617
950	673
950	674
950	708
950	772
950	836
950	982
950	989
951	85
951	117
951	179
951	225
951	241
951	332
951	344
951	462
951	490
951	563
951	594
951	633
951	692
951	718
951	789
951	815
951	875
951	880
951	986
952	14
952	15
952	92
952	126
952	205
952	441
952	482
952	484
952	592
952	618
952	661
952	719
952	734
952	862
952	881
952	911
952	957
952	993
952	999
953	81
953	90
953	446
953	447
953	536
953	557
953	616
953	669
953	776
953	808
953	817
953	822
953	845
953	853
953	863
953	873
953	880
953	884
953	926
954	158
954	324
954	356
954	436
954	459
954	474
954	495
954	594
954	600
954	648
954	695
954	700
954	892
954	905
954	911
954	921
954	936
954	939
954	987
955	48
955	58
955	214
955	316
955	420
955	433
955	487
955	495
955	504
955	508
955	616
955	683
955	747
955	762
955	776
955	782
955	837
955	983
955	984
956	127
956	129
956	238
956	304
956	428
956	447
956	474
956	475
956	484
956	491
956	512
956	533
956	604
956	667
956	677
956	773
956	873
956	938
956	980
957	56
957	107
957	144
957	178
957	187
957	297
957	327
957	354
957	540
957	633
957	677
957	889
957	918
957	929
957	934
957	938
957	952
957	993
957	1000
958	3
958	22
958	75
958	76
958	138
958	194
958	209
958	272
958	301
958	646
958	784
958	786
958	791
958	824
958	868
958	903
958	943
958	989
958	990
959	148
959	276
959	337
959	358
959	457
959	523
959	586
959	603
959	628
959	746
959	751
959	762
959	772
959	792
959	861
959	871
959	874
959	909
959	1000
960	17
960	113
960	146
960	193
960	248
960	317
960	329
960	580
960	652
960	655
960	687
960	786
960	904
960	906
960	930
960	966
960	978
961	68
961	69
961	204
961	281
961	313
961	344
961	370
961	482
961	497
961	588
961	679
961	685
961	688
961	749
961	843
961	909
961	935
961	937
961	962
962	39
962	196
962	197
962	211
962	233
962	383
962	475
962	497
962	520
962	595
962	626
962	734
962	779
962	780
962	855
962	895
962	961
962	972
962	973
963	72
963	79
963	94
963	175
963	218
963	369
963	396
963	416
963	431
963	668
963	690
963	731
963	753
963	756
963	767
963	776
963	918
963	934
963	945
964	31
964	191
964	350
964	394
964	460
964	516
964	565
964	566
964	588
964	659
964	660
964	672
964	749
964	752
964	777
964	793
964	801
964	804
964	881
965	176
965	242
965	331
965	333
965	371
965	400
965	473
965	500
965	596
965	649
965	670
965	771
965	804
965	820
965	823
965	856
965	902
965	938
965	980
966	6
966	86
966	151
966	172
966	217
966	235
966	293
966	335
966	337
966	344
966	442
966	497
966	687
966	694
966	833
966	862
966	960
966	973
966	978
967	82
967	162
967	249
967	307
967	404
967	449
967	521
967	558
967	619
967	710
967	712
967	721
967	790
967	793
967	869
967	925
967	975
967	997
967	999
968	12
968	62
968	117
968	312
968	315
968	332
968	428
968	515
968	552
968	640
968	641
968	694
968	697
968	747
968	805
968	847
968	860
968	872
968	889
969	84
969	206
969	412
969	441
969	456
969	465
969	614
969	645
969	662
969	683
969	696
969	725
969	752
969	785
969	788
969	829
969	839
969	879
969	909
970	191
970	200
970	235
970	259
970	310
970	336
970	419
970	436
970	528
970	617
970	704
970	726
970	779
970	832
970	860
970	971
970	975
970	992
970	995
971	4
971	129
971	180
971	186
971	235
971	321
971	435
971	547
971	625
971	626
971	647
971	699
971	709
971	844
971	860
971	870
971	970
971	984
971	990
972	80
972	439
972	483
972	524
972	645
972	713
972	715
972	790
972	805
972	823
972	870
972	891
972	903
972	914
972	917
972	928
972	942
972	962
972	996
973	169
973	371
973	510
973	569
973	603
973	608
973	635
973	800
973	809
973	819
973	848
973	863
973	866
973	896
973	899
973	944
973	962
973	966
973	988
974	225
974	378
974	438
974	455
974	517
974	553
974	573
974	675
974	723
974	730
974	731
974	794
974	807
974	814
974	871
974	909
974	926
974	976
974	979
975	18
975	251
975	444
975	451
975	525
975	539
975	547
975	569
975	581
975	582
975	606
975	732
975	764
975	800
975	805
975	904
975	921
975	967
975	970
975	994
976	70
976	173
976	442
976	528
976	605
976	622
976	635
976	638
976	685
976	701
976	725
976	726
976	731
976	806
976	836
976	844
976	868
976	931
976	933
976	974
977	80
977	149
977	189
977	253
977	309
977	357
977	432
977	500
977	628
977	654
977	670
977	675
977	769
977	783
977	789
977	802
977	811
977	830
977	988
977	999
978	39
978	86
978	151
978	234
978	239
978	296
978	308
978	331
978	382
978	422
978	472
978	607
978	691
978	699
978	835
978	946
978	948
978	960
978	966
978	990
979	43
979	52
979	117
979	172
979	385
979	401
979	452
979	508
979	517
979	553
979	570
979	575
979	596
979	703
979	724
979	798
979	806
979	945
979	974
979	989
980	59
980	63
980	105
980	133
980	351
980	381
980	509
980	538
980	546
980	750
980	785
980	805
980	818
980	825
980	847
980	900
980	933
980	935
980	956
980	965
981	89
981	98
981	320
981	465
981	469
981	492
981	513
981	538
981	688
981	714
981	739
981	786
981	806
981	850
981	869
981	901
981	903
981	922
981	943
981	946
982	92
982	111
982	135
982	180
982	209
982	222
982	271
982	333
982	379
982	620
982	650
982	694
982	734
982	813
982	820
982	821
982	912
982	924
982	932
982	950
983	45
983	87
983	402
983	534
983	556
983	580
983	593
983	623
983	632
983	697
983	768
983	776
983	814
983	846
983	859
983	899
983	908
983	923
983	945
983	955
984	17
984	176
984	285
984	322
984	384
984	411
984	420
984	492
984	534
984	551
984	590
984	619
984	666
984	698
984	768
984	885
984	925
984	955
984	971
984	997
985	129
985	216
985	243
985	255
985	259
985	336
985	374
985	522
985	527
985	549
985	551
985	652
985	664
985	676
985	702
985	732
985	747
985	757
985	872
985	946
986	119
986	150
986	165
986	269
986	280
986	307
986	342
986	402
986	418
986	546
986	636
986	644
986	707
986	852
986	873
986	877
986	884
986	915
986	929
986	951
987	57
987	200
987	239
987	282
987	297
987	455
987	509
987	532
987	545
987	582
987	620
987	643
987	681
987	738
987	775
987	847
987	866
987	891
987	905
987	954
988	38
988	207
988	234
988	278
988	326
988	343
988	385
988	426
988	438
988	640
988	662
988	707
988	814
988	819
988	868
988	895
988	898
988	911
988	973
988	977
989	6
989	32
989	99
989	204
989	211
989	517
989	585
989	587
989	613
989	626
989	632
989	695
989	792
989	849
989	872
989	937
989	950
989	958
989	979
989	998
990	16
990	130
990	247
990	249
990	405
990	549
990	656
990	657
990	710
990	721
990	763
990	799
990	859
990	867
990	886
990	906
990	926
990	958
990	971
990	978
991	109
991	179
991	314
991	430
991	476
991	519
991	547
991	565
991	568
991	594
991	612
991	623
991	666
991	741
991	782
991	793
991	829
991	841
991	884
991	933
992	50
992	78
992	102
992	187
992	206
992	294
992	296
992	320
992	321
992	372
992	413
992	432
992	543
992	625
992	724
992	769
992	815
992	818
992	944
992	970
993	240
993	250
993	340
993	395
993	477
993	493
993	564
993	601
993	678
993	685
993	695
993	714
993	733
993	797
993	806
993	881
993	891
993	952
993	957
993	995
994	24
994	39
994	154
994	309
994	455
994	515
994	517
994	603
994	614
994	657
994	680
994	727
994	773
994	789
994	870
994	871
994	908
994	931
994	946
994	975
995	78
995	167
995	283
995	376
995	395
995	419
995	513
995	540
995	610
995	731
995	782
995	834
995	855
995	867
995	894
995	917
995	921
995	948
995	970
995	993
996	88
996	109
996	133
996	390
996	391
996	392
996	510
996	523
996	531
996	561
996	606
996	668
996	751
996	754
996	781
996	914
996	918
996	935
996	942
996	972
997	55
997	131
997	389
997	403
997	405
997	441
997	477
997	596
997	603
997	708
997	710
997	716
997	723
997	764
997	844
997	863
997	867
997	907
997	967
997	984
998	63
998	216
998	261
998	302
998	414
998	433
998	490
998	634
998	691
998	758
998	763
998	799
998	822
998	838
998	865
998	874
998	888
998	932
998	941
998	989
999	50
999	182
999	250
999	268
999	278
999	461
999	471
999	499
999	582
999	613
999	643
999	669
999	729
999	739
999	747
999	872
999	898
999	952
999	967
999	977
1000	100
1000	159
1000	168
1000	198
1000	307
1000	372
1000	382
1000	483
1000	584
1000	624
1000	679
1000	748
1000	804
1000	807
1000	844
1000	866
1000	886
1000	925
1000	957
1000	959
