1	765
1	852
1	882
1	950
1	955
1	971
2	520
2	590
2	864
2	879
2	914
2	936
3	308
3	598
3	896
3	941
3	963
3	981
4	59
4	225
4	469
4	479
4	505
4	591
5	537
5	666
5	759
5	836
5	898
5	967
6	140
6	306
6	385
6	435
6	496
6	529
7	56
7	133
7	266
7	364
7	397
7	954
8	260
8	454
8	675
8	694
8	875
8	943
9	575
9	942
9	944
9	956
9	974
9	989
10	15
10	175
10	299
10	448
10	471
10	913
11	269
11	376
11	511
11	521
11	644
11	648
12	235
12	256
12	418
12	435
12	546
12	773
13	173
13	221
13	561
13	645
13	656
13	686
14	382
14	405
14	460
14	548
14	636
14	777
15	10
15	68
15	156
15	448
15	471
15	843
16	528
16	610
16	632
16	662
16	738
16	818
17	734
17	890
17	977
17	978
17	979
17	987
18	281
18	308
18	674
18	719
18	737
18	938
19	261
19	500
19	787
19	817
19	870
19	982
20	54
20	232
20	554
20	573
20	599
20	676
21	201
21	381
21	609
21	726
21	736
21	846
22	235
22	290
22	294
22	871
22	909
22	969
23	142
23	428
23	494
23	840
23	854
23	905
24	62
24	195
24	336
24	371
24	872
24	930
25	298
25	507
25	646
25	821
25	948
25	964
26	70
26	268
26	337
26	341
26	375
26	564
27	94
27	103
27	264
27	403
27	582
27	827
28	692
28	862
28	872
28	948
28	964
28	978
29	165
29	208
29	307
29	396
29	513
29	869
30	150
30	303
30	498
30	787
30	817
30	844
31	800
31	820
31	825
31	845
31	848
31	951
32	360
32	722
32	825
32	846
32	855
32	927
33	468
33	928
33	938
33	954
33	988
33	990
34	280
34	604
34	675
34	693
34	754
34	889
35	106
35	454
35	635
35	679
35	684
35	749
36	62
36	120
36	336
36	371
36	521
36	945
37	89
37	99
37	319
37	567
37	583
37	636
38	870
38	925
38	930
38	963
38	976
38	987
39	201
39	241
39	549
39	866
39	910
39	911
40	48
40	295
40	578
40	681
40	735
40	831
41	701
41	857
41	859
41	908
41	944
41	952
42	57
42	225
42	469
42	479
42	505
42	758
43	126
43	488
43	692
43	698
43	702
43	871
44	273
44	548
44	568
44	627
44	636
44	767
45	97
45	421
45	790
45	817
45	841
45	958
46	680
46	922
46	952
46	983
46	992
46	999
47	245
47	563
47	584
47	705
47	739
47	900
48	40
48	211
48	339
48	642
48	681
48	831
49	470
49	763
49	795
49	826
49	878
49	982
50	616
50	696
50	729
50	737
50	823
50	964
51	168
51	324
51	441
51	508
51	715
51	855
52	95
52	107
52	487
52	660
52	856
52	890
53	160
53	539
53	592
53	594
53	630
53	800
54	20
54	65
54	160
54	385
54	436
54	599
55	332
55	504
55	639
55	737
55	739
55	819
56	7
56	109
56	346
56	380
56	397
56	446
57	42
57	472
57	546
57	646
57	862
57	964
58	261
58	368
58	386
58	412
58	652
58	767
59	4
59	469
59	479
59	505
59	659
59	883
60	67
60	153
60	634
60	674
60	719
60	737
61	514
61	515
61	783
61	809
61	875
61	996
62	24
62	36
62	74
62	120
62	150
62	726
63	343
63	552
63	564
63	641
63	810
63	982
64	91
64	220
64	344
64	484
64	885
64	915
65	54
65	188
65	422
65	436
65	603
65	615
66	169
66	351
66	635
66	679
66	684
66	960
67	60
67	224
67	437
67	537
67	875
67	943
68	15
68	209
68	223
68	299
68	448
68	471
69	365
69	433
69	550
69	555
69	556
69	621
70	26
70	868
70	873
70	876
70	929
70	998
71	126
71	140
71	631
71	919
71	959
71	975
72	313
72	345
72	348
72	399
72	666
72	873
73	450
73	872
73	908
73	946
73	951
73	966
74	62
74	497
74	604
74	693
74	754
74	918
75	593
75	725
75	740
75	808
75	813
75	835
76	79
76	89
76	378
76	409
76	567
76	741
77	270
77	316
77	377
77	622
77	642
77	805
78	100
78	198
78	314
78	431
78	637
78	668
79	76
79	228
79	567
79	583
79	605
79	964
80	215
80	418
80	601
80	816
80	883
80	910
81	265
81	601
81	689
81	800
81	845
81	848
82	217
82	721
82	812
82	824
82	909
82	945
83	854
83	913
83	922
83	956
83	963
83	999
84	467
84	590
84	670
84	733
84	746
84	770
85	170
85	408
85	541
85	579
85	744
85	788
86	170
86	377
86	622
86	642
86	744
86	840
87	88
87	271
87	406
87	451
87	512
87	638
88	87
88	335
88	480
88	638
88	858
88	926
89	37
89	76
89	319
89	409
89	791
89	911
90	284
90	295
90	363
90	620
90	933
90	993
91	64
91	246
91	365
91	697
91	880
91	890
92	236
92	328
92	468
92	645
92	656
92	686
93	190
93	274
93	309
93	438
93	540
93	783
94	27
94	766
94	838
94	863
94	892
94	968
95	52
95	199
95	908
95	977
95	979
95	995
96	236
96	303
96	525
96	644
96	669
96	828
97	45
97	481
97	660
97	671
97	772
97	799
98	104
98	155
98	708
98	777
98	888
98	996
99	37
99	110
99	778
99	929
99	954
99	990
100	78
100	155
100	314
100	637
100	668
100	820
101	339
101	441
101	585
101	722
101	762
101	996
102	298
102	752
102	800
102	885
102	955
102	971
103	27
103	612
103	664
103	713
103	827
103	958
104	98
104	419
104	750
104	792
104	863
104	933
105	332
105	504
105	739
105	760
105	819
105	976
106	35
106	332
106	495
106	543
106	608
106	640
107	52
107	606
107	791
107	851
107	893
107	895
108	721
108	746
108	830
108	873
108	909
108	972
109	56
109	133
109	346
109	364
109	397
109	598
110	99
110	142
110	647
110	748
110	938
110	954
111	337
111	519
111	621
111	644
111	669
111	828
112	198
112	273
112	431
112	637
112	667
112	668
113	482
113	682
113	795
113	926
113	934
113	939
114	184
114	292
114	434
114	447
114	460
114	852
115	683
115	696
115	863
115	867
115	933
115	985
116	580
116	639
116	739
116	768
116	819
116	994
117	207
117	313
117	345
117	443
117	666
117	980
118	509
118	573
118	626
118	654
118	894
118	962
119	240
119	328
119	359
119	526
119	695
119	936
120	36
120	62
120	150
120	219
120	336
120	371
121	222
121	376
121	436
121	511
121	521
121	840
122	139
122	495
122	543
122	608
122	640
122	941
123	675
123	870
123	925
123	930
123	937
123	987
124	257
124	575
124	588
124	598
124	935
124	981
125	488
125	702
125	764
125	871
125	953
125	969
126	43
126	71
126	605
126	959
126	961
126	975
127	382
127	405
127	548
127	627
127	756
127	981
128	341
128	453
128	539
128	880
128	960
128	962
129	852
129	853
129	874
129	885
129	955
129	971
130	230
130	455
130	517
130	574
130	790
130	865
131	239
131	474
131	687
131	877
131	886
131	917
132	450
132	531
132	791
132	893
132	895
132	940
133	7
133	109
133	346
133	397
133	688
133	750
134	303
134	525
134	669
134	828
134	831
134	867
135	408
135	541
135	579
135	617
135	723
135	903
136	299
136	408
136	541
136	549
136	579
136	617
137	201
137	428
137	494
137	785
137	840
137	854
138	445
138	670
138	733
138	746
138	815
138	837
139	122
139	447
139	543
139	608
139	640
139	713
140	6
140	71
140	306
140	385
140	391
140	529
141	349
141	479
141	569
141	814
141	897
141	991
142	23
142	110
142	294
142	785
142	840
142	930
143	271
143	311
143	411
143	451
143	480
143	638
144	613
144	671
144	675
144	772
144	799
144	915
145	426
145	632
145	662
145	738
145	757
145	818
146	354
146	463
146	777
146	805
146	859
146	888
147	158
147	513
147	571
147	641
147	696
147	810
148	218
148	425
148	791
148	893
148	895
148	990
149	184
149	292
149	434
149	460
149	952
149	978
150	30
150	62
150	120
150	336
150	371
150	992
151	446
151	725
151	865
151	874
151	903
151	991
152	286
152	544
152	783
152	825
152	846
152	855
153	60
153	180
153	656
153	674
153	719
153	737
154	243
154	291
154	380
154	424
154	467
154	542
155	98
155	100
155	421
155	553
155	888
155	996
156	15
156	698
156	801
156	807
156	965
156	973
157	419
157	480
157	802
157	832
157	842
157	851
158	147
158	470
158	622
158	780
158	797
158	950
159	425
159	533
159	667
159	760
159	878
159	941
160	53
160	54
160	232
160	554
160	599
160	603
161	223
161	691
161	714
161	925
161	930
161	987
162	256
162	691
162	786
162	877
162	886
162	906
163	411
163	439
163	736
163	919
163	961
163	975
164	433
164	821
164	857
164	868
164	929
164	998
165	29
165	296
165	307
165	333
165	396
165	833
166	168
166	452
166	785
166	840
166	854
166	967
167	214
167	772
167	839
167	877
167	959
167	975
168	51
168	166
168	508
168	825
168	846
168	933
169	66
169	406
169	617
169	679
169	684
169	749
170	85
170	86
170	541
170	579
170	617
170	905
171	315
171	424
171	633
171	666
171	740
171	741
172	240
172	359
172	374
172	526
172	699
172	831
173	13
173	417
173	709
173	798
173	932
173	997
174	290
174	741
174	743
174	764
174	871
174	969
175	10
175	299
175	448
175	471
175	588
175	750
176	220
176	246
176	344
176	484
176	697
176	946
177	304
177	503
177	710
177	806
177	854
177	877
178	674
178	793
178	816
178	866
178	884
178	910
179	251
179	364
179	446
179	473
179	705
179	879
180	153
180	188
180	281
180	674
180	719
180	737
181	437
181	475
181	761
181	808
181	813
181	835
182	560
182	717
182	731
182	795
182	826
182	878
183	507
183	519
183	525
183	637
183	644
183	828
184	114
184	149
184	292
184	362
184	434
184	460
185	502
185	514
185	661
185	819
185	826
185	878
186	558
186	621
186	803
186	873
186	891
186	998
187	378
187	804
187	832
187	842
187	851
187	947
188	65
188	180
188	391
188	554
188	603
188	817
189	274
189	309
189	322
189	438
189	540
189	612
190	93
190	274
190	438
190	444
190	540
190	887
191	743
191	759
191	898
191	960
191	962
191	1000
192	326
192	490
192	587
192	845
192	874
192	881
193	466
193	573
193	626
193	654
193	895
193	991
194	198
194	200
194	578
194	648
194	664
194	827
195	24
195	535
195	545
195	550
195	625
195	910
196	624
196	797
196	901
196	947
196	980
196	984
197	317
197	606
197	824
197	830
197	945
197	972
198	78
198	112
198	194
198	453
198	637
198	668
199	95
199	354
199	461
199	788
199	888
199	996
200	194
200	508
200	825
200	846
200	855
200	932
201	21
201	39
201	137
201	816
201	884
201	910
202	276
202	324
202	681
202	735
202	831
202	874
203	304
203	664
203	710
203	751
203	789
203	1000
204	679
204	849
204	890
204	920
204	979
204	995
205	373
205	495
205	543
205	608
205	640
205	989
206	254
206	769
206	802
206	925
206	937
206	987
207	117
207	219
207	390
207	455
207	517
207	603
208	29
208	296
208	315
208	333
208	396
208	892
209	68
209	272
209	720
209	829
209	875
209	943
210	802
210	804
210	832
210	851
210	860
210	926
211	48
211	313
211	340
211	443
211	666
211	926
212	354
212	877
212	900
212	956
212	970
212	974
213	661
213	763
213	786
213	795
213	878
213	957
214	167
214	216
214	643
214	796
214	961
214	975
215	80
215	535
215	698
215	702
215	743
215	969
216	214
216	599
216	919
216	959
216	961
216	975
217	82
217	276
217	281
217	339
217	681
217	831
218	148
218	291
218	566
218	791
218	794
218	893
218	895
219	120
219	207
219	230
219	390
219	455
219	517
219	942
220	64
220	176
220	246
220	365
220	379
220	697
220	961
221	13
221	715
221	922
221	963
221	983
221	992
221	999
222	121
222	252
222	269
222	376
222	511
222	513
222	521
223	68
223	161
223	925
223	930
223	937
223	987
223	999
224	67
224	261
224	280
224	386
224	412
224	652
224	902
225	4
225	42
225	469
225	479
225	505
225	810
225	998
226	281
226	543
226	674
226	719
226	737
226	876
226	907
227	527
227	718
227	720
227	870
227	925
227	937
227	987
228	79
228	268
228	409
228	567
228	583
228	627
228	634
229	554
229	727
229	946
229	951
229	957
229	959
229	966
230	130
230	219
230	390
230	455
230	517
230	675
230	687
231	352
231	456
231	566
231	633
231	731
231	741
231	985
232	20
232	160
232	436
232	489
232	552
232	599
232	603
233	252
233	510
233	628
233	725
233	755
233	994
233	1000
234	388
234	481
234	600
234	671
234	772
234	799
234	939
235	12
235	22
235	256
235	423
235	435
235	773
235	924
236	92
236	96
236	253
236	447
236	507
236	690
236	722
237	513
237	552
237	584
237	641
237	696
237	742
237	810
238	458
238	483
238	777
238	805
238	809
238	884
238	928
239	131
239	570
239	638
239	688
239	799
239	877
239	906
240	119
240	172
240	328
240	374
240	526
240	766
240	976
241	39
241	259
241	756
241	847
241	866
241	884
241	972
242	262
242	619
242	793
242	831
242	866
242	884
242	910
243	154
243	330
243	380
243	422
243	467
243	485
243	904
244	421
244	440
244	594
244	678
244	698
244	797
244	950
245	47
245	523
245	557
245	563
245	584
245	611
245	711
246	91
246	176
246	220
246	365
246	575
246	697
246	963
247	576
247	598
247	781
247	898
247	960
247	962
247	967
248	707
248	853
248	924
248	928
248	938
248	947
248	988
249	284
249	351
249	540
249	668
249	899
249	973
249	993
250	417
250	421
250	482
250	797
250	811
250	912
250	950
251	179
251	473
251	523
251	557
251	674
251	705
251	721
252	222
252	233
252	304
252	789
252	825
252	994
252	1000
253	236
253	441
253	585
253	690
253	703
253	762
253	982
254	206
254	630
254	753
254	894
254	902
254	980
254	984
255	466
255	509
255	573
255	626
255	654
255	890
255	980
256	12
256	162
256	235
256	415
256	423
256	557
256	773
257	124
257	393
257	542
257	724
257	907
257	927
257	937
258	304
258	472
258	732
258	746
258	770
258	815
258	945
259	241
259	340
259	793
259	883
259	884
259	978
259	983
260	8
260	542
260	694
260	720
260	829
260	943
260	964
261	19
261	58
261	224
261	368
261	412
261	586
261	652
262	242
262	353
262	544
262	698
262	743
262	871
262	969
263	504
263	631
263	721
263	812
263	945
263	972
263	977
264	27
264	607
264	822
264	890
264	977
264	979
264	995
265	81
265	328
265	654
265	757
265	820
265	845
265	848
266	7
266	325
266	752
266	765
266	885
266	955
266	971
267	432
267	577
267	717
267	857
267	908
267	944
267	952
268	26
268	228
268	297
268	337
268	375
268	564
268	928
269	11
269	222
269	376
269	411
269	493
269	511
269	521
270	77
270	316
270	331
270	371
270	517
270	622
270	642
271	87
271	143
271	411
271	451
271	638
271	668
271	920
272	209
272	588
272	602
272	678
272	771
272	912
272	921
273	44
273	112
273	605
273	701
273	842
273	953
273	976
274	93
274	189
274	190
274	438
274	540
274	579
274	777
275	306
275	385
275	444
275	474
275	529
275	604
275	686
276	202
276	217
276	324
276	575
276	684
276	735
276	823
277	472
277	620
277	673
277	706
277	862
277	948
277	964
278	495
278	736
278	765
278	852
278	882
278	955
278	971
279	286
279	508
279	825
279	846
279	855
279	905
279	998
280	34
280	224
280	368
280	386
280	412
280	652
280	859
281	18
281	180
281	217
281	226
281	682
281	719
281	737
282	465
282	469
282	539
282	592
282	594
282	630
282	931
283	422
283	491
283	632
283	657
283	662
283	738
283	818
284	90
284	249
284	899
284	922
284	931
284	955
284	993
285	597
285	616
285	843
285	894
285	902
285	947
285	984
286	152
286	279
286	571
286	825
286	846
286	855
286	963
287	365
287	405
287	478
287	776
287	794
287	926
287	939
288	320
288	756
288	814
288	864
288	879
288	918
288	936
289	361
289	468
289	561
289	645
289	656
289	686
289	969
290	22
290	174
290	306
290	353
290	696
290	743
290	871
291	154
291	218
291	330
291	380
291	422
291	467
291	943
292	114
292	149
292	184
292	434
292	460
292	481
292	812
293	369
293	398
293	420
293	427
293	512
293	699
293	847
294	22
294	142
294	698
294	702
294	764
294	837
294	969
295	40
295	90
295	492
295	499
295	609
295	726
295	736
296	165
296	208
296	307
296	333
296	396
296	456
296	651
297	268
297	337
297	341
297	375
297	435
297	564
297	977
298	25
298	102
298	673
298	862
298	948
298	951
298	964
299	10
299	68
299	136
299	175
299	448
299	454
299	471
300	744
300	803
300	867
300	889
300	915
300	985
300	996
301	385
301	713
301	766
301	838
301	920
301	968
301	997
302	401
302	500
302	844
302	958
302	979
302	982
302	986
303	30
303	96
303	134
303	644
303	653
303	669
303	828
304	177
304	203
304	252
304	258
304	751
304	814
304	1000
305	520
305	852
305	924
305	928
305	938
305	954
305	990
306	6
306	140
306	275
306	290
306	312
306	444
306	474
307	29
307	165
307	296
307	333
307	396
307	473
307	686
308	3
308	18
308	905
308	917
308	926
308	934
308	939
309	93
309	189
309	438
309	540
309	672
309	718
309	983
310	366
310	631
310	913
310	963
310	983
310	992
310	999
311	143
311	414
311	510
311	547
311	551
311	858
311	869
312	306
312	663
312	794
312	863
312	905
312	926
312	939
313	72
313	117
313	211
313	333
313	340
313	399
313	666
314	78
314	100
314	431
314	634
314	637
314	668
314	801
315	171
315	208
315	424
315	456
315	566
315	741
315	875
316	77
316	270
316	331
316	506
316	622
316	642
316	684
317	197
317	547
317	572
317	703
317	736
317	858
317	869
318	421
318	440
318	602
318	704
318	738
318	912
318	921
319	37
319	89
319	409
319	567
319	583
319	745
319	856
320	288
320	524
320	610
320	616
320	729
320	823
320	909
321	501
321	587
321	672
321	881
321	888
321	897
321	991
322	189
322	665
322	740
322	761
322	767
322	813
322	835
323	691
323	753
323	769
323	815
323	870
323	930
323	937
324	51
324	202
324	276
324	681
324	735
324	811
324	831
325	266
325	355
325	410
325	701
325	949
325	974
325	976
326	192
326	444
326	476
326	660
326	874
326	897
326	903
327	627
327	655
327	712
327	892
327	914
327	932
327	997
328	92
328	119
328	240
328	265
328	359
328	374
328	526
329	410
329	439
329	440
329	602
329	912
329	921
329	950
330	243
330	291
330	380
330	422
330	467
330	882
330	902
331	270
331	316
331	377
331	600
331	622
331	642
331	644
332	55
332	105
332	106
332	580
332	690
332	739
332	819
333	165
333	208
333	296
333	307
333	313
333	396
333	534
334	522
334	603
334	757
334	800
334	820
334	845
334	848
335	88
335	411
335	480
335	491
335	506
335	638
335	749
336	24
336	36
336	120
336	150
336	364
336	371
336	658
337	26
337	111
337	268
337	297
337	341
337	564
337	622
338	497
338	604
338	675
338	693
338	754
338	868
338	967
339	48
339	101
339	217
339	492
339	575
339	735
339	831
340	211
340	259
340	313
340	399
340	420
340	443
340	666
341	26
341	128
341	297
341	337
341	375
341	564
341	999
342	504
342	580
342	639
342	668
342	739
342	819
342	875
343	63
343	571
343	632
343	641
343	696
343	789
343	810
344	64
344	176
344	365
344	484
344	635
344	697
344	990
345	72
345	117
345	399
345	443
345	666
345	667
345	724
346	56
346	109
346	133
346	364
346	397
346	495
346	808
347	456
347	715
347	774
347	852
347	861
347	877
347	906
348	72
348	574
348	673
348	692
348	821
348	948
348	964
349	141
349	414
349	591
349	714
349	839
349	858
349	869
350	730
350	788
350	923
350	940
350	946
350	957
350	966
351	66
351	249
351	743
351	775
351	833
351	931
351	993
352	231
352	424
352	456
352	484
352	545
352	633
352	741
353	262
353	290
353	564
353	743
353	764
353	836
353	871
354	146
354	199
354	212
354	463
354	805
354	835
354	996
355	325
355	377
355	393
355	724
355	744
355	949
355	953
356	407
356	482
356	503
356	599
356	634
356	776
356	934
357	452
357	494
357	785
357	840
357	854
357	895
357	981
358	413
358	479
358	730
358	747
358	896
358	906
358	935
359	119
359	172
359	328
359	374
359	526
359	632
359	832
360	32
360	508
360	825
360	838
360	846
360	855
360	973
361	289
361	467
361	913
361	963
361	983
361	992
361	999
362	184
362	694
362	704
362	758
362	900
362	970
362	989
363	90
363	657
363	782
363	807
363	898
363	899
363	965
364	7
364	109
364	179
364	336
364	346
364	397
364	959
365	69
365	91
365	220
365	246
365	287
365	344
365	697
366	310
366	621
366	665
366	784
366	864
366	873
366	998
367	497
367	675
367	693
367	754
367	798
367	890
367	969
368	58
368	261
368	280
368	386
368	611
368	652
368	697
369	293
369	394
369	400
369	509
369	512
369	699
369	733
370	616
370	672
370	865
370	874
370	903
370	948
370	991
371	24
371	36
371	120
371	150
371	270
371	336
371	505
372	478
372	634
372	782
372	905
372	917
372	934
372	939
372	989
373	205
373	624
373	860
373	864
373	879
373	918
373	936
373	950
374	172
374	240
374	328
374	359
374	526
374	680
374	721
374	808
375	26
375	268
375	297
375	341
375	564
375	590
375	816
375	912
376	11
376	121
376	222
376	269
376	511
376	521
376	908
376	987
377	77
377	86
377	331
377	355
377	487
377	622
377	642
377	878
378	76
378	187
378	465
378	539
378	592
378	594
378	630
378	882
379	220
379	621
379	868
379	891
379	913
379	929
379	932
379	998
380	56
380	154
380	243
380	291
380	330
380	422
380	467
380	803
381	21
381	430
381	462
381	480
381	492
381	499
381	726
381	736
382	14
382	127
382	548
382	568
382	620
382	627
382	636
382	670
383	462
383	476
383	587
383	814
383	856
383	865
383	881
383	903
384	477
384	524
384	610
384	667
384	727
384	749
384	823
384	934
385	6
385	54
385	140
385	275
385	301
385	444
385	474
385	529
386	58
386	224
386	280
386	368
386	412
386	544
386	652
386	754
387	426
387	708
387	710
387	789
387	836
387	887
387	994
387	1000
388	234
388	613
388	671
388	678
388	772
388	799
388	908
388	959
389	525
389	595
389	685
389	775
389	801
389	931
389	965
389	973
390	207
390	219
390	230
390	455
390	517
390	673
390	838
390	901
391	140
391	188
391	436
391	546
391	554
391	599
391	603
391	987
392	604
392	658
392	759
392	768
392	880
392	883
392	898
392	967
393	257
393	355
393	565
393	659
393	683
393	745
393	764
393	976
394	369
394	400
394	420
394	427
394	478
394	512
394	699
394	760
395	556
395	754
395	784
395	868
395	873
395	929
395	936
395	998
396	29
396	165
396	208
396	296
396	307
396	333
396	969
396	974
397	7
397	56
397	109
397	133
397	346
397	364
397	681
397	778
398	293
398	457
398	475
398	478
398	545
398	550
398	577
398	618
399	72
399	313
399	340
399	345
399	443
399	569
399	666
399	941
400	369
400	394
400	420
400	427
400	512
400	699
400	800
400	927
401	302
401	775
401	782
401	833
401	864
401	931
401	965
401	993
402	459
402	478
402	703
402	802
402	804
402	832
402	842
402	851
403	27
403	578
403	648
403	664
403	700
403	713
403	827
403	994
404	437
404	446
404	680
404	857
404	908
404	944
404	952
404	957
405	14
405	127
405	287
405	548
405	568
405	627
405	636
405	782
406	87
406	169
406	559
406	576
406	635
406	679
406	712
406	749
407	356
407	482
407	532
407	634
407	663
407	757
407	794
407	917
408	85
408	135
408	136
408	541
408	579
408	617
408	660
408	946
409	76
409	89
409	228
409	319
409	424
409	567
409	583
409	683
410	325
410	329
410	605
410	695
410	727
410	891
410	907
410	976
411	143
411	163
411	269
411	271
411	335
411	451
411	638
411	871
412	58
412	224
412	261
412	280
412	386
412	652
412	759
412	819
413	358
413	642
413	735
413	760
413	907
413	935
413	941
413	981
414	311
414	349
414	572
414	714
414	751
414	858
414	869
414	910
415	256
415	418
415	423
415	530
415	546
415	661
415	706
415	773
416	468
416	680
416	824
416	859
416	908
416	944
416	952
416	978
417	173
417	250
417	822
417	849
417	977
417	978
417	979
417	995
418	12
418	80
418	415
418	435
418	442
418	546
418	773
418	872
419	104
419	157
419	649
419	839
419	919
419	959
419	961
419	975
420	293
420	340
420	394
420	400
420	427
420	430
420	664
420	699
421	45
421	155
421	244
421	250
421	318
421	470
421	921
421	950
422	65
422	243
422	283
422	291
422	330
422	380
422	494
422	550
423	235
423	256
423	415
423	435
423	546
423	691
423	721
423	773
424	154
424	171
424	315
424	352
424	409
424	566
424	633
424	741
425	148
425	159
425	547
425	881
425	896
425	935
425	941
425	981
426	145
426	387
426	491
426	528
426	632
426	712
426	738
426	818
427	293
427	394
427	400
427	420
427	512
427	699
427	704
427	940
428	23
428	137
428	494
428	534
428	554
428	785
428	840
428	854
429	753
429	794
429	901
429	902
429	913
429	947
429	980
429	984
430	381
430	420
430	464
430	658
430	676
430	700
430	887
430	977
431	78
431	112
431	314
431	636
431	637
431	668
431	674
431	728
432	267
432	677
432	708
432	789
432	806
432	969
432	994
432	1000
433	69
433	164
433	556
433	784
433	830
433	855
433	874
433	929
434	114
434	149
434	184
434	292
434	443
434	460
434	560
434	588
435	6
435	12
435	235
435	297
435	418
435	423
435	546
435	773
436	54
436	65
436	121
436	232
436	391
436	554
436	603
436	817
437	67
437	181
437	404
437	720
437	829
437	846
437	875
437	943
438	93
438	189
438	190
438	274
438	309
438	540
438	669
438	865
439	163
439	329
439	689
439	713
439	839
439	919
439	959
439	961
440	244
440	318
440	329
440	775
440	780
440	912
440	921
440	950
441	51
441	101
441	253
441	447
441	690
441	722
441	762
441	917
442	418
442	693
442	785
442	849
442	977
442	978
442	979
442	995
443	117
443	211
443	340
443	345
443	399
443	434
443	624
443	666
444	190
444	275
444	306
444	326
444	385
444	474
444	529
444	975
445	138
445	863
445	867
445	869
445	888
445	915
445	933
445	985
446	56
446	151
446	179
446	404
446	522
446	523
446	534
446	563
447	114
447	139
447	236
447	441
447	459
447	690
447	762
447	824
448	10
448	15
448	68
448	175
448	299
448	471
448	536
448	830
449	596
449	623
449	667
449	756
449	860
449	864
449	918
449	936
450	73
450	132
450	490
450	606
450	791
450	849
450	893
450	895
451	87
451	143
451	271
451	411
451	480
451	560
451	626
451	809
452	166
452	357
452	785
452	840
452	854
452	857
452	867
452	947
453	128
453	198
453	781
453	836
453	900
453	960
453	962
453	967
454	8
454	35
454	299
454	537
454	694
454	829
454	875
454	943
455	130
455	207
455	219
455	230
455	390
455	517
455	651
455	948
456	231
456	296
456	315
456	347
456	352
456	566
456	633
456	741
457	398
457	475
457	535
457	545
457	550
457	618
457	704
457	883
458	238
458	461
458	500
458	515
458	762
458	777
458	783
458	888
459	402
459	447
459	507
459	585
459	690
459	722
459	762
459	911
460	14
460	114
460	149
460	184
460	292
460	434
460	552
460	987
461	199
461	458
461	553
461	673
461	716
461	783
461	809
461	996
462	381
462	383
462	485
462	523
462	609
462	657
462	726
462	736
463	146
463	354
463	508
463	515
463	586
463	777
463	809
463	996
464	430
464	651
464	685
464	700
464	711
464	887
464	919
464	991
465	282
465	378
465	539
465	592
465	594
465	630
465	643
465	862
466	193
466	255
466	509
466	573
466	626
466	654
466	776
466	894
467	84
467	154
467	243
467	291
467	330
467	361
467	380
467	709
468	33
468	92
468	289
468	416
468	561
468	645
468	656
468	686
469	4
469	42
469	59
469	225
469	282
469	479
469	505
469	724
470	49
470	158
470	421
470	548
470	751
470	771
470	780
470	950
471	10
471	15
471	68
471	175
471	299
471	448
471	741
471	822
472	57
472	258
472	277
472	692
472	813
472	821
472	862
472	964
473	179
473	251
473	307
473	534
473	557
473	563
473	731
473	938
474	131
474	275
474	306
474	385
474	444
474	529
474	773
474	996
475	181
475	398
475	457
475	535
475	545
475	577
475	618
475	962
476	326
476	383
476	814
476	846
476	865
476	881
476	991
476	997
477	384
477	524
477	595
477	616
477	667
477	729
477	823
477	944
478	287
478	372
478	394
478	398
478	402
478	723
478	905
478	934
479	4
479	42
479	59
479	141
479	225
479	358
479	469
479	505
480	88
480	143
480	157
480	335
480	381
480	451
480	638
480	807
481	97
481	234
481	292
481	613
481	660
481	772
481	799
481	875
482	113
482	250
482	356
482	407
482	529
482	723
482	806
482	926
483	238
483	553
483	777
483	805
483	829
483	862
483	914
483	996
484	64
484	176
484	344
484	352
484	521
484	691
484	697
484	888
485	243
485	462
485	646
485	821
485	862
485	871
485	948
485	964
486	596
486	710
486	913
486	922
486	963
486	983
486	992
486	999
487	52
487	377
487	822
487	844
487	849
487	856
487	978
487	995
488	43
488	125
488	702
488	842
488	871
488	930
488	967
488	969
489	232
489	588
489	598
489	747
489	935
489	941
489	965
489	981
490	192
490	450
490	516
490	606
490	791
490	823
490	893
490	895
491	283
491	335
491	426
491	528
491	575
491	662
491	738
491	818
492	295
492	339
492	381
492	499
492	515
492	609
492	726
492	736
493	269
493	589
493	779
493	851
493	876
493	958
493	982
493	986
494	23
494	137
494	357
494	422
494	428
494	785
494	816
494	840
494	854
495	106
495	122
495	205
495	278
495	346
495	531
495	543
495	608
495	640
496	6
496	612
496	635
496	854
496	894
496	901
496	947
496	980
496	984
497	74
497	338
497	367
497	604
497	675
497	693
497	732
497	754
497	773
498	30
498	645
498	790
498	841
498	844
498	853
498	957
498	982
498	986
499	295
499	381
499	492
499	609
499	726
499	736
499	770
499	939
499	954
500	19
500	302
500	458
500	761
500	817
500	844
500	876
500	982
500	991
501	321
501	544
501	554
501	757
501	800
501	820
501	845
501	848
501	886
502	185
502	560
502	763
502	795
502	826
502	878
502	936
502	940
502	988
503	177
503	356
503	677
503	708
503	789
503	832
503	900
503	994
503	1000
504	55
504	105
504	263
504	342
504	639
504	714
504	739
504	819
504	908
505	4
505	42
505	59
505	225
505	371
505	469
505	479
505	537
505	977
506	316
506	335
506	586
506	680
506	852
506	857
506	859
506	944
506	952
507	25
507	183
507	236
507	459
507	585
507	630
507	690
507	722
507	762
508	51
508	168
508	200
508	279
508	360
508	463
508	811
508	846
508	855
509	118
509	255
509	369
509	466
509	573
509	617
509	626
509	654
509	774
510	233
510	311
510	547
510	591
510	671
510	714
510	858
510	869
510	906
511	11
511	121
511	222
511	269
511	376
511	521
511	885
511	891
511	944
512	87
512	293
512	369
512	394
512	400
512	427
512	699
512	877
512	936
513	29
513	147
513	222
513	237
513	552
513	571
513	641
513	696
513	810
514	61
514	185
514	655
514	695
514	907
514	927
514	940
514	949
514	976
515	61
515	458
515	463
515	492
515	787
515	805
515	809
515	993
515	996
516	490
516	531
516	606
516	638
516	714
516	784
516	791
516	893
516	895
517	130
517	207
517	219
517	230
517	270
517	390
517	455
517	618
517	894
518	538
518	718
518	825
518	852
518	858
518	882
518	885
518	955
518	971
519	111
519	183
519	525
519	628
519	644
519	669
519	705
519	828
519	895
520	2
520	305
520	756
520	860
520	864
520	879
520	918
520	928
520	936
521	11
521	36
521	121
521	222
521	269
521	376
521	484
521	511
521	883
522	334
522	446
522	523
522	534
522	562
522	653
522	705
522	956
522	998
523	245
523	251
523	446
523	462
523	522
523	557
523	562
523	653
523	768
524	320
524	384
524	477
524	610
524	650
524	667
524	729
524	823
524	995
525	96
525	134
525	183
525	389
525	519
525	630
525	669
525	828
525	855
526	119
526	172
526	240
526	328
526	359
526	374
526	762
526	918
526	986
527	227
527	534
527	557
527	562
527	584
527	632
527	653
527	705
527	989
528	16
528	426
528	491
528	632
528	662
528	738
528	801
528	818
528	962
529	6
529	140
529	275
529	385
529	444
529	474
529	482
529	670
529	938
530	415
530	617
530	707
530	748
530	827
530	924
530	928
530	988
530	990
531	132
531	495
531	516
531	606
531	727
531	774
531	791
531	893
531	895
532	407
532	725
532	740
532	761
532	767
532	808
532	835
532	849
532	894
533	159
533	613
533	683
533	850
533	867
533	889
533	911
533	933
533	985
534	333
534	428
534	446
534	473
534	522
534	527
534	562
534	653
534	705
535	195
535	215
535	457
535	475
535	550
535	577
535	618
535	853
535	937
536	448
536	731
536	754
536	892
536	914
536	920
536	932
536	968
536	983
537	5
537	67
537	454
537	505
537	661
537	694
537	720
537	875
537	943
538	518
538	620
538	759
538	782
538	833
538	931
538	965
538	973
538	993
539	53
539	128
539	282
539	378
539	465
539	592
539	594
539	630
539	986
540	93
540	189
540	190
540	249
540	274
540	309
540	438
540	848
540	897
541	85
541	135
541	136
541	170
541	408
541	556
541	617
541	639
541	958
542	154
542	257
542	260
542	701
542	724
542	837
542	907
542	949
542	953
543	106
543	122
543	139
543	205
543	226
543	495
543	608
543	640
543	764
544	152
544	262
544	386
544	501
544	757
544	800
544	820
544	845
544	848
545	195
545	352
545	398
545	457
545	475
545	577
545	618
545	887
545	892
546	12
546	57
546	391
546	415
546	418
546	423
546	435
546	773
546	980
547	311
547	317
547	425
547	510
547	591
547	714
547	814
547	858
547	869
548	14
548	44
548	127
548	382
548	405
548	470
548	568
548	627
548	636
549	39
549	136
549	581
549	619
549	693
549	793
549	847
549	883
549	884
550	69
550	195
550	398
550	422
550	457
550	535
550	577
550	618
550	912
551	311
551	768
551	792
551	836
551	880
551	898
551	962
551	967
551	988
552	63
552	232
552	237
552	460
552	513
552	571
552	678
552	696
552	810
553	155
553	461
553	483
553	783
553	805
553	826
553	838
553	888
553	996
554	20
554	160
554	188
554	229
554	391
554	428
554	436
554	501
554	599
555	69
555	556
555	665
555	709
555	784
555	868
555	885
555	891
555	998
556	69
556	395
556	433
556	541
556	555
556	809
556	873
556	891
556	892
557	245
557	251
557	256
557	473
557	523
557	527
557	584
557	587
557	653
558	186
558	615
558	622
558	796
558	928
558	929
558	938
558	988
558	990
559	406
559	576
559	582
559	635
559	644
559	679
559	684
559	749
559	778
560	182
560	434
560	451
560	502
560	661
560	763
560	795
560	826
560	878
561	13
561	289
561	468
561	645
561	656
561	686
561	707
561	738
561	782
562	522
562	523
562	527
562	534
562	563
562	584
562	596
562	854
562	995
563	47
563	245
563	446
563	473
563	562
563	653
563	815
563	859
563	937
564	26
564	63
564	268
564	297
564	337
564	341
564	353
564	375
564	845
565	393
565	576
565	872
565	923
565	940
565	951
565	957
565	966
565	992
566	218
566	231
566	315
566	424
566	456
566	633
566	728
566	741
566	884
567	37
567	76
567	79
567	228
567	319
567	409
567	583
567	771
567	970
568	44
568	382
568	405
568	548
568	627
568	636
568	777
568	805
568	970
569	141
569	399
569	604
569	672
569	814
569	865
569	897
569	981
569	991
570	239
570	657
570	687
570	735
570	786
570	861
570	871
570	872
570	886
571	147
571	286
571	343
571	513
571	552
571	696
571	810
571	830
571	897
572	317
572	414
572	591
572	714
572	784
572	842
572	858
572	869
572	899
573	20
573	118
573	193
573	255
573	466
573	509
573	626
573	654
573	726
574	130
574	348
574	651
574	676
574	685
574	700
574	711
574	887
574	998
575	9
575	124
575	246
575	276
575	339
575	491
575	681
575	735
575	831
576	247
576	406
576	559
576	565
576	581
576	635
576	679
576	684
576	749
577	267
577	398
577	475
577	535
577	545
577	550
577	581
577	618
577	628
578	40
578	194
578	403
578	582
578	648
578	654
578	713
578	827
578	907
579	85
579	135
579	136
579	170
579	274
579	408
579	617
579	689
579	751
580	116
580	332
580	342
580	639
580	640
580	739
580	819
580	893
580	949
581	549
581	576
581	577
581	726
581	793
581	816
581	847
581	866
581	910
582	27
582	559
582	578
582	591
582	648
582	664
582	713
582	827
582	994
583	37
583	79
583	228
583	319
583	409
583	567
583	682
583	978
583	990
584	47
584	237
584	245
584	527
584	557
584	562
584	602
584	705
584	980
585	101
585	253
585	459
585	507
585	629
585	722
585	762
585	896
585	929
586	261
586	463
586	506
586	717
586	857
586	859
586	889
586	908
586	944
586	952
587	192
587	321
587	383
587	557
587	715
587	881
587	897
587	903
587	949
587	991
588	124
588	175
588	272
588	434
588	489
588	598
588	607
588	760
588	896
588	981
589	493
589	763
589	769
589	815
589	841
589	844
589	853
589	876
589	982
589	986
590	2
590	84
590	375
590	596
590	640
590	670
590	732
590	746
590	770
590	815
591	4
591	349
591	510
591	547
591	572
591	582
591	714
591	745
591	858
591	869
592	53
592	282
592	378
592	465
592	539
592	594
592	630
592	708
592	906
592	981
593	75
593	657
593	687
593	715
593	774
593	827
593	861
593	886
593	906
593	997
594	53
594	244
594	282
594	378
594	465
594	539
594	592
594	630
594	824
594	904
595	389
595	477
595	900
595	904
595	942
595	952
595	956
595	970
595	974
595	989
596	449
596	486
596	562
596	590
596	670
596	732
596	733
596	746
596	770
596	815
597	285
597	612
597	652
597	753
597	896
597	901
597	947
597	962
597	980
597	984
598	3
598	109
598	124
598	247
598	489
598	588
598	730
598	744
598	941
598	981
599	20
599	54
599	160
599	216
599	232
599	356
599	391
599	554
599	603
599	747
600	234
600	331
600	691
600	769
600	870
600	902
600	925
600	930
600	937
600	987
601	80
601	81
601	619
601	781
601	799
601	816
601	866
601	883
601	884
601	910
602	272
602	318
602	329
602	584
602	710
602	771
602	811
602	897
602	912
602	921
603	65
603	160
603	188
603	207
603	232
603	334
603	391
603	436
603	599
603	660
604	34
604	74
604	275
604	338
604	392
604	497
604	569
604	675
604	693
604	754
605	79
605	126
605	273
605	410
605	745
605	813
605	907
605	949
605	953
605	976
606	107
606	197
606	450
606	490
606	516
606	531
606	692
606	893
606	895
606	969
607	264
607	588
607	658
607	747
607	760
607	896
607	934
607	935
607	941
607	981
608	106
608	122
608	139
608	205
608	495
608	543
608	624
608	640
608	803
608	882
609	21
609	295
609	462
609	492
609	499
609	726
609	736
609	810
609	916
609	979
610	16
610	320
610	384
610	524
610	616
610	667
610	729
610	823
610	824
610	956
611	245
611	368
611	753
611	894
611	901
611	902
611	947
611	953
611	980
611	984
612	103
612	189
612	496
612	597
612	766
612	894
612	901
612	902
612	980
612	984
613	144
613	388
613	481
613	533
613	660
613	671
613	772
613	796
613	799
613	805
614	677
614	803
614	822
614	841
614	904
614	942
614	956
614	970
614	974
614	989
615	65
615	558
615	659
615	707
615	748
615	778
615	924
615	938
615	988
615	991
616	50
616	285
616	320
616	370
616	477
616	610
616	649
616	667
616	729
616	823
617	135
617	136
617	169
617	170
617	408
617	509
617	530
617	541
617	579
617	649
618	398
618	457
618	475
618	517
618	535
618	545
618	550
618	577
618	758
618	921
619	242
619	549
619	601
619	793
619	816
619	834
619	847
619	883
619	901
619	917
620	90
620	277
620	382
620	538
620	775
620	899
620	931
620	941
620	965
620	993
621	69
621	111
621	186
621	366
621	379
621	861
621	929
621	966
621	979
621	998
622	77
622	86
622	158
622	270
622	316
622	331
622	337
622	377
622	558
622	642
623	449
623	624
623	729
623	756
623	860
623	864
623	873
623	879
623	918
623	936
624	196
624	373
624	443
624	608
624	623
624	860
624	864
624	879
624	918
624	936
625	195
625	651
625	658
625	676
625	685
625	700
625	703
625	711
625	835
625	887
626	118
626	193
626	255
626	451
626	466
626	509
626	573
626	654
626	821
626	930
627	44
627	127
627	228
627	327
627	382
627	405
627	548
627	568
627	636
627	1000
628	233
628	519
628	577
628	677
628	751
628	752
628	789
628	806
628	994
628	1000
629	585
629	649
629	689
629	697
629	839
629	880
629	919
629	959
629	961
629	975
630	53
630	254
630	282
630	378
630	465
630	507
630	525
630	539
630	592
630	594
631	71
631	263
631	310
631	650
631	759
631	830
631	837
631	909
631	945
631	972
632	16
632	145
632	283
632	343
632	359
632	426
632	527
632	528
632	738
632	818
633	171
633	231
633	352
633	424
633	456
633	566
633	653
633	723
633	741
633	854
634	60
634	228
634	314
634	356
634	372
634	407
634	776
634	917
634	934
634	939
635	35
635	66
635	344
635	406
635	496
635	559
635	576
635	684
635	749
635	970
636	14
636	37
636	44
636	382
636	405
636	431
636	548
636	568
636	627
636	920
637	78
637	100
637	112
637	183
637	198
637	314
637	431
637	668
637	784
637	921
638	87
638	88
638	143
638	239
638	271
638	335
638	411
638	480
638	516
638	789
639	55
639	116
639	342
639	504
639	541
639	580
639	739
639	819
639	993
639	999
640	106
640	122
640	139
640	205
640	495
640	543
640	580
640	590
640	608
640	876
641	63
641	147
641	237
641	343
641	513
641	654
641	696
641	810
641	935
641	946
642	48
642	77
642	86
642	270
642	316
642	331
642	377
642	413
642	622
642	880
643	214
643	465
643	666
643	704
643	737
643	856
643	977
643	978
643	979
643	995
644	11
644	96
644	111
644	183
644	303
644	331
644	519
644	559
644	669
644	828
645	13
645	92
645	289
645	468
645	498
645	561
645	656
645	686
645	894
645	980
646	25
646	57
646	485
646	692
646	713
646	821
646	861
646	948
646	964
646	974
647	110
647	707
647	717
647	778
647	796
647	916
647	938
647	954
647	988
647	990
648	11
648	194
648	403
648	578
648	582
648	664
648	713
648	827
648	870
648	992
649	419
649	616
649	617
649	629
649	689
649	723
649	839
649	919
649	961
649	975
650	524
650	631
650	781
650	812
650	824
650	837
650	909
650	910
650	945
650	972
651	296
651	455
651	464
651	574
651	625
651	658
651	676
651	711
651	887
651	961
652	58
652	224
652	261
652	280
652	368
652	386
652	412
652	597
652	818
652	955
653	303
653	522
653	523
653	527
653	534
653	557
653	563
653	633
653	705
653	957
654	118
654	193
654	255
654	265
654	466
654	509
654	573
654	578
654	626
654	641
655	327
655	514
655	695
655	701
655	745
655	848
655	927
655	935
655	953
655	976
656	13
656	92
656	153
656	289
656	468
656	561
656	645
656	686
656	705
656	844
657	283
657	363
657	462
657	570
657	593
657	688
657	715
657	861
657	886
657	906
658	336
658	392
658	430
658	607
658	625
658	651
658	685
658	700
658	711
658	887
659	59
659	393
659	615
659	695
659	907
659	910
659	927
659	949
659	953
659	976
660	52
660	97
660	326
660	408
660	481
660	603
660	613
660	671
660	772
660	799
661	185
661	213
661	415
661	537
661	560
661	763
661	795
661	826
661	860
661	878
662	16
662	145
662	283
662	491
662	528
662	708
662	738
662	818
662	823
662	904
663	312
663	407
663	763
663	794
663	917
663	926
663	934
663	939
663	941
663	950
664	103
664	194
664	203
664	403
664	420
664	582
664	648
664	713
664	745
664	827
665	322
665	366
665	555
665	861
665	868
665	873
665	891
665	929
665	998
665	1000
666	5
666	72
666	117
666	171
666	211
666	313
666	340
666	345
666	399
666	443
666	643
667	112
667	159
667	345
667	384
667	449
667	477
667	524
667	610
667	616
667	729
667	823
668	78
668	100
668	112
668	198
668	249
668	271
668	314
668	342
668	431
668	637
668	907
669	96
669	111
669	134
669	303
669	438
669	519
669	525
669	644
669	677
669	828
669	939
670	84
670	138
670	382
670	529
670	590
670	596
670	732
670	733
670	770
670	815
670	942
671	97
671	144
671	234
671	388
671	510
671	613
671	660
671	772
671	799
671	850
671	982
672	309
672	321
672	370
672	569
672	814
672	841
672	874
672	897
672	903
672	954
672	991
673	277
673	298
673	348
673	390
673	461
673	692
673	802
673	862
673	948
673	960
673	964
674	18
674	60
674	153
674	178
674	180
674	226
674	251
674	431
674	719
674	737
674	765
675	8
675	34
675	123
675	144
675	230
675	338
675	367
675	497
675	604
675	693
675	754
676	20
676	430
676	574
676	625
676	651
676	685
676	690
676	700
676	711
676	887
676	996
677	432
677	503
677	614
677	628
677	669
677	683
677	710
677	755
677	806
677	994
677	1000
678	244
678	272
678	388
678	552
678	771
678	780
678	797
678	811
678	821
678	912
678	921
679	35
679	66
679	169
679	204
679	406
679	559
679	576
679	684
679	749
679	755
679	952
680	46
680	374
680	404
680	416
680	506
680	717
680	859
680	865
680	908
680	944
680	952
681	40
681	48
681	202
681	217
681	324
681	397
681	575
681	735
681	831
681	942
681	968
682	113
682	281
682	583
682	703
682	756
682	802
682	804
682	832
682	842
682	851
683	115
683	393
683	409
683	533
683	677
683	744
683	818
683	850
683	911
683	915
683	985
684	35
684	66
684	169
684	276
684	316
684	559
684	576
684	635
684	679
684	749
684	834
685	389
685	464
685	574
685	625
685	658
685	676
685	700
685	711
685	820
685	887
685	920
686	13
686	92
686	275
686	289
686	307
686	468
686	561
686	645
686	656
686	829
686	871
687	131
687	230
687	570
687	593
687	688
687	758
687	786
687	829
687	861
687	906
687	996
688	133
688	239
688	657
688	687
688	774
688	831
688	841
688	861
688	877
688	886
688	906
689	81
689	439
689	579
689	629
689	649
689	839
689	919
689	923
689	959
689	961
689	975
690	236
690	253
690	332
690	441
690	447
690	459
690	507
690	676
690	722
690	762
690	966
691	161
691	162
691	323
691	423
691	484
691	600
691	769
691	870
691	937
691	979
691	987
692	28
692	43
692	348
692	472
692	606
692	646
692	673
692	821
692	862
692	948
692	985
693	34
693	74
693	338
693	367
693	442
693	497
693	549
693	604
693	675
693	753
693	754
694	8
694	260
694	362
694	454
694	537
694	720
694	772
694	826
694	829
694	875
694	943
695	119
695	410
695	514
695	655
695	659
695	724
695	745
695	847
695	927
695	953
695	955
696	50
696	115
696	147
696	237
696	290
696	343
696	513
696	552
696	571
696	641
696	810
697	91
697	176
697	220
697	246
697	344
697	365
697	368
697	484
697	629
697	950
697	961
698	43
698	156
698	215
698	244
698	262
698	294
698	743
698	764
698	801
698	834
698	969
699	172
699	293
699	369
699	394
699	400
699	420
699	427
699	512
699	760
699	804
699	880
700	403
700	430
700	464
700	574
700	625
700	658
700	676
700	685
700	789
700	887
700	933
701	41
701	273
701	325
701	542
701	655
701	816
701	833
701	837
701	927
701	949
701	953
702	43
702	125
702	215
702	294
702	488
702	743
702	756
702	764
702	802
702	818
702	969
703	253
703	317
703	402
703	625
703	682
703	802
703	804
703	832
703	842
703	851
704	318
704	362
704	427
704	457
704	643
704	822
704	849
704	856
704	890
704	978
704	995
705	47
705	179
705	251
705	519
705	522
705	527
705	534
705	584
705	653
705	656
705	922
706	277
706	415
706	742
706	790
706	817
706	841
706	853
706	876
706	952
706	958
706	986
707	248
707	530
707	561
707	615
707	647
707	748
707	779
707	796
707	860
707	954
707	990
708	98
708	387
708	432
708	503
708	592
708	662
708	755
708	789
708	806
708	994
708	1000
709	173
709	467
709	555
709	779
709	798
709	892
709	914
709	927
709	932
709	956
709	997
710	177
710	203
710	387
710	486
710	602
710	677
710	733
710	751
710	755
710	994
710	1000
711	245
711	464
711	574
711	625
711	651
711	658
711	676
711	685
711	827
711	887
711	906
712	327
712	406
712	426
712	766
712	774
712	779
712	838
712	914
712	920
712	968
712	997
713	103
713	139
713	301
713	403
713	439
713	578
713	582
713	646
713	648
713	664
713	827
714	161
714	349
714	414
714	504
714	510
714	516
714	547
714	572
714	591
714	858
714	869
715	51
715	221
715	347
715	587
715	593
715	657
715	774
715	786
715	877
715	886
715	971
716	461
716	787
716	790
716	817
716	853
716	864
716	876
716	937
716	958
716	982
716	986
717	182
717	267
717	586
717	647
717	680
717	720
717	857
717	859
717	908
717	944
717	952
718	227
718	309
718	518
718	734
718	752
718	765
718	882
718	885
718	955
718	971
718	972
719	18
719	60
719	153
719	180
719	226
719	281
719	674
719	737
719	767
719	781
719	933
720	209
720	227
720	260
720	437
720	537
720	694
720	717
720	759
720	829
720	875
720	943
721	82
721	108
721	251
721	263
721	374
721	423
721	830
721	837
721	909
721	945
721	972
722	32
722	101
722	236
722	441
722	459
722	507
722	585
722	690
722	762
722	825
722	869
723	135
723	478
723	482
723	633
723	649
723	794
723	905
723	917
723	926
723	939
723	983
724	257
724	345
724	355
724	469
724	542
724	695
724	745
724	811
724	903
724	907
724	976
725	75
725	151
725	233
725	532
725	740
725	748
725	761
725	767
725	808
725	813
725	835
726	21
726	62
726	295
726	381
726	462
726	492
726	499
726	573
726	581
726	609
726	736
727	229
727	384
727	410
727	531
727	872
727	923
727	940
727	946
727	951
727	957
727	966
728	431
728	566
728	775
728	788
728	872
728	923
728	940
728	946
728	951
728	957
728	966
729	50
729	320
729	477
729	524
729	610
729	616
729	623
729	667
729	731
729	823
729	943
730	350
730	358
730	598
730	747
730	760
730	896
730	898
730	921
730	935
730	941
730	981
731	182
731	231
731	473
731	536
731	729
731	766
731	798
731	838
731	920
731	932
731	997
732	258
732	497
732	590
732	596
732	670
732	733
732	746
732	770
732	815
732	928
732	997
733	84
733	138
733	369
733	596
733	670
733	710
733	732
733	746
733	770
733	815
733	986
734	17
734	718
734	758
734	803
734	900
734	904
734	942
734	945
734	956
734	970
734	974
734	989
735	40
735	202
735	276
735	324
735	339
735	413
735	570
735	575
735	681
735	776
735	831
735	966
736	21
736	163
736	278
736	295
736	317
736	381
736	462
736	492
736	499
736	609
736	726
736	889
737	18
737	50
737	55
737	60
737	153
737	180
737	226
737	281
737	643
737	674
737	719
737	995
738	16
738	145
738	283
738	318
738	426
738	491
738	528
738	561
738	632
738	662
738	757
738	818
739	47
739	55
739	105
739	116
739	332
739	342
739	504
739	580
739	639
739	819
739	820
739	892
740	75
740	171
740	322
740	532
740	725
740	761
740	767
740	808
740	813
740	835
740	867
740	922
741	76
741	171
741	174
741	231
741	315
741	352
741	424
741	456
741	471
741	566
741	633
741	914
742	237
742	706
742	787
742	817
742	841
742	850
742	853
742	882
742	933
742	958
742	982
742	986
743	174
743	191
743	215
743	262
743	290
743	351
743	353
743	698
743	702
743	764
743	839
743	969
744	85
744	86
744	300
744	355
744	598
744	683
744	792
744	850
744	863
744	867
744	911
744	915
745	319
745	393
745	591
745	605
745	655
745	664
745	695
745	724
745	795
745	927
745	949
745	976
746	84
746	108
746	138
746	258
746	590
746	596
746	732
746	733
746	770
746	815
746	836
746	978
747	358
747	489
747	599
747	607
747	730
747	760
747	896
747	904
747	935
747	938
747	941
747	981
748	110
748	530
748	615
748	707
748	725
748	765
748	778
748	822
748	924
748	928
748	988
748	990
749	35
749	169
749	335
749	384
749	406
749	559
749	576
749	635
749	679
749	684
749	797
749	919
750	104
750	133
750	175
750	792
750	850
750	863
750	881
750	911
750	915
750	933
750	945
750	985
751	203
751	304
751	414
751	470
751	579
751	628
751	710
751	755
751	791
751	806
751	994
751	1000
752	102
752	266
752	628
752	718
752	765
752	791
752	845
752	852
752	882
752	885
752	955
752	971
753	254
753	323
753	429
753	597
753	611
753	693
753	814
753	894
753	902
753	947
753	980
753	984
754	34
754	74
754	338
754	367
754	386
754	395
754	497
754	536
754	604
754	675
754	693
754	946
755	233
755	677
755	679
755	708
755	710
755	751
755	784
755	806
755	864
755	957
755	994
755	1000
756	127
756	241
756	288
756	449
756	520
756	623
756	682
756	702
756	860
756	879
756	918
756	936
757	145
757	265
757	334
757	407
757	501
757	544
757	738
757	800
757	820
757	845
757	848
757	971
758	42
758	362
758	618
758	687
758	734
758	901
758	904
758	942
758	956
758	970
758	974
758	989
759	5
759	191
759	392
759	412
759	538
759	631
759	720
759	880
759	898
759	960
759	962
759	967
760	105
760	159
760	394
760	413
760	588
760	607
760	699
760	730
760	747
760	896
760	935
760	981
761	181
761	322
761	500
761	532
761	725
761	740
761	767
761	808
761	813
761	829
761	835
761	943
762	101
762	253
762	441
762	447
762	458
762	459
762	507
762	526
762	585
762	690
762	722
762	916
763	49
763	213
763	502
763	560
763	589
763	661
763	663
763	795
763	798
763	826
763	878
763	896
764	125
764	174
764	294
764	353
764	393
764	543
764	698
764	702
764	743
764	871
764	953
764	969
765	1
765	266
765	278
765	674
765	718
765	748
765	752
765	852
765	882
765	955
765	971
765	989
766	94
766	240
766	301
766	612
766	712
766	731
766	838
766	891
766	914
766	968
766	993
766	997
767	44
767	58
767	322
767	532
767	719
767	725
767	740
767	761
767	808
767	813
767	835
767	962
768	116
768	392
768	523
768	551
768	781
768	836
768	847
768	880
768	941
768	960
768	962
768	967
769	206
769	323
769	589
769	600
769	691
769	838
769	870
769	925
769	930
769	937
769	984
769	987
770	84
770	258
770	499
770	590
770	596
770	670
770	732
770	733
770	746
770	815
770	938
770	1000
771	272
771	470
771	567
771	602
771	678
771	780
771	797
771	811
771	858
771	912
771	921
771	923
772	97
772	144
772	167
772	234
772	388
772	481
772	613
772	660
772	671
772	694
772	799
772	879
773	12
773	235
773	256
773	415
773	418
773	423
773	435
773	474
773	497
773	546
773	832
773	837
774	347
774	509
774	531
774	593
774	688
774	712
774	715
774	786
774	840
774	861
774	877
774	886
775	351
775	389
775	401
775	440
775	620
775	728
775	782
775	807
775	813
775	833
775	931
775	973
776	287
776	356
776	466
776	634
776	735
776	794
776	869
776	905
776	917
776	918
776	934
776	939
777	14
777	98
777	146
777	238
777	274
777	458
777	463
777	483
777	568
777	783
777	888
777	996
778	99
778	397
778	559
778	615
778	647
778	748
778	796
778	921
778	944
778	954
778	988
778	990
779	493
779	707
779	709
779	712
779	838
779	892
779	914
779	920
779	932
779	968
779	974
779	997
780	158
780	440
780	470
780	678
780	771
780	797
780	811
780	868
780	921
780	950
780	967
780	984
781	247
781	453
781	601
781	650
781	719
781	768
781	827
781	836
781	898
781	960
781	962
781	967
782	363
782	372
782	401
782	405
782	538
782	561
782	775
782	801
782	807
782	899
782	965
782	973
783	61
783	93
783	152
783	458
783	461
783	553
783	777
783	805
783	809
783	876
783	888
783	996
784	366
784	395
784	433
784	516
784	555
784	572
784	637
784	755
784	868
784	873
784	891
784	929
784	998
785	137
785	142
785	166
785	357
785	428
785	442
785	452
785	494
785	789
785	839
785	840
785	854
785	982
786	162
786	213
786	570
786	687
786	715
786	774
786	833
786	861
786	877
786	886
786	906
786	923
786	948
787	19
787	30
787	515
787	716
787	742
787	793
787	844
787	876
787	915
787	932
787	958
787	982
787	986
788	85
788	199
788	350
788	728
788	872
788	916
788	923
788	924
788	940
788	946
788	951
788	957
788	966
789	203
789	252
789	343
789	387
789	432
789	503
789	628
789	638
789	700
789	708
789	785
789	806
789	994
790	45
790	130
790	498
790	706
790	716
790	798
790	835
790	841
790	853
790	958
790	982
790	986
790	992
791	89
791	107
791	132
791	148
791	218
791	450
791	490
791	516
791	531
791	751
791	752
791	893
791	895
792	104
792	551
792	744
792	750
792	849
792	850
792	863
792	889
792	901
792	911
792	918
792	933
792	985
793	178
793	242
793	259
793	549
793	581
793	619
793	787
793	806
793	832
793	847
793	866
793	910
793	964
794	218
794	287
794	312
794	407
794	429
794	663
794	723
794	776
794	905
794	917
794	926
794	939
794	956
795	49
795	113
795	182
795	213
795	502
795	560
795	661
795	745
795	763
795	826
795	878
795	889
795	999
796	214
796	558
796	613
796	647
796	707
796	778
796	879
796	924
796	928
796	931
796	938
796	954
796	988
797	158
797	196
797	244
797	250
797	678
797	749
797	771
797	780
797	811
797	842
797	912
797	921
797	950
798	173
798	367
798	709
798	731
798	763
798	790
798	838
798	892
798	899
798	920
798	932
798	968
798	997
799	97
799	144
799	234
799	239
799	388
799	481
799	601
799	613
799	660
799	671
799	772
799	949
799	999
800	31
800	53
800	81
800	102
800	334
800	400
800	501
800	544
800	757
800	820
800	845
800	848
800	850
801	156
801	314
801	389
801	528
801	698
801	782
801	807
801	833
801	899
801	902
801	931
801	965
801	973
802	157
802	206
802	210
802	402
802	673
802	682
802	702
802	703
802	804
802	832
802	842
802	851
802	909
803	186
803	300
803	380
803	608
803	614
803	734
803	900
803	904
803	942
803	956
803	970
803	974
803	989
804	187
804	210
804	402
804	682
804	699
804	703
804	802
804	832
804	842
804	851
804	855
804	925
804	995
805	77
805	146
805	238
805	354
805	483
805	515
805	553
805	568
805	613
805	783
805	809
805	888
805	971
806	177
806	432
806	482
806	628
806	677
806	708
806	751
806	755
806	789
806	793
806	881
806	989
806	994
807	156
807	363
807	480
807	775
807	782
807	801
807	833
807	875
807	899
807	931
807	951
807	973
807	993
808	75
808	181
808	346
808	374
808	532
808	725
808	740
808	761
808	767
808	813
808	835
808	871
808	957
809	61
809	238
809	451
809	461
809	463
809	515
809	556
809	783
809	805
809	823
809	859
809	888
809	996
810	63
810	147
810	225
810	237
810	343
810	513
810	552
810	571
810	609
810	641
810	696
810	935
810	971
811	250
811	324
811	508
811	602
811	678
811	724
811	771
811	780
811	797
811	851
811	912
811	921
811	950
812	82
812	263
812	292
812	650
812	824
812	830
812	837
812	909
812	917
812	945
812	949
812	972
812	975
813	75
813	181
813	322
813	472
813	605
813	725
813	740
813	761
813	767
813	775
813	808
813	828
813	835
814	141
814	288
814	304
814	383
814	476
814	547
814	569
814	672
814	753
814	865
814	881
814	903
814	991
815	138
815	258
815	323
815	563
815	589
815	590
815	596
815	670
815	732
815	733
815	746
815	770
815	874
816	80
816	178
816	201
816	375
816	494
816	581
816	601
816	619
816	701
816	847
816	883
816	891
816	910
817	19
817	30
817	45
817	188
817	436
817	500
817	706
817	716
817	742
817	841
817	876
817	958
817	960
818	16
818	145
818	283
818	426
818	491
818	528
818	632
818	652
818	662
818	683
818	702
818	738
818	870
819	55
819	105
819	116
819	185
819	332
819	342
819	412
819	504
819	580
819	639
819	739
819	925
819	949
820	31
820	100
820	265
820	334
820	501
820	544
820	685
820	739
820	757
820	800
820	845
820	848
820	863
821	25
821	164
821	348
821	472
821	485
821	626
821	646
821	678
821	692
821	862
821	865
821	948
821	964
822	264
822	417
822	471
822	487
822	614
822	704
822	748
822	849
822	856
822	977
822	978
822	995
822	997
823	50
823	276
823	320
823	384
823	477
823	490
823	524
823	610
823	616
823	662
823	667
823	729
823	809
824	82
824	197
824	416
824	447
824	594
824	610
824	650
824	812
824	830
824	837
824	909
824	945
824	972
825	31
825	32
825	152
825	168
825	200
825	252
825	279
825	286
825	360
825	518
825	722
825	846
825	855
826	49
826	182
826	185
826	502
826	553
826	560
826	661
826	694
826	763
826	795
826	878
826	909
826	961
827	27
827	103
827	194
827	403
827	530
827	578
827	582
827	593
827	648
827	664
827	711
827	713
827	781
828	96
828	111
828	134
828	183
828	303
828	519
828	525
828	644
828	669
828	813
828	867
828	890
828	936
829	209
829	260
829	437
829	454
829	483
829	686
829	687
829	694
829	720
829	761
829	875
829	903
829	943
830	108
830	197
830	433
830	448
830	571
830	631
830	721
830	812
830	824
830	837
830	882
830	909
830	945
830	972
831	40
831	48
831	134
831	172
831	202
831	217
831	242
831	324
831	339
831	575
831	681
831	688
831	735
831	931
832	157
832	187
832	210
832	359
832	402
832	503
832	682
832	703
832	773
832	793
832	802
832	804
832	842
832	851
833	165
833	351
833	401
833	538
833	701
833	775
833	786
833	801
833	807
833	868
833	899
833	965
833	973
833	993
834	619
834	684
834	698
834	843
834	913
834	916
834	922
834	932
834	963
834	983
834	992
834	999
835	75
835	181
835	322
835	354
835	532
835	625
835	725
835	740
835	761
835	767
835	790
835	808
835	813
835	857
836	5
836	353
836	387
836	453
836	551
836	746
836	768
836	781
836	880
836	898
836	960
836	962
836	964
836	967
837	138
837	294
837	542
837	631
837	650
837	701
837	721
837	773
837	812
837	824
837	830
837	909
837	945
837	972
838	94
838	301
838	360
838	390
838	553
838	712
838	731
838	766
838	769
838	779
838	798
838	892
838	920
838	932
839	167
839	349
839	419
839	439
839	629
839	649
839	689
839	743
839	785
839	869
839	919
839	959
839	961
839	975
840	23
840	86
840	121
840	137
840	142
840	166
840	357
840	428
840	452
840	494
840	774
840	785
840	854
840	896
841	45
841	498
841	589
841	614
841	672
841	688
841	706
841	742
841	790
841	817
841	844
841	845
841	853
841	986
842	157
842	187
842	273
842	402
842	488
842	572
842	682
842	703
842	797
842	802
842	804
842	832
842	851
842	899
843	15
843	285
843	834
843	913
843	916
843	922
843	939
843	960
843	963
843	983
843	992
843	999
844	30
844	302
844	487
844	498
844	500
844	589
844	656
844	787
844	841
844	853
844	876
844	932
844	982
844	983
845	31
845	81
845	192
845	265
845	334
845	501
845	544
845	564
845	752
845	757
845	800
845	820
845	841
845	848
846	21
846	32
846	152
846	168
846	200
846	279
846	286
846	360
846	437
846	476
846	508
846	825
846	855
846	977
847	241
847	293
847	549
847	581
847	619
847	695
847	768
847	793
847	816
847	866
847	883
847	884
847	898
847	954
848	31
848	81
848	265
848	334
848	501
848	540
848	544
848	655
848	757
848	800
848	820
848	845
848	973
848	984
849	204
849	417
849	442
849	450
849	487
849	532
849	704
849	792
849	822
849	890
849	917
849	977
849	978
849	979
850	533
850	671
850	683
850	742
850	744
850	750
850	792
850	800
850	867
850	889
850	915
850	918
850	933
850	985
851	107
851	157
851	187
851	210
851	402
851	493
851	682
851	703
851	802
851	804
851	811
851	832
851	842
851	948
852	1
852	114
852	129
852	278
852	305
852	347
852	506
852	518
852	752
852	765
852	882
852	885
852	955
852	971
853	129
853	248
853	498
853	535
853	589
853	706
853	716
853	742
853	790
853	841
853	844
853	958
853	982
853	986
854	23
854	83
854	137
854	166
854	177
854	357
854	428
854	452
854	494
854	496
854	562
854	633
854	785
854	840
855	32
855	51
855	152
855	200
855	279
855	286
855	360
855	433
855	508
855	525
855	804
855	825
855	846
855	923
856	52
856	319
856	383
856	487
856	643
856	704
856	822
856	890
856	940
856	977
856	978
856	979
856	995
856	997
857	41
857	164
857	267
857	404
857	452
857	506
857	586
857	717
857	835
857	859
857	908
857	944
857	952
857	986
858	88
858	311
858	317
858	349
858	414
858	510
858	518
858	547
858	572
858	591
858	714
858	771
858	869
858	937
859	41
859	146
859	280
859	416
859	506
859	563
859	586
859	680
859	717
859	809
859	857
859	908
859	944
859	952
860	210
860	373
860	449
860	520
860	623
860	624
860	661
860	707
860	756
860	879
860	918
860	934
860	936
860	976
861	347
861	570
861	593
861	621
861	646
861	657
861	665
861	687
861	688
861	774
861	786
861	877
861	906
861	926
862	28
862	57
862	277
862	298
862	465
862	472
862	483
862	485
862	673
862	692
862	821
862	912
862	948
862	964
862	968
863	94
863	104
863	115
863	312
863	445
863	744
863	750
863	792
863	820
863	867
863	889
863	911
863	933
863	948
863	985
864	2
864	288
864	366
864	373
864	401
864	449
864	520
864	623
864	624
864	716
864	755
864	879
864	918
864	919
864	936
865	130
865	151
865	370
865	383
865	438
865	476
865	569
865	680
865	814
865	821
865	874
865	881
865	897
865	903
865	999
866	39
866	178
866	241
866	242
866	581
866	601
866	793
866	847
866	883
866	884
866	887
866	910
866	940
866	944
866	979
867	115
867	134
867	300
867	445
867	452
867	533
867	740
867	744
867	828
867	850
867	863
867	889
867	911
867	915
867	985
868	70
868	164
868	338
868	379
868	395
868	555
868	665
868	780
868	784
868	833
868	873
868	878
868	891
868	973
868	998
869	29
869	311
869	317
869	349
869	414
869	445
869	510
869	547
869	572
869	591
869	714
869	722
869	776
869	839
869	858
870	19
870	38
870	123
870	227
870	323
870	600
870	648
870	691
870	769
870	818
870	925
870	930
870	937
870	979
870	987
871	22
871	43
871	125
871	174
871	262
871	290
871	353
871	411
871	485
871	488
871	570
871	686
871	764
871	808
871	969
872	24
872	28
872	73
872	418
872	565
872	570
872	727
872	728
872	788
872	923
872	940
872	946
872	951
872	957
872	966
873	70
873	72
873	108
873	186
873	366
873	395
873	556
873	623
873	665
873	784
873	868
873	891
873	929
873	970
873	998
874	129
874	151
874	192
874	202
874	326
874	370
874	433
874	672
874	815
874	865
874	881
874	897
874	903
874	922
874	991
875	8
875	61
875	67
875	209
875	315
875	342
875	437
875	454
875	481
875	537
875	694
875	720
875	807
875	829
875	943
876	70
876	226
876	493
876	500
876	589
876	640
876	706
876	716
876	783
876	787
876	817
876	844
876	958
876	986
876	990
877	131
877	162
877	167
877	177
877	212
877	239
877	347
877	512
877	688
877	715
877	774
877	786
877	861
877	886
877	906
878	49
878	159
878	182
878	185
878	213
878	377
878	502
878	560
878	661
878	763
878	795
878	826
878	868
878	883
878	942
879	2
879	179
879	288
879	373
879	520
879	623
879	624
879	756
879	772
879	796
879	860
879	864
879	901
879	918
879	936
880	91
880	128
880	392
880	551
880	629
880	642
880	699
880	759
880	768
880	836
880	898
880	947
880	960
880	962
880	967
881	192
881	321
881	383
881	425
881	476
881	587
881	750
881	806
881	814
881	865
881	874
881	897
881	903
881	991
881	994
882	1
882	278
882	330
882	378
882	518
882	608
882	718
882	742
882	752
882	765
882	830
882	852
882	885
882	955
882	971
883	59
883	80
883	259
883	392
883	457
883	521
883	549
883	601
883	619
883	816
883	847
883	866
883	878
883	884
883	910
884	178
884	201
884	238
884	241
884	242
884	259
884	549
884	566
884	601
884	847
884	866
884	883
884	885
884	910
884	965
885	64
885	102
885	129
885	266
885	511
885	518
885	555
885	718
885	752
885	852
885	882
885	884
885	897
885	955
885	971
886	131
886	162
886	501
886	570
886	593
886	657
886	688
886	715
886	774
886	786
886	877
886	906
886	959
886	967
886	995
887	190
887	387
887	430
887	464
887	545
887	574
887	625
887	651
887	658
887	676
887	685
887	700
887	711
887	866
887	960
888	98
888	146
888	155
888	199
888	321
888	445
888	458
888	484
888	553
888	777
888	783
888	805
888	809
888	889
888	996
889	34
889	300
889	533
889	586
889	736
889	792
889	795
889	850
889	863
889	867
889	888
889	911
889	915
889	933
889	985
890	17
890	52
890	91
890	204
890	255
890	264
890	367
890	704
890	828
890	849
890	856
890	977
890	978
890	979
890	995
891	186
891	379
891	410
891	511
891	555
891	556
891	665
891	766
891	784
891	816
891	868
891	873
891	929
891	977
891	998
892	94
892	208
892	327
892	536
892	545
892	556
892	709
892	739
892	779
892	798
892	838
892	914
892	920
892	932
892	968
892	997
893	107
893	132
893	148
893	218
893	450
893	490
893	516
893	531
893	580
893	606
893	791
893	895
893	915
893	958
893	988
893	993
894	118
894	254
894	285
894	466
894	496
894	517
894	532
894	611
894	612
894	645
894	753
894	901
894	902
894	947
894	980
894	984
895	107
895	132
895	148
895	193
895	218
895	357
895	450
895	490
895	516
895	519
895	531
895	606
895	791
895	893
895	935
895	942
896	3
896	358
896	425
896	585
896	588
896	597
896	607
896	730
896	747
896	760
896	763
896	840
896	902
896	935
896	941
896	981
897	141
897	321
897	326
897	540
897	569
897	571
897	587
897	602
897	672
897	865
897	874
897	881
897	885
897	903
897	960
897	991
898	5
898	191
898	247
898	363
898	392
898	551
898	730
898	759
898	781
898	836
898	847
898	880
898	899
898	907
898	960
898	967
899	249
899	284
899	363
899	572
899	620
899	782
899	798
899	801
899	807
899	833
899	842
899	898
899	904
899	965
899	973
899	993
900	47
900	212
900	362
900	453
900	503
900	595
900	734
900	803
900	903
900	904
900	942
900	956
900	970
900	974
900	985
900	989
901	196
901	390
901	429
901	496
901	597
901	611
901	612
901	619
901	758
901	792
901	879
901	894
901	902
901	947
901	980
901	984
902	224
902	254
902	285
902	330
902	429
902	600
902	611
902	612
902	753
902	801
902	894
902	896
902	901
902	947
902	980
902	984
903	135
903	151
903	326
903	370
903	383
903	587
903	672
903	724
903	814
903	829
903	865
903	874
903	881
903	897
903	900
903	991
904	243
904	594
904	595
904	614
904	662
904	734
904	747
904	758
904	803
904	899
904	900
904	942
904	956
904	970
904	974
904	989
905	23
905	170
905	279
905	308
905	312
905	372
905	478
905	723
905	776
905	794
905	917
905	919
905	926
905	934
905	939
905	968
906	162
906	239
906	347
906	358
906	510
906	592
906	593
906	657
906	687
906	688
906	711
906	786
906	861
906	877
906	886
906	1000
907	226
907	257
907	410
907	413
907	514
907	542
907	578
907	605
907	659
907	668
907	724
907	898
907	927
907	949
907	953
907	976
908	41
908	73
908	95
908	267
908	376
908	388
908	404
908	416
908	504
908	586
908	680
908	717
908	857
908	859
908	944
908	952
909	22
909	82
909	108
909	320
909	631
909	650
909	721
909	802
909	812
909	824
909	826
909	830
909	837
909	945
909	971
909	972
910	39
910	80
910	178
910	195
910	201
910	242
910	414
910	581
910	601
910	650
910	659
910	793
910	816
910	866
910	883
910	884
911	39
911	89
911	459
911	533
911	683
911	744
911	750
911	792
911	863
911	867
911	889
911	915
911	933
911	947
911	974
911	985
912	250
912	272
912	318
912	329
912	375
912	440
912	550
912	602
912	678
912	771
912	797
912	811
912	862
912	934
912	950
912	968
913	10
913	83
913	310
913	361
913	379
913	429
913	486
913	834
913	843
913	916
913	922
913	963
913	965
913	983
913	992
913	999
914	2
914	327
914	483
914	536
914	709
914	712
914	741
914	766
914	779
914	892
914	920
914	931
914	932
914	968
914	994
914	997
915	64
915	144
915	300
915	445
915	683
915	744
915	750
915	787
915	850
915	867
915	889
915	893
915	911
915	933
915	985
915	998
916	609
916	647
916	762
916	788
916	834
916	843
916	913
916	922
916	963
916	983
916	992
916	999
917	131
917	308
917	372
917	407
917	441
917	619
917	634
917	663
917	723
917	776
917	794
917	812
917	849
917	905
917	926
917	934
918	74
918	288
918	373
918	449
918	520
918	526
918	623
918	624
918	756
918	776
918	792
918	850
918	860
918	864
918	879
918	936
919	71
919	163
919	216
919	419
919	439
919	464
919	629
919	649
919	689
919	749
919	839
919	864
919	905
919	959
919	961
919	975
920	204
920	271
920	301
920	536
920	636
920	685
920	712
920	731
920	779
920	798
920	838
920	892
920	914
920	924
920	968
920	997
921	272
921	318
921	329
921	421
921	440
921	602
921	618
921	637
921	678
921	730
921	771
921	778
921	780
921	797
921	811
921	950
922	46
922	83
922	221
922	284
922	486
922	705
922	740
922	834
922	843
922	874
922	913
922	916
922	963
922	983
922	992
922	999
923	350
923	565
923	689
923	727
923	728
923	771
923	786
923	788
923	855
923	872
923	940
923	946
923	951
923	957
923	966
923	980
924	235
924	248
924	305
924	530
924	615
924	748
924	788
924	796
924	920
924	928
924	938
924	954
924	972
924	984
924	988
924	990
925	38
925	123
925	161
925	206
925	223
925	227
925	600
925	769
925	804
925	819
925	870
925	930
925	937
925	946
925	976
925	987
926	88
926	113
926	210
926	211
926	287
926	308
926	312
926	482
926	663
926	723
926	794
926	861
926	905
926	917
926	934
926	988
927	32
927	257
927	400
927	514
927	655
927	659
927	695
927	701
927	709
927	745
927	907
927	929
927	949
927	953
927	959
927	976
928	33
928	238
928	248
928	268
928	305
928	520
928	530
928	558
928	732
928	748
928	796
928	924
928	954
928	958
928	988
928	990
929	70
929	99
929	164
929	379
929	395
929	433
929	558
929	585
929	621
929	665
929	784
929	873
929	891
929	927
929	939
929	998
930	24
930	38
930	123
930	142
930	161
930	223
930	323
930	488
930	600
930	626
930	769
930	870
930	925
930	937
930	953
930	987
931	282
931	284
931	351
931	389
931	401
931	538
931	620
931	775
931	796
931	801
931	807
931	831
931	914
931	965
931	973
931	992
931	993
932	173
932	200
932	327
932	379
932	536
932	709
932	731
932	779
932	787
932	798
932	834
932	838
932	844
932	892
932	914
932	968
932	997
933	90
933	104
933	115
933	168
933	445
933	533
933	700
933	719
933	742
933	750
933	792
933	850
933	863
933	889
933	911
933	915
933	985
934	113
934	308
934	356
934	372
934	384
934	478
934	607
934	634
934	663
934	776
934	860
934	905
934	912
934	917
934	926
934	939
934	992
935	124
935	358
935	413
935	425
935	489
935	607
935	641
935	655
935	730
935	747
935	760
935	810
935	895
935	896
935	941
935	981
935	990
936	2
936	119
936	288
936	373
936	395
936	449
936	502
936	512
936	520
936	623
936	624
936	756
936	828
936	860
936	864
936	879
936	918
937	123
937	206
937	223
937	227
937	257
937	323
937	535
937	563
937	600
937	691
937	716
937	769
937	858
937	870
937	925
937	930
937	987
938	18
938	33
938	110
938	248
938	305
938	473
938	529
938	558
938	615
938	647
938	747
938	770
938	796
938	924
938	954
938	988
938	990
939	113
939	234
939	287
939	308
939	312
939	372
939	499
939	634
939	663
939	669
939	723
939	776
939	794
939	843
939	905
939	929
939	934
940	132
940	350
940	427
940	502
940	514
940	565
940	727
940	728
940	788
940	856
940	866
940	872
940	923
940	946
940	951
940	957
940	966
941	3
941	122
941	159
941	399
941	413
941	425
941	489
941	598
941	607
941	620
941	663
941	730
941	747
941	768
941	896
941	935
941	981
942	9
942	219
942	595
942	614
942	670
942	681
942	734
942	758
942	803
942	878
942	895
942	900
942	904
942	956
942	970
942	974
942	989
943	8
943	67
943	209
943	260
943	291
943	437
943	454
943	537
943	694
943	720
943	729
943	761
943	829
943	875
943	975
943	981
943	985
944	9
944	41
944	267
944	404
944	416
944	477
944	506
944	511
944	586
944	680
944	717
944	778
944	857
944	859
944	866
944	908
944	952
945	36
945	82
945	197
945	258
945	263
945	631
945	650
945	721
945	734
945	750
945	812
945	824
945	830
945	837
945	909
945	972
945	987
946	73
946	176
946	229
946	350
946	408
946	641
946	727
946	728
946	754
946	788
946	872
946	923
946	925
946	940
946	951
946	957
946	966
947	187
947	196
947	248
947	285
947	429
947	452
947	496
947	597
947	611
947	753
947	880
947	894
947	901
947	902
947	911
947	980
947	984
948	25
948	28
948	277
948	298
948	348
948	370
948	455
948	485
948	646
948	673
948	692
948	786
948	821
948	851
948	862
948	863
948	964
949	325
949	355
949	514
949	542
949	580
949	587
949	605
949	659
949	701
949	745
949	799
949	812
949	819
949	907
949	927
949	953
949	976
950	1
950	158
950	244
950	250
950	329
950	373
950	421
950	440
950	470
950	663
950	697
950	780
950	797
950	811
950	912
950	921
950	970
951	31
951	73
951	229
951	298
951	565
951	727
951	728
951	788
951	807
951	872
951	923
951	940
951	946
951	955
951	957
951	966
951	993
952	41
952	46
952	149
952	267
952	404
952	416
952	506
952	586
952	595
952	679
952	680
952	706
952	717
952	857
952	859
952	908
952	944
953	125
953	273
953	355
953	542
953	605
953	611
953	655
953	659
953	695
953	701
953	764
953	907
953	927
953	930
953	949
953	976
953	994
954	7
954	33
954	99
954	110
954	305
954	499
954	647
954	672
954	707
954	778
954	796
954	847
954	924
954	928
954	938
954	988
954	990
954	1000
955	1
955	102
955	129
955	266
955	278
955	284
955	518
955	652
955	695
955	718
955	752
955	765
955	852
955	882
955	885
955	951
955	971
955	993
956	9
956	83
956	212
956	522
956	595
956	610
956	614
956	709
956	734
956	758
956	794
956	803
956	900
956	904
956	942
956	970
956	974
956	989
957	213
957	229
957	350
957	404
957	498
957	565
957	653
957	727
957	728
957	755
957	788
957	808
957	872
957	923
957	940
957	946
957	951
957	966
958	45
958	103
958	302
958	493
958	541
958	706
958	716
958	742
958	787
958	790
958	817
958	853
958	876
958	893
958	928
958	982
958	986
958	991
959	71
959	126
959	167
959	216
959	229
959	364
959	388
959	419
959	439
959	629
959	689
959	839
959	886
959	919
959	927
959	961
959	969
959	975
960	66
960	128
960	191
960	247
960	453
960	673
960	759
960	768
960	781
960	817
960	836
960	843
960	880
960	887
960	897
960	898
960	962
960	967
961	126
961	163
961	214
961	216
961	220
961	419
961	439
961	629
961	649
961	651
961	689
961	697
961	826
961	839
961	919
961	959
961	975
961	996
962	118
962	128
962	191
962	247
962	453
962	475
962	528
962	551
962	597
962	759
962	767
962	768
962	781
962	836
962	880
962	960
962	967
962	985
963	3
963	38
963	83
963	221
963	246
963	286
963	310
963	361
963	486
963	834
963	843
963	913
963	916
963	922
963	972
963	983
963	992
963	999
964	25
964	28
964	50
964	57
964	79
964	260
964	277
964	298
964	348
964	472
964	485
964	646
964	673
964	793
964	821
964	836
964	862
964	948
965	156
965	363
965	389
965	401
965	489
965	538
965	620
965	782
965	801
965	833
965	884
965	899
965	913
965	931
965	968
965	973
965	984
965	993
966	73
966	229
966	350
966	565
966	621
966	690
966	727
966	728
966	735
966	788
966	872
966	923
966	940
966	946
966	951
966	957
966	972
966	988
967	5
967	166
967	247
967	338
967	392
967	453
967	488
967	551
967	759
967	768
967	780
967	781
967	836
967	880
967	886
967	898
967	960
967	962
968	94
968	301
968	536
968	681
968	712
968	766
968	779
968	798
968	862
968	892
968	905
968	912
968	914
968	920
968	932
968	965
968	973
968	997
969	22
969	125
969	174
969	215
969	262
969	289
969	294
969	367
969	396
969	432
969	488
969	606
969	698
969	702
969	743
969	764
969	871
969	959
970	212
970	362
970	567
970	568
970	595
970	614
970	635
970	734
970	758
970	803
970	873
970	900
970	904
970	942
970	950
970	956
970	974
970	989
971	1
971	102
971	129
971	266
971	278
971	518
971	715
971	718
971	752
971	757
971	765
971	805
971	810
971	852
971	882
971	885
971	909
971	955
972	108
972	197
972	241
972	263
972	631
972	650
972	718
972	721
972	812
972	824
972	830
972	837
972	909
972	924
972	945
972	963
972	966
972	987
973	156
973	249
973	360
973	389
973	538
973	775
973	782
973	801
973	807
973	833
973	848
973	868
973	899
973	931
973	965
973	968
973	993
973	995
974	9
974	212
974	325
974	396
974	595
974	614
974	646
974	734
974	758
974	779
974	803
974	900
974	904
974	911
974	942
974	956
974	970
974	989
975	71
975	126
975	163
975	167
975	214
975	216
975	419
975	444
975	629
975	649
975	689
975	812
975	839
975	919
975	943
975	959
975	961
975	991
975	998
976	38
976	105
976	240
976	273
976	325
976	393
976	410
976	514
976	605
976	655
976	659
976	724
976	745
976	860
976	907
976	925
976	927
976	949
976	953
977	17
977	95
977	263
977	264
977	297
977	417
977	430
977	442
977	505
977	643
977	822
977	846
977	849
977	856
977	890
977	891
977	978
977	979
977	995
978	17
978	28
978	149
978	259
978	416
978	417
978	442
978	487
978	583
978	643
978	704
978	746
978	822
978	849
978	856
978	890
978	977
978	979
978	995
979	17
979	95
979	204
979	264
979	302
979	417
979	442
979	609
979	621
979	643
979	691
979	849
979	856
979	866
979	870
979	890
979	977
979	978
979	995
980	117
980	196
980	254
980	255
980	429
980	496
980	546
980	584
980	597
980	611
980	612
980	645
980	753
980	894
980	901
980	902
980	923
980	947
980	984
981	3
981	124
981	127
981	357
981	413
981	425
981	489
981	569
981	588
981	592
981	598
981	607
981	730
981	747
981	760
981	896
981	935
981	941
981	943
982	19
982	49
982	63
982	253
982	302
982	493
982	498
982	500
982	589
982	671
982	716
982	742
982	785
982	787
982	790
982	844
982	853
982	958
982	986
983	46
983	221
983	259
983	309
983	310
983	361
983	486
983	536
983	723
983	834
983	843
983	844
983	913
983	916
983	922
983	963
983	992
983	997
983	999
984	196
984	254
984	285
984	429
984	496
984	597
984	611
984	612
984	753
984	769
984	780
984	848
984	894
984	901
984	902
984	924
984	947
984	965
984	980
985	115
985	231
985	300
985	445
985	533
985	683
985	692
985	750
985	792
985	850
985	863
985	867
985	889
985	900
985	911
985	915
985	933
985	943
985	962
986	302
986	493
986	498
986	526
986	539
986	589
986	706
986	716
986	733
986	742
986	787
986	790
986	841
986	853
986	857
986	876
986	958
986	982
986	989
987	17
987	38
987	123
987	161
987	206
987	223
987	227
987	376
987	391
987	460
987	600
987	691
987	769
987	870
987	925
987	930
987	937
987	945
987	972
988	33
988	248
988	502
988	530
988	551
988	558
988	615
988	647
988	748
988	778
988	796
988	893
988	924
988	926
988	928
988	938
988	954
988	966
988	990
989	9
989	205
989	362
989	372
989	527
989	595
989	614
989	734
989	758
989	765
989	803
989	806
989	900
989	904
989	942
989	956
989	970
989	974
989	986
990	33
990	99
990	148
990	305
990	344
990	530
990	558
990	583
990	647
990	707
990	748
990	778
990	876
990	924
990	928
990	935
990	938
990	954
990	988
991	141
991	151
991	193
991	321
991	370
991	464
991	476
991	500
991	569
991	587
991	615
991	672
991	814
991	874
991	881
991	897
991	903
991	958
991	975
992	46
992	150
992	221
992	310
992	361
992	486
992	565
992	648
992	790
992	834
992	843
992	913
992	916
992	922
992	931
992	934
992	963
992	983
992	999
993	90
993	249
993	284
993	351
993	401
993	515
993	538
993	620
993	639
993	766
993	807
993	833
993	893
993	899
993	931
993	951
993	955
993	965
993	973
994	116
994	233
994	252
994	387
994	403
994	432
994	503
994	582
994	628
994	677
994	708
994	710
994	751
994	755
994	789
994	806
994	881
994	914
994	953
994	1000
995	95
995	204
995	264
995	417
995	442
995	487
995	524
995	562
995	643
995	704
995	737
995	804
995	822
995	856
995	886
995	890
995	973
995	977
995	978
995	979
996	61
996	98
996	101
996	155
996	199
996	300
996	354
996	461
996	463
996	474
996	483
996	515
996	553
996	676
996	687
996	777
996	783
996	809
996	888
996	961
997	173
997	301
997	327
997	476
997	593
997	709
997	712
997	731
997	732
997	766
997	779
997	798
997	822
997	856
997	892
997	914
997	920
997	932
997	968
997	983
998	70
998	164
998	186
998	225
998	279
998	366
998	379
998	395
998	522
998	555
998	574
998	621
998	665
998	784
998	868
998	873
998	891
998	915
998	929
998	975
999	46
999	83
999	221
999	223
999	310
999	341
999	361
999	486
999	639
999	795
999	799
999	834
999	843
999	865
999	913
999	916
999	922
999	963
999	983
999	992
1000	191
1000	203
1000	233
1000	252
1000	304
1000	387
1000	432
1000	503
1000	627
1000	628
1000	665
1000	677
1000	708
1000	710
1000	751
1000	755
1000	770
1000	906
1000	954
1000	994
