1	29
2	8
3	25
4	16
5	5
6	0
7	0
8	21
9	20
10	23
11	29
12	27
13	5
14	4
15	36
16	38
17	4
18	5
19	34
20	12
21	0
22	5
23	5
24	5
25	3
26	4
27	5
28	24
29	15
30	5
31	15
32	3
33	10
34	5
35	24
36	31
37	3
38	26
39	0
40	31
41	13
42	21
43	12
44	11
45	5
46	0
47	12
48	4
49	11
50	0
51	34
52	14
53	17
54	10
55	7
56	5
57	11
58	30
59	5
60	6
61	7
62	31
63	5
64	30
65	5
66	29
67	5
68	37
69	4
70	39
71	32
72	0
73	26
74	2
75	39
76	4
77	10
78	0
79	15
80	29
81	17
82	0
83	20
84	11
85	5
86	0
87	14
88	0
89	5
90	5
91	0
92	8
93	38
94	18
95	26
96	15
97	5
98	11
99	26
100	5
101	5
102	0
103	7
104	37
105	21
106	32
107	5
108	26
109	36
110	12
111	0
112	20
113	18
114	5
115	4
116	29
117	5
118	29
119	17
120	6
121	3
122	5
123	30
124	1
125	29
126	12
127	18
128	39
129	14
130	14
131	33
132	36
133	0
134	0
135	0
136	11
137	23
138	29
139	31
140	0
141	33
142	23
143	25
144	1
145	5
146	34
147	5
148	16
149	2
150	17
151	0
152	0
153	20
154	25
155	10
156	9
157	4
158	0
159	39
160	5
161	26
162	34
163	11
164	21
165	4
166	17
167	15
168	16
169	6
170	12
171	18
172	26
173	21
174	39
175	0
176	17
177	15
178	30
179	32
180	13
181	5
182	26
183	11
184	17
185	11
186	29
187	19
188	20
189	5
190	25
191	15
192	11
193	18
194	12
195	0
196	36
197	36
198	9
199	11
200	15
201	0
202	16
203	34
204	5
205	5
206	0
207	17
208	14
209	6
210	21
211	0
212	16
213	34
214	14
215	12
216	25
217	36
218	4
219	0
220	3
221	20
222	8
223	30
224	31
225	10
226	39
227	5
228	11
229	33
230	14
231	23
232	0
233	6
234	27
235	12
236	25
237	14
238	5
239	19
240	26
241	18
242	34
243	30
244	5
245	39
246	5
247	11
248	5
249	1
250	11
251	29
252	5
253	23
254	32
255	15
256	18
257	27
258	18
259	5
260	20
261	5
262	26
263	0
264	5
265	16
266	11
267	38
268	39
269	25
270	27
271	0
272	25
273	31
274	20
275	24
276	11
277	31
278	19
279	33
280	20
281	5
282	15
283	12
284	11
285	23
286	29
287	29
288	0
289	12
290	16
291	26
292	9
293	5
294	19
295	12
296	36
297	24
298	4
299	17
300	0
301	36
302	1
303	5
304	5
305	21
306	23
307	5
308	6
309	20
310	33
311	17
312	5
313	20
314	6
315	15
316	10
317	0
318	4
319	21
320	15
321	12
322	13
323	10
324	30
325	4
326	10
327	1
328	34
329	16
330	5
331	18
332	36
333	15
334	10
335	9
336	5
337	15
338	21
339	18
340	0
341	3
342	26
343	12
344	34
345	20
346	34
347	10
348	20
349	11
350	0
351	39
352	16
353	37
354	17
355	11
356	4
357	19
358	8
359	16
360	24
361	5
362	0
363	26
364	11
365	5
366	36
367	23
368	6
369	25
370	27
371	3
372	24
373	39
374	33
375	3
376	21
377	12
378	38
379	26
380	27
381	26
382	10
383	30
384	20
385	32
386	14
387	13
388	23
389	20
390	36
391	39
392	4
393	24
394	11
395	13
396	9
397	23
398	27
399	3
400	15
401	9
402	5
403	30
404	5
405	0
406	29
407	2
408	27
409	16
410	17
411	30
412	17
413	39
414	11
415	7
416	12
417	5
418	5
419	16
420	3
421	9
422	0
423	24
424	17
425	9
426	30
427	7
428	11
429	1
430	11
431	20
432	7
433	11
434	30
435	20
436	20
437	11
438	5
439	27
440	15
441	3
442	11
443	5
444	18
445	13
446	5
447	33
448	13
449	12
450	9
451	10
452	11
453	19
454	0
455	16
456	30
457	30
458	0
459	12
460	21
461	1
462	25
463	8
464	37
465	17
466	31
467	0
468	15
469	13
470	30
471	36
472	10
473	24
474	14
475	5
476	7
477	29
478	15
479	12
480	37
481	3
482	24
483	32
484	17
485	0
486	37
487	0
488	0
489	15
490	14
491	16
492	37
493	29
494	13
495	0
496	34
497	6
498	16
499	24
500	1
501	9
502	7
503	11
504	30
505	1
506	15
507	14
508	16
509	14
510	16
511	11
512	31
513	0
514	11
515	32
516	18
517	4
518	36
519	12
520	16
521	33
522	30
523	21
524	11
525	36
526	0
527	10
528	12
529	19
530	5
531	0
532	36
533	1
534	16
535	10
536	6
537	36
538	24
539	20
540	29
541	37
542	21
543	13
544	4
545	6
546	25
547	39
548	19
549	10
550	39
551	26
552	27
553	20
554	10
555	10
556	19
557	5
558	4
559	16
560	34
561	0
562	3
563	0
564	19
565	34
566	5
567	17
568	12
569	13
570	2
571	23
572	18
573	24
574	37
575	12
576	30
577	6
578	21
579	11
580	19
581	20
582	9
583	26
584	11
585	14
586	14
587	17
588	17
589	25
590	23
591	0
592	27
593	12
594	5
595	10
596	24
597	18
598	5
599	21
600	27
601	16
602	17
603	11
604	36
605	14
606	14
607	21
608	0
609	4
610	15
611	12
612	15
613	3
614	21
615	1
616	32
617	5
618	27
619	5
620	3
621	27
622	34
623	27
624	12
625	16
626	5
627	10
628	6
629	16
630	17
631	20
632	15
633	26
634	19
635	32
636	12
637	18
638	19
639	0
640	23
641	26
642	15
643	10
644	32
645	8
646	26
647	11
648	30
649	11
650	21
651	36
652	4
653	0
654	20
655	14
656	7
657	38
658	39
659	10
660	33
661	5
662	32
663	32
664	7
665	11
666	23
667	15
668	36
669	10
670	0
671	23
672	21
673	10
674	0
675	12
676	30
677	6
678	31
679	0
680	29
681	3
682	13
683	11
684	8
685	5
686	6
687	38
688	0
689	3
690	18
691	16
692	13
693	6
694	4
695	7
696	39
697	24
698	39
699	26
700	11
701	1
702	0
703	0
704	20
705	10
706	16
707	34
708	12
709	32
710	27
711	18
712	31
713	15
714	16
715	18
716	16
717	30
718	36
719	24
720	1
721	17
722	23
723	24
724	33
725	21
726	10
727	12
728	14
729	23
730	38
731	27
732	1
733	17
734	16
735	30
736	11
737	1
738	36
739	31
740	18
741	12
742	39
743	26
744	31
745	39
746	34
747	8
748	32
749	30
750	34
751	25
752	15
753	11
754	23
755	3
756	34
757	11
758	15
759	13
760	12
761	34
762	37
763	37
764	20
765	2
766	10
767	15
768	30
769	9
770	18
771	16
772	2
773	18
774	8
775	21
776	38
777	37
778	10
779	2
780	0
781	0
782	7
783	25
784	18
785	4
786	0
787	10
788	15
789	12
790	23
791	5
792	37
793	10
794	18
795	24
796	32
797	7
798	18
799	8
800	26
801	27
802	24
803	18
804	34
805	33
806	21
807	36
808	14
809	32
810	18
811	29
812	14
813	15
814	16
815	9
816	18
817	20
818	5
819	10
820	10
821	0
822	13
823	10
824	4
825	27
826	9
827	32
828	7
829	17
830	39
831	18
832	8
833	14
834	38
835	37
836	19
837	24
838	20
839	18
840	10
841	16
842	29
843	27
844	7
845	6
846	19
847	7
848	18
849	23
850	27
851	24
852	31
853	11
854	16
855	1
856	18
857	14
858	33
859	38
860	12
861	29
862	16
863	39
864	34
865	15
866	9
867	25
868	18
869	23
870	17
871	14
872	5
873	13
874	12
875	18
876	16
877	11
878	19
879	12
880	27
881	16
882	24
883	23
884	4
885	8
886	24
887	5
888	18
889	20
890	23
891	38
892	24
893	14
894	29
895	10
896	34
897	11
898	12
899	3
900	37
901	26
902	11
903	29
904	21
905	3
906	6
907	18
908	12
909	33
910	16
911	30
912	4
913	28
914	23
915	15
916	37
917	38
918	11
919	14
920	19
921	37
922	29
923	14
924	24
925	10
926	23
927	29
928	23
929	33
930	20
931	17
932	34
933	4
934	14
935	38
936	16
937	38
938	17
939	24
940	38
941	24
942	24
943	11
944	24
945	9
946	32
947	6
948	7
949	6
950	26
951	15
952	34
953	0
954	31
955	11
956	39
957	39
958	39
959	34
960	16
961	39
962	2
963	32
964	25
965	38
966	8
967	33
968	21
969	25
970	32
971	25
972	16
973	1
974	16
975	16
976	27
977	8
978	24
979	21
980	15
981	21
982	34
983	4
984	20
985	37
986	16
987	23
988	27
989	38
990	34
991	35
992	3
993	5
994	26
995	36
996	29
997	0
998	22
999	7
1000	18
