1	10
2	28
3	11
4	1
5	34
6	8
7	13
8	4
9	29
10	10
11	28
12	26
13	1
14	10
15	28
16	35
17	6
18	20
19	10
20	16
21	17
22	34
23	26
24	25
25	10
26	21
27	6
28	18
29	3
30	21
31	10
32	10
33	6
34	10
35	35
36	9
37	10
38	20
39	37
40	3
41	18
42	16
43	8
44	22
45	30
46	4
47	12
48	10
49	35
50	15
51	12
52	20
53	24
54	10
55	9
56	3
57	0
58	10
59	10
60	2
61	35
62	21
63	15
64	21
65	25
66	21
67	24
68	4
69	34
70	29
71	10
72	25
73	24
74	14
75	14
76	10
77	7
78	15
79	3
80	15
81	10
82	10
83	9
84	22
85	10
86	14
87	1
88	29
89	14
90	6
91	34
92	10
93	10
94	24
95	35
96	33
97	10
98	14
99	13
100	10
101	29
102	7
103	10
104	4
105	10
106	10
107	10
108	0
109	16
110	30
111	29
112	10
113	8
114	10
115	7
116	9
117	2
118	14
119	28
120	22
121	29
122	27
123	35
124	24
125	28
126	10
127	22
128	20
129	33
130	12
131	12
132	9
133	24
134	22
135	12
136	7
137	26
138	0
139	20
140	37
141	27
142	10
143	10
144	3
145	35
146	33
147	37
148	22
149	0
150	29
151	12
152	21
153	13
154	26
155	25
156	18
157	10
158	29
159	10
160	6
161	14
162	12
163	33
164	10
165	10
166	6
167	10
168	26
169	10
170	28
171	30
172	21
173	10
174	14
175	3
176	10
177	12
178	17
179	3
180	37
181	10
182	10
183	9
184	34
185	3
186	10
187	10
188	22
189	24
190	10
191	28
192	21
193	10
194	32
195	10
196	36
197	1
198	34
199	10
200	1
201	10
202	37
203	28
204	10
205	7
206	10
207	29
208	36
209	34
210	21
211	15
212	9
213	16
214	0
215	8
216	10
217	35
218	10
219	0
220	4
221	1
222	21
223	10
224	7
225	33
226	7
227	3
228	3
229	12
230	10
231	33
232	32
233	13
234	10
235	10
236	26
237	20
238	29
239	10
240	2
241	10
242	29
243	16
244	22
245	3
246	10
247	3
248	10
249	28
250	13
251	10
252	10
253	7
254	8
255	12
256	10
257	15
258	10
259	10
260	8
261	10
262	29
263	22
264	17
265	22
266	32
267	10
268	0
269	10
270	15
271	14
272	13
273	37
274	37
275	24
276	15
277	14
278	10
279	25
280	34
281	19
282	35
283	12
284	12
285	35
286	8
287	36
288	33
289	36
290	36
291	8
292	11
293	0
294	10
295	10
296	32
297	3
298	21
299	13
300	29
301	29
302	35
303	16
304	3
305	10
306	10
307	29
308	12
309	10
310	22
311	11
312	1
313	1
314	17
315	12
316	8
317	36
318	20
319	3
320	3
321	17
322	17
323	14
324	0
325	10
326	4
327	15
328	14
329	2
330	13
331	28
332	29
333	3
334	25
335	24
336	10
337	10
338	10
339	5
340	24
341	8
342	2
343	32
344	2
345	24
346	19
347	9
348	7
349	30
350	14
351	16
352	15
353	10
354	22
355	14
356	24
357	14
358	33
359	1
360	8
361	14
362	15
363	3
364	25
365	22
366	29
367	28
368	9
369	28
370	32
371	10
372	18
373	25
374	27
375	7
376	0
377	10
378	27
379	24
380	14
381	10
382	4
383	11
384	1
385	10
386	26
387	10
388	18
389	35
390	25
391	10
392	5
393	21
394	30
395	13
396	10
397	10
398	7
399	36
400	8
401	20
402	12
403	10
404	16
405	11
406	10
407	26
408	12
409	28
410	1
411	30
412	15
413	32
414	16
415	5
416	12
417	20
418	25
419	26
420	7
421	4
422	4
423	18
424	10
425	19
426	15
427	36
428	9
429	2
430	14
431	11
432	1
433	36
434	26
435	24
436	24
437	34
438	10
439	21
440	13
441	9
442	30
443	10
444	7
445	1
446	33
447	10
448	11
449	32
450	16
451	27
452	34
453	10
454	3
455	37
456	32
457	24
458	8
459	10
460	3
461	12
462	10
463	28
464	16
465	33
466	37
467	24
468	10
469	10
470	21
471	35
472	27
473	14
474	9
475	12
476	1
477	0
478	32
479	10
480	28
481	24
482	10
483	4
484	29
485	4
486	10
487	28
488	11
489	22
490	24
491	29
492	35
493	12
494	14
495	22
496	37
497	10
498	29
499	15
500	29
501	3
502	3
503	11
504	9
505	7
506	22
507	21
508	36
509	6
510	8
511	0
512	28
513	11
514	9
515	20
516	34
517	32
518	24
519	10
520	21
521	7
522	22
523	2
524	34
525	6
526	37
527	36
528	11
529	15
530	36
531	9
532	37
533	16
534	15
535	1
536	17
537	16
538	29
539	35
540	12
541	10
542	7
543	15
544	22
545	33
546	10
547	28
548	16
549	15
550	14
551	7
552	29
553	5
554	8
555	10
556	4
557	29
558	27
559	35
560	18
561	24
562	9
563	12
564	35
565	33
566	2
567	11
568	10
569	0
570	22
571	3
572	9
573	13
574	9
575	28
576	32
577	22
578	1
579	1
580	10
581	33
582	16
583	20
584	24
585	21
586	30
587	10
588	28
589	10
590	21
591	22
592	35
593	18
594	22
595	15
596	7
597	14
598	22
599	19
600	12
601	7
602	2
603	37
604	10
605	12
606	2
607	14
608	10
609	25
610	15
611	24
612	3
613	34
614	33
615	21
616	10
617	37
618	0
619	1
620	32
621	21
622	33
623	27
624	29
625	29
626	22
627	8
628	7
629	36
630	10
631	36
632	30
633	10
634	4
635	16
636	15
637	16
638	29
639	17
640	21
641	22
642	8
643	16
644	18
645	1
646	9
647	1
648	4
649	27
650	34
651	3
652	35
653	26
654	7
655	29
656	10
657	37
658	18
659	35
660	20
661	34
662	14
663	4
664	5
665	2
666	10
667	8
668	24
669	26
670	7
671	11
672	37
673	30
674	35
675	10
676	10
677	1
678	26
679	11
680	2
681	24
682	2
683	14
684	37
685	18
686	22
687	34
688	3
689	0
690	26
691	36
692	3
693	15
694	4
695	10
696	16
697	7
698	21
699	37
700	14
701	26
702	9
703	14
704	16
705	16
706	4
707	13
708	8
709	26
710	18
711	21
712	9
713	11
714	11
715	10
716	21
717	11
718	16
719	17
720	16
721	10
722	29
723	3
724	12
725	11
726	5
727	18
728	3
729	15
730	7
731	26
732	1
733	15
734	0
735	2
736	7
737	21
738	14
739	8
740	16
741	19
742	20
743	18
744	10
745	15
746	18
747	1
748	6
749	2
750	19
751	10
752	26
753	35
754	15
755	37
756	9
757	25
758	30
759	30
760	20
761	32
762	22
763	14
764	11
765	30
766	34
767	7
768	33
769	0
770	14
771	0
772	35
773	11
774	32
775	3
776	18
777	27
778	8
779	6
780	0
781	32
782	11
783	17
784	2
785	10
786	34
787	24
788	30
789	3
790	3
791	2
792	19
793	3
794	7
795	10
796	22
797	6
798	8
799	29
800	26
801	10
802	28
803	15
804	4
805	15
806	22
807	29
808	5
809	35
810	22
811	14
812	8
813	37
814	20
815	10
816	16
817	17
818	24
819	9
820	21
821	17
822	21
823	5
824	35
825	7
826	10
827	4
828	17
829	9
830	33
831	7
832	14
833	2
834	19
835	6
836	11
837	11
838	28
839	33
840	2
841	7
842	32
843	13
844	29
845	24
846	8
847	19
848	7
849	4
850	13
851	8
852	15
853	37
854	18
855	37
856	12
857	11
858	21
859	35
860	11
861	22
862	35
863	16
864	18
865	34
866	30
867	24
868	7
869	1
870	29
871	5
872	20
873	30
874	20
875	20
876	30
877	11
878	25
879	18
880	21
881	22
882	17
883	9
884	16
885	5
886	22
887	18
888	4
889	16
890	17
891	19
892	14
893	22
894	34
895	6
896	22
897	6
898	16
899	4
900	6
901	8
902	19
903	19
904	19
905	13
906	24
907	2
908	11
909	28
910	11
911	13
912	32
913	23
914	34
915	24
916	21
917	20
918	36
919	5
920	36
921	6
922	24
923	5
924	16
925	24
926	20
927	18
928	12
929	18
930	4
931	2
932	37
933	6
934	37
935	28
936	17
937	19
938	15
939	25
940	28
941	37
942	36
943	24
944	4
945	24
946	1
947	15
948	11
949	1
950	0
951	6
952	25
953	2
954	19
955	13
956	3
957	12
958	27
959	26
960	13
961	2
962	26
963	5
964	32
965	32
966	21
967	26
968	18
969	21
970	0
971	25
972	8
973	20
974	19
975	29
976	36
977	28
978	26
979	37
980	33
981	0
982	30
983	33
984	31
985	21
986	11
987	26
988	30
989	31
990	17
991	22
992	10
993	5
994	8
995	12
996	26
997	26
998	15
999	32
1000	7
