1	563
1	807
1	850
1	916
1	986
1	993
2	57
2	677
2	720
2	796
2	844
2	964
3	155
3	700
3	814
3	866
3	872
3	996
4	22
4	67
4	73
4	321
4	434
4	842
5	136
5	178
5	217
5	261
5	407
5	765
6	426
6	633
6	654
6	666
6	671
6	977
7	268
7	427
7	479
7	587
7	690
7	760
8	606
8	701
8	719
8	805
8	816
8	874
9	91
9	99
9	135
9	158
9	351
9	911
10	11
10	140
10	169
10	191
10	212
10	914
11	10
11	140
11	169
11	212
11	630
11	646
12	221
12	228
12	305
12	342
12	356
12	483
13	96
13	291
13	506
13	708
13	819
13	873
14	70
14	308
14	676
14	694
14	711
14	738
15	260
15	676
15	694
15	728
15	738
15	966
16	218
16	440
16	581
16	613
16	899
16	991
17	76
17	176
17	226
17	365
17	391
17	508
18	275
18	278
18	448
18	481
18	495
18	925
19	531
19	692
19	772
19	815
19	832
19	995
20	38
20	84
20	117
20	132
20	205
20	696
21	94
21	100
21	118
21	172
21	250
21	461
22	4
22	73
22	86
22	321
22	434
22	996
23	25
23	52
23	68
23	189
23	194
23	306
24	264
24	269
24	381
24	401
24	553
24	913
25	23
25	45
25	52
25	68
25	189
25	194
26	59
26	179
26	273
26	430
26	681
26	873
27	83
27	129
27	134
27	185
27	332
27	827
28	146
28	190
28	244
28	290
28	334
28	544
29	164
29	240
29	256
29	309
29	421
29	536
30	144
30	166
30	167
30	193
30	284
30	399
31	54
31	149
31	207
31	237
31	343
31	548
32	423
32	501
32	811
32	895
32	972
32	987
33	918
33	921
33	946
33	962
33	975
33	1000
34	519
34	588
34	595
34	674
34	794
34	889
35	97
35	103
35	249
35	403
35	496
35	501
36	209
36	235
36	361
36	369
36	389
36	707
37	105
37	156
37	165
37	292
37	333
37	404
38	20
38	117
38	132
38	205
38	363
38	962
39	317
39	559
39	734
39	748
39	755
39	868
40	124
40	141
40	229
40	282
40	396
40	507
41	139
41	493
41	749
41	761
41	792
41	837
42	246
42	420
42	435
42	573
42	632
42	713
43	197
43	605
43	882
43	938
43	941
43	957
44	247
44	289
44	620
44	650
44	697
44	708
45	25
45	218
45	432
45	440
45	581
45	613
46	62
46	271
46	281
46	459
46	529
46	636
47	109
47	695
47	785
47	862
47	978
47	988
48	714
48	828
48	881
48	936
48	937
48	952
49	471
49	496
49	497
49	520
49	594
49	876
50	113
50	231
50	298
50	346
50	416
50	812
51	521
51	532
51	718
51	750
51	813
51	880
52	23
52	25
52	68
52	189
52	194
52	838
53	530
53	810
53	955
53	974
53	976
53	992
54	31
54	116
54	207
54	237
54	343
54	364
55	92
55	254
55	598
55	712
55	727
55	790
56	442
56	910
56	963
56	966
56	968
56	970
57	2
57	431
57	797
57	886
57	896
57	980
58	294
58	491
58	668
58	890
58	931
58	960
59	26
59	233
59	430
59	543
59	641
59	681
60	176
60	203
60	226
60	365
60	391
60	792
61	711
61	804
61	865
61	883
61	926
61	967
62	46
62	214
62	271
62	281
62	459
62	529
63	257
63	704
63	712
63	714
63	727
63	790
64	224
64	293
64	395
64	429
64	465
64	841
65	238
65	277
65	344
65	384
65	474
65	532
66	328
66	663
66	719
66	792
66	827
66	874
67	4
67	73
67	86
67	321
67	434
67	693
68	23
68	25
68	52
68	189
68	194
68	625
69	560
69	765
69	888
69	948
69	997
69	999
70	14
70	490
70	694
70	728
70	738
70	841
71	184
71	386
71	777
71	891
71	908
71	952
72	89
72	96
72	121
72	133
72	150
72	698
73	4
73	22
73	67
73	86
73	434
73	483
74	236
74	337
74	458
74	480
74	498
74	522
75	647
75	661
75	781
75	917
75	932
75	977
76	17
76	176
76	226
76	365
76	391
76	598
77	201
77	889
77	941
77	944
77	997
77	999
78	124
78	141
78	229
78	282
78	396
78	780
79	572
79	578
79	596
79	679
79	754
79	907
80	275
80	278
80	300
80	448
80	481
80	796
81	470
81	682
81	722
81	726
81	798
81	974
82	453
82	548
82	604
82	656
82	753
82	923
83	27
83	129
83	134
83	185
83	332
83	765
84	20
84	117
84	132
84	205
84	398
84	916
85	735
85	768
85	863
85	890
85	901
85	942
86	22
86	67
86	73
86	146
86	321
86	434
87	440
87	845
87	877
87	933
87	958
87	981
88	115
88	145
88	160
88	208
88	272
88	353
89	72
89	96
89	133
89	150
89	279
89	356
90	341
90	379
90	497
90	520
90	594
90	825
91	9
91	99
91	135
91	158
91	351
91	801
92	55
92	526
92	549
92	598
92	712
92	790
93	566
93	903
93	955
93	956
93	976
93	992
94	21
94	100
94	118
94	172
94	250
94	985
95	637
95	639
95	700
95	755
95	814
95	996
96	13
96	72
96	89
96	121
96	133
96	150
97	35
97	366
97	425
97	482
97	846
97	861
98	209
98	235
98	361
98	369
98	389
98	945
99	9
99	91
99	135
99	158
99	351
99	910
100	21
100	94
100	118
100	172
100	430
100	693
101	684
101	754
101	915
101	943
101	971
101	984
102	121
102	831
102	875
102	902
102	923
102	924
103	35
103	238
103	277
103	344
103	384
103	474
104	268
104	631
104	722
104	726
104	798
104	821
105	37
105	165
105	292
105	333
105	404
105	469
106	265
106	384
106	639
106	700
106	821
106	996
107	519
107	595
107	659
107	674
107	766
107	794
108	641
108	651
108	862
108	905
108	950
108	969
109	47
109	823
109	865
109	926
109	945
109	967
110	417
110	509
110	621
110	698
110	820
110	897
111	875
111	908
111	936
111	951
111	952
111	995
112	168
112	201
112	203
112	314
112	369
112	965
113	50
113	171
113	285
113	298
113	416
113	929
114	265
114	834
114	864
114	898
114	913
114	929
115	88
115	145
115	160
115	272
115	465
115	699
116	54
116	863
116	931
116	939
116	942
116	960
117	20
117	38
117	84
117	132
117	205
117	558
118	21
118	94
118	100
118	172
118	250
118	944
119	166
119	213
119	655
119	691
119	744
119	751
120	123
120	186
120	223
120	336
120	475
120	696
121	72
121	96
121	102
121	133
121	150
122	357
122	426
122	633
122	654
122	666
122	671
123	120
123	280
123	302
123	336
123	696
123	866
124	40
124	78
124	229
124	282
124	396
124	940
125	186
125	223
125	280
125	302
125	696
125	759
126	179
126	197
126	273
126	485
126	525
126	543
127	499
127	762
127	848
127	916
127	986
127	993
128	480
128	721
128	849
128	933
128	958
128	981
129	27
129	83
129	185
129	332
129	761
130	269
130	685
130	731
130	826
130	843
130	892
131	308
131	490
131	618
131	694
131	728
131	738
132	20
132	38
132	84
132	117
132	205
132	512
133	72
133	89
133	96
133	121
133	150
133	974
134	27
134	83
134	185
134	191
134	332
134	868
135	9
135	91
135	99
135	158
135	351
135	652
136	5
136	261
136	316
136	407
136	585
136	736
137	692
137	734
137	772
137	815
137	832
137	905
138	245
138	253
138	289
138	650
138	686
138	708
139	41
139	605
139	812
139	817
139	835
139	853
140	10
140	11
140	169
140	191
140	212
140	914
141	40
141	78
141	229
141	332
141	396
141	815
142	181
142	329
142	428
142	507
142	562
142	583
143	614
143	828
143	857
143	906
143	950
143	994
144	30
144	166
144	167
144	284
144	399
144	533
145	88
145	115
145	160
145	208
145	272
145	894
146	28
146	86
146	244
146	290
146	334
146	706
147	759
147	833
147	850
147	961
147	989
147	997
148	516
148	655
148	691
148	744
148	751
148	956
149	31
149	207
149	237
149	343
149	495
149	701
150	72
150	89
150	96
150	121
150	133
150	447
151	549
151	704
151	712
151	727
151	790
151	818
152	153
152	236
152	458
152	498
152	895
152	915
153	152
153	337
153	480
153	498
153	662
153	957
154	487
154	665
154	699
154	733
154	786
154	839
155	3
155	214
155	271
155	281
155	459
155	529
156	37
156	165
156	292
156	333
156	404
156	885
157	287
157	428
157	507
157	562
157	583
157	935
158	9
158	91
158	99
158	135
158	351
158	386
159	410
159	731
159	782
159	826
159	843
159	892
160	88
160	115
160	145
160	208
160	272
160	492
161	550
161	631
161	682
161	726
161	743
161	798
162	232
162	312
162	338
162	424
162	455
162	696
163	731
163	918
163	946
163	962
163	975
163	1000
164	29
164	206
164	309
164	441
164	536
164	970
165	37
165	105
165	156
165	292
165	404
165	692
166	30
166	119
166	144
166	193
166	284
166	399
167	30
167	144
167	193
167	284
167	399
167	586
168	112
168	170
168	201
168	203
168	314
168	689
169	10
169	11
169	140
169	191
169	212
169	670
170	168
170	201
170	203
170	314
170	623
170	752
171	113
171	521
171	633
171	654
171	666
171	671
172	21
172	94
172	100
172	118
172	250
172	297
173	235
173	390
173	572
173	679
173	688
173	754
174	492
174	544
174	575
174	576
174	592
174	999
175	462
175	570
175	683
175	755
175	787
175	868
176	17
176	60
176	76
176	226
176	365
176	391
177	311
177	394
177	784
177	901
177	961
177	989
178	5
178	217
178	261
178	316
178	407
178	536
179	26
179	126
179	328
179	430
179	543
179	681
180	485
180	851
180	886
180	896
180	901
180	980
181	142
181	519
181	588
181	659
181	674
181	794
182	798
182	803
182	807
182	916
182	986
182	993
183	636
183	855
183	911
183	912
183	950
183	994
184	71
184	264
184	269
184	288
184	381
184	553
185	27
185	83
185	129
185	134
185	332
185	821
186	120
186	125
186	223
186	280
186	336
186	696
187	323
187	377
187	646
187	655
187	744
187	751
188	360
188	367
188	411
188	530
188	546
188	660
189	23
189	25
189	52
189	68
189	194
189	971
190	28
190	244
190	286
190	290
190	334
190	713
191	10
191	134
191	140
191	169
191	212
191	450
192	447
192	687
192	732
192	744
192	802
192	872
193	30
193	166
193	167
193	284
193	399
193	999
194	23
194	25
194	52
194	68
194	189
194	718
195	565
195	888
195	889
195	948
195	997
195	999
196	372
196	433
196	510
196	965
196	972
196	987
197	43
197	126
197	273
197	485
197	543
197	681
198	685
198	907
198	954
198	982
198	990
198	991
199	341
199	620
199	621
199	650
199	686
199	708
200	521
200	633
200	654
200	666
200	671
200	933
201	77
201	112
201	168
201	170
201	203
201	314
202	478
202	918
202	946
202	962
202	975
202	1000
203	60
203	112
203	168
203	170
203	201
203	314
204	349
204	769
204	883
204	926
204	945
204	967
205	20
205	38
205	84
205	117
205	132
205	624
206	164
206	240
206	256
206	441
206	536
206	873
207	31
207	54
207	149
207	237
207	343
207	513
208	88
208	145
208	160
208	272
208	429
208	969
209	36
209	98
209	235
209	369
209	389
209	913
210	340
210	385
210	421
210	456
210	457
210	461
211	252
211	272
211	577
211	586
211	619
211	634
211	737
212	10
212	11
212	140
212	169
212	191
212	261
212	355
213	119
213	377
213	577
213	655
213	691
213	744
213	751
214	62
214	155
214	271
214	281
214	459
214	529
214	894
215	231
215	285
215	298
215	346
215	416
215	633
215	970
216	622
216	793
216	816
216	822
216	904
216	916
216	940
217	5
217	178
217	261
217	316
217	407
217	590
217	775
218	16
218	45
218	230
218	432
218	581
218	613
218	968
219	627
219	649
219	862
219	917
219	925
219	932
219	977
220	315
220	446
220	508
220	641
220	749
220	792
220	837
221	12
221	228
221	305
221	342
221	356
221	483
221	690
222	349
222	645
222	732
222	797
222	802
222	872
222	884
223	120
223	125
223	186
223	302
223	336
223	514
223	696
224	64
224	293
224	367
224	395
224	429
224	465
224	752
225	319
225	377
225	516
225	655
225	691
225	744
225	751
226	17
226	60
226	76
226	176
226	303
226	365
226	391
227	651
227	738
227	854
227	927
227	938
227	941
227	998
228	12
228	221
228	305
228	342
228	356
228	483
228	771
229	40
229	78
229	124
229	141
229	282
229	396
229	738
230	218
230	241
230	432
230	440
230	581
230	613
230	927
231	50
231	215
231	285
231	346
231	416
231	826
231	858
232	162
232	312
232	313
232	331
232	338
232	455
232	695
233	59
233	670
233	746
233	875
233	902
233	923
233	924
234	737
234	935
234	955
234	956
234	974
234	976
234	992
235	36
235	98
235	173
235	209
235	361
235	369
235	389
236	74
236	152
236	337
236	458
236	480
236	498
236	983
237	31
237	54
237	149
237	207
237	297
237	343
237	877
238	65
238	103
238	277
238	344
238	384
238	474
238	873
239	446
239	591
239	602
239	604
239	656
239	689
239	753
240	29
240	206
240	256
240	309
240	331
240	441
240	536
241	230
241	432
241	440
241	581
241	613
241	790
241	917
242	252
242	304
242	493
242	547
242	792
242	837
242	949
243	376
243	395
243	642
243	848
243	916
243	986
243	993
244	28
244	146
244	190
244	290
244	334
244	401
244	471
245	138
245	825
245	915
245	922
245	943
245	971
245	984
246	42
246	850
246	877
246	909
246	921
246	930
246	953
247	44
247	318
247	620
247	635
247	650
247	686
247	708
248	511
248	723
248	858
248	946
248	962
248	975
248	1000
249	35
249	263
249	425
249	496
249	498
249	501
249	819
250	21
250	94
250	118
250	172
250	709
250	778
250	979
251	383
251	591
251	604
251	630
251	656
251	689
251	753
252	211
252	242
252	508
252	749
252	761
252	792
252	837
253	138
253	620
253	638
253	650
253	686
253	708
253	994
254	55
254	258
254	291
254	542
254	767
254	819
254	873
255	266
255	383
255	426
255	518
255	520
255	662
255	703
256	29
256	206
256	240
256	309
256	350
256	441
256	536
257	63
257	598
257	658
257	704
257	712
257	727
257	790
258	254
258	291
258	327
258	542
258	682
258	767
258	873
259	510
259	538
259	715
259	747
259	756
259	880
259	942
260	15
260	490
260	676
260	694
260	728
260	738
260	949
261	5
261	136
261	178
261	212
261	217
261	316
261	407
262	303
262	349
262	447
262	648
262	698
262	802
262	872
263	249
263	324
263	366
263	403
263	482
263	496
263	501
264	24
264	184
264	269
264	288
264	401
264	510
264	553
265	106
265	114
265	814
265	821
265	841
265	866
265	996
266	255
266	468
266	518
266	662
266	703
266	737
266	814
267	454
267	639
267	700
267	814
267	841
267	866
267	996
268	7
268	104
268	408
268	464
268	690
268	760
268	762
269	24
269	130
269	184
269	264
269	288
269	347
269	381
270	811
270	834
270	864
270	870
270	898
270	913
270	929
271	46
271	62
271	155
271	214
271	444
271	459
271	529
272	88
272	115
272	145
272	160
272	208
272	211
272	493
273	26
273	126
273	197
273	485
273	681
273	926
273	954
274	380
274	572
274	578
274	596
274	627
274	679
274	754
275	18
275	80
275	278
275	300
275	448
275	481
275	991
276	545
276	565
276	637
276	639
276	700
276	866
276	996
277	65
277	103
277	238
277	344
277	384
277	474
277	917
278	18
278	80
278	275
278	300
278	448
278	478
278	481
279	89
279	563
279	642
279	693
279	766
279	986
279	993
280	123
280	125
280	186
280	302
280	696
280	767
280	980
281	46
281	62
281	155
281	214
281	459
281	529
281	682
282	40
282	78
282	124
282	229
282	396
282	412
282	717
283	371
283	377
283	405
283	544
283	575
283	576
283	592
284	30
284	144
284	166
284	167
284	193
284	399
284	957
285	113
285	215
285	231
285	298
285	346
285	416
285	860
286	190
286	633
286	800
286	858
286	962
286	975
286	1000
287	157
287	398
287	507
287	562
287	583
287	848
287	878
288	184
288	264
288	269
288	347
288	401
288	505
288	553
289	44
289	138
289	603
289	620
289	650
289	686
289	708
290	28
290	146
290	190
290	244
290	334
290	344
290	539
291	13
291	254
291	258
291	388
291	705
291	819
291	873
292	37
292	105
292	156
292	165
292	321
292	333
292	404
293	64
293	224
293	367
293	371
293	395
293	429
293	465
294	58
294	354
294	503
294	890
294	939
294	942
294	960
295	329
295	579
295	687
295	716
295	812
295	817
295	853
296	646
296	840
296	927
296	941
296	957
296	989
296	998
297	172
297	237
297	567
297	734
297	772
297	815
297	832
298	50
298	113
298	215
298	285
298	416
298	638
298	749
299	306
299	526
299	739
299	811
299	965
299	972
299	987
300	80
300	275
300	278
300	448
300	481
300	812
300	955
301	534
301	647
301	731
301	774
301	826
301	843
301	892
302	123
302	125
302	223
302	280
302	336
302	696
302	959
303	226
303	262
303	551
303	645
303	732
303	735
303	872
304	242
304	428
304	504
304	638
304	669
304	838
304	940
305	12
305	221
305	228
305	342
305	356
305	483
305	976
306	23
306	299
306	739
306	811
306	900
306	965
306	987
307	556
307	579
307	636
307	783
307	906
307	911
307	950
308	14
308	131
308	490
308	676
308	694
308	728
308	975
309	29
309	164
309	240
309	256
309	441
309	536
309	781
310	423
310	792
310	822
310	895
310	900
310	965
310	972
311	177
311	799
311	914
311	973
311	985
311	990
311	991
312	162
312	232
312	313
312	331
312	338
312	455
312	654
313	232
313	312
313	331
313	338
313	455
313	595
314	112
314	168
314	170
314	201
314	203
314	735
314	970
315	220
315	388
315	542
315	552
315	778
315	819
315	873
316	136
316	178
316	217
316	261
316	407
316	616
316	890
317	39
317	419
317	577
317	662
317	748
317	787
317	868
318	247
318	339
318	409
318	414
318	431
318	517
318	972
319	225
319	379
319	471
319	497
319	520
319	594
319	993
320	437
320	463
320	500
320	658
320	764
320	818
320	856
321	4
321	22
321	67
321	86
321	292
321	434
321	794
322	759
322	776
322	909
322	953
322	961
322	989
322	1000
323	187
323	608
323	637
323	814
323	821
323	841
323	996
324	263
324	364
324	408
324	587
324	760
324	762
324	947
325	504
325	623
325	629
325	816
325	838
325	904
325	940
326	441
326	532
326	718
326	747
326	756
326	813
326	880
327	258
327	506
327	767
327	819
327	873
327	912
327	933
328	66
328	179
328	701
328	805
328	827
328	874
328	994
329	142
329	295
329	398
329	428
329	507
329	562
329	583
330	677
330	697
330	844
330	928
330	934
330	964
330	999
331	232
331	240
331	312
331	313
331	338
331	455
332	27
332	83
332	129
332	134
332	141
332	185
332	622
333	37
333	105
333	156
333	292
333	404
333	506
333	983
334	28
334	146
334	190
334	244
334	290
334	449
334	899
335	535
335	820
335	836
335	855
335	884
335	897
335	936
336	120
336	123
336	186
336	223
336	302
336	696
336	722
337	74
337	153
337	236
337	458
337	480
337	498
337	961
338	162
338	232
338	312
338	313
338	331
338	455
338	645
339	318
339	409
339	431
339	443
339	462
339	517
339	929
340	210
340	385
340	413
340	456
340	457
340	466
340	477
341	90
341	199
341	379
341	471
341	497
341	520
341	594
342	12
342	221
342	228
342	305
342	483
342	723
342	987
343	31
343	54
343	149
343	207
343	237
343	387
343	423
344	65
344	103
344	238
344	277
344	290
344	384
344	474
345	628
345	793
345	804
345	822
345	838
345	904
345	940
346	50
346	215
346	231
346	285
346	416
346	466
346	704
347	269
347	288
347	381
347	401
347	553
347	680
347	807
348	502
348	771
348	806
348	905
348	969
348	978
348	988
349	204
349	222
349	262
349	645
349	732
349	735
349	802
350	256
350	561
350	665
350	699
350	733
350	743
350	786
350	839
351	9
351	91
351	99
351	135
351	158
351	762
351	998
352	596
352	619
352	652
352	660
352	729
352	915
352	984
353	88
353	383
353	468
353	522
353	608
353	662
353	703
354	294
354	695
354	771
354	862
354	905
354	969
354	988
355	212
355	466
355	718
355	747
355	750
355	756
355	880
356	12
356	89
356	221
356	228
356	305
356	483
356	953
357	122
357	711
357	791
357	865
357	883
357	945
357	967
358	402
358	809
358	844
358	928
358	934
358	964
358	967
359	931
359	939
359	954
359	973
359	985
359	990
359	991
360	188
360	509
360	668
360	855
360	860
360	861
360	884
361	36
361	98
361	235
361	369
361	389
361	610
361	944
362	374
362	502
362	644
362	673
362	678
362	709
362	967
363	38
363	383
363	468
363	518
363	522
363	662
363	703
364	54
364	324
364	408
364	690
364	760
364	762
364	953
365	17
365	60
365	76
365	176
365	226
365	391
365	966
366	97
366	263
366	403
366	425
366	482
366	496
366	571
367	188
367	224
367	293
367	395
367	429
367	465
368	632
368	831
368	888
368	944
368	948
368	997
368	999
369	36
369	98
369	112
369	209
369	235
369	361
369	964
370	644
370	858
370	918
370	946
370	962
370	975
370	1000
371	283
371	293
371	492
371	575
371	576
371	592
371	947
372	196
372	676
372	804
372	895
372	900
372	965
372	972
372	987
373	664
373	811
373	893
373	895
373	900
373	972
373	987
373	995
374	362
374	524
374	644
374	673
374	678
374	709
374	891
374	940
375	435
375	444
375	643
375	667
375	717
375	801
375	808
375	867
376	243
376	563
376	642
376	779
376	848
376	911
376	986
376	993
377	187
377	213
377	225
377	283
377	516
377	691
377	744
377	751
378	579
378	687
378	705
378	716
378	803
378	812
378	835
378	853
379	90
379	319
379	341
379	497
379	520
379	594
379	745
379	800
380	274
380	382
380	434
380	573
380	574
380	611
380	632
380	713
381	24
381	184
381	269
381	347
381	401
381	553
381	564
381	617
382	380
382	573
382	574
382	611
382	632
382	713
382	834
382	999
383	251
383	255
383	353
383	363
383	517
383	522
383	662
383	703
384	65
384	103
384	106
384	238
384	277
384	344
384	474
384	878
385	210
385	340
385	413
385	456
385	457
385	461
385	466
385	936
386	71
386	158
386	907
386	973
386	982
386	985
386	990
386	991
387	343
387	537
387	665
387	699
387	733
387	786
387	797
387	839
388	291
388	315
388	506
388	552
388	767
388	819
388	873
388	904
389	36
389	98
389	209
389	235
389	361
389	457
389	699
389	830
390	173
390	459
390	469
390	572
390	578
390	596
390	679
390	754
391	17
391	60
391	76
391	176
391	226
391	365
391	885
391	920
392	402
392	546
392	602
392	773
392	774
392	782
392	830
392	892
393	763
393	829
393	834
393	877
393	933
393	958
393	976
393	981
394	177
394	408
394	852
394	909
394	921
394	930
394	953
394	989
395	64
395	224
395	243
395	293
395	367
395	429
395	465
395	927
396	40
396	78
396	124
396	141
396	229
396	282
396	614
396	619
397	598
397	824
397	829
397	876
397	933
397	946
397	958
397	981
398	84
398	287
398	329
398	428
398	507
398	562
398	583
398	666
399	30
399	144
399	166
399	167
399	193
399	284
399	671
399	900
400	531
400	567
400	692
400	734
400	772
400	815
400	832
400	983
401	24
401	244
401	264
401	288
401	347
401	381
401	451
401	553
402	358
402	392
402	564
402	697
402	844
402	928
402	934
402	964
403	35
403	263
403	366
403	425
403	482
403	496
403	501
403	710
404	37
404	105
404	156
404	165
404	292
404	333
404	906
404	987
405	283
405	492
405	544
405	575
405	576
405	592
405	992
405	1000
406	502
406	593
406	597
406	659
406	669
406	673
406	678
406	709
407	5
407	136
407	178
407	217
407	261
407	316
407	728
407	936
408	268
408	324
408	364
408	394
408	464
408	587
408	760
408	762
409	318
409	339
409	414
409	431
409	443
409	462
409	517
409	948
410	159
410	557
410	621
410	698
410	836
410	861
410	884
410	897
411	188
411	418
411	445
411	491
411	523
411	530
411	546
411	750
412	282
412	564
412	697
412	720
412	796
412	928
412	934
412	964
413	340
413	385
413	456
413	457
413	461
413	466
413	708
413	977
414	318
414	409
414	431
414	436
414	443
414	462
414	517
414	673
415	640
415	746
415	795
415	860
415	887
415	902
415	923
415	924
416	50
416	113
416	215
416	231
416	285
416	298
416	346
416	834
417	110
417	538
417	747
417	750
417	756
417	813
417	832
417	880
418	411
418	445
418	491
418	523
418	530
418	546
418	949
419	317
419	452
419	570
419	683
419	729
419	755
419	787
419	868
420	42
420	433
420	574
420	611
420	632
420	713
420	924
420	939
421	29
421	210
421	919
421	954
421	982
421	985
421	990
421	991
422	712
422	768
422	856
422	890
422	931
422	933
422	942
422	960
423	32
423	310
423	343
423	664
423	811
423	900
423	965
423	987
424	162
424	717
424	907
424	914
424	954
424	982
424	985
424	990
425	97
425	249
425	366
425	403
425	482
425	496
425	501
425	830
426	6
426	122
426	255
426	521
426	633
426	654
426	671
426	859
427	7
427	556
427	857
427	859
427	911
427	912
427	950
427	994
428	142
428	157
428	304
428	329
428	398
428	562
428	583
428	978
429	64
429	208
429	224
429	293
429	367
429	395
429	465
429	748
430	26
430	59
430	100
430	179
430	485
430	543
430	666
430	681
431	57
431	318
431	339
431	409
431	414
431	443
431	462
431	517
432	45
432	218
432	230
432	241
432	440
432	581
432	613
432	884
433	196
433	420
433	573
433	574
433	597
433	611
433	632
433	713
434	4
434	22
434	67
434	73
434	86
434	321
434	380
434	777
435	42
435	375
435	561
435	699
435	733
435	743
435	786
435	839
436	414
436	675
436	893
436	935
436	955
436	974
436	976
436	992
437	320
437	451
437	524
437	528
437	584
437	764
437	818
437	906
438	855
438	891
438	914
438	919
438	954
438	973
438	982
438	991
439	573
439	710
439	771
439	839
439	862
439	969
439	978
439	988
440	16
440	45
440	87
440	230
440	241
440	432
440	581
440	613
441	164
441	206
441	240
441	256
441	309
441	326
441	536
441	993
442	56
442	729
442	799
442	857
442	859
442	911
442	912
442	994
443	339
443	409
443	414
443	431
443	462
443	517
443	741
443	984
444	271
444	375
444	557
444	623
444	627
444	717
444	808
444	867
445	411
445	418
445	491
445	523
445	530
445	546
445	718
446	220
446	239
446	508
446	547
446	749
446	761
446	792
446	837
447	150
447	192
447	262
447	551
447	648
447	735
447	802
447	872
448	18
448	80
448	275
448	278
448	300
448	481
448	794
448	808
449	334
449	452
449	570
449	748
449	755
449	764
449	787
449	868
450	191
450	528
450	584
450	601
450	658
450	755
450	764
450	818
451	401
451	437
451	463
451	500
451	528
451	658
451	764
451	818
452	419
452	449
452	559
452	683
452	748
452	787
452	868
452	908
453	82
453	548
453	591
453	604
453	656
453	689
453	753
453	890
454	267
454	486
454	670
454	741
454	856
454	931
454	939
454	942
455	162
455	232
455	312
455	313
455	331
455	338
455	748
455	977
456	210
456	340
456	385
456	413
456	457
456	461
456	466
456	924
457	210
457	340
457	385
457	389
457	413
457	456
457	461
457	466
458	74
458	152
458	236
458	337
458	480
458	498
458	817
458	987
459	46
459	62
459	155
459	214
459	271
459	281
459	390
459	529
460	591
460	758
460	800
460	918
460	946
460	962
460	975
460	1000
461	21
461	210
461	385
461	413
461	456
461	457
461	466
461	959
462	175
462	339
462	409
462	414
462	431
462	443
462	517
462	938
463	320
463	451
463	528
463	584
463	601
463	725
463	764
463	818
464	268
464	408
464	479
464	587
464	690
464	760
464	762
464	969
465	64
465	115
465	224
465	293
465	367
465	395
465	429
465	888
466	340
466	346
466	355
466	385
466	413
466	456
466	457
466	461
467	614
467	786
467	871
467	903
467	920
467	966
467	970
467	983
468	266
468	353
468	363
468	518
468	522
468	662
468	703
468	909
469	105
469	390
469	572
469	578
469	596
469	679
469	754
469	900
470	81
470	618
470	744
470	799
470	828
470	906
470	950
470	994
471	49
471	244
471	319
471	341
471	497
471	520
471	594
471	629
472	491
472	854
472	887
472	927
472	941
472	947
472	957
472	998
473	519
473	539
473	560
473	588
473	595
473	659
473	794
473	830
474	65
474	103
474	238
474	277
474	344
474	384
474	669
474	787
475	120
475	842
475	851
475	920
475	963
475	966
475	968
475	983
476	531
476	567
476	607
476	734
476	772
476	815
476	832
476	887
477	340
477	489
477	712
477	796
477	844
477	846
477	928
477	934
478	202
478	278
478	626
478	781
478	917
478	925
478	932
478	977
479	7
479	464
479	587
479	690
479	760
479	762
479	856
479	935
480	74
480	128
480	153
480	236
480	337
480	458
480	498
480	861
481	18
481	80
481	275
481	278
481	300
481	448
481	657
481	961
482	97
482	263
482	366
482	403
482	425
482	496
482	501
482	845
483	12
483	73
483	221
483	228
483	305
483	342
483	356
483	892
484	505
484	566
484	663
484	701
484	719
484	805
484	962
484	964
485	126
485	180
485	197
485	273
485	430
485	543
485	547
485	681
486	454
486	856
486	863
486	885
486	931
486	939
486	942
486	960
487	154
487	610
487	770
487	834
487	864
487	870
487	898
487	913
487	929
488	551
488	645
488	648
488	732
488	735
488	752
488	802
488	872
488	899
489	477
489	578
489	621
489	697
489	720
489	809
489	846
489	934
489	964
490	70
490	131
490	260
490	308
490	676
490	728
490	738
490	787
490	826
491	58
491	411
491	418
491	445
491	472
491	523
491	530
491	546
492	160
492	174
492	371
492	405
492	535
492	544
492	575
492	576
492	592
493	41
493	242
493	272
493	508
493	547
493	749
493	761
493	837
493	874
494	495
494	664
494	780
494	811
494	895
494	900
494	965
494	972
494	987
495	18
495	149
495	494
495	664
495	811
495	900
495	965
495	972
495	987
496	35
496	49
496	249
496	263
496	366
496	403
496	425
496	482
496	501
497	49
497	90
497	319
497	341
497	379
497	471
497	520
497	579
497	594
498	74
498	152
498	153
498	236
498	249
498	337
498	458
498	480
498	965
499	127
499	587
499	910
499	920
499	959
499	963
499	966
499	970
499	983
500	320
500	451
500	584
500	601
500	658
500	728
500	764
500	783
500	818
501	32
501	35
501	249
501	263
501	403
501	425
501	482
501	496
501	847
502	348
502	362
502	406
502	593
502	597
502	644
502	673
502	678
502	981
503	294
503	622
503	768
503	890
503	931
503	939
503	942
503	960
503	971
504	304
504	325
504	669
504	793
504	822
504	838
504	904
504	940
504	988
505	288
505	484
505	559
505	566
505	688
505	719
505	805
505	827
505	874
506	13
506	327
506	333
506	388
506	542
506	552
506	767
506	819
506	873
507	40
507	142
507	157
507	287
507	329
507	398
507	562
507	583
507	740
508	17
508	220
508	252
508	446
508	493
508	749
508	761
508	792
508	837
509	110
509	360
509	535
509	635
509	668
509	760
509	820
509	855
509	897
510	196
510	259
510	264
510	739
510	895
510	900
510	965
510	972
510	987
511	248
511	649
511	721
511	741
511	781
511	917
511	925
511	932
511	977
512	132
512	540
512	715
512	736
512	742
512	797
512	886
512	896
512	979
513	207
513	555
513	577
513	585
513	586
513	619
513	628
513	634
513	737
514	223
514	656
514	668
514	698
514	820
514	836
514	861
514	884
514	897
515	626
515	661
515	741
515	781
515	797
515	917
515	925
515	932
515	977
516	148
516	225
516	377
516	655
516	691
516	744
516	751
516	782
516	823
517	318
517	339
517	383
517	409
517	414
517	431
517	443
517	462
517	678
518	255
518	266
518	363
518	468
518	522
518	605
518	662
518	703
518	887
519	34
519	107
519	181
519	473
519	539
519	659
519	674
519	719
519	794
520	49
520	90
520	255
520	319
520	341
520	379
520	471
520	497
520	594
521	51
521	171
521	200
521	426
521	633
521	654
521	666
521	671
521	868
522	74
522	353
522	363
522	383
522	468
522	518
522	662
522	703
522	941
523	411
523	418
523	445
523	491
523	530
523	546
523	680
523	829
524	374
524	437
524	593
524	597
524	644
524	673
524	678
524	709
524	974
525	126
525	727
525	745
525	882
525	887
525	938
525	941
525	947
525	998
526	92
526	299
526	695
526	710
526	806
526	905
526	969
526	978
526	988
527	665
527	694
527	871
527	920
527	959
527	963
527	966
527	968
527	970
528	437
528	450
528	451
528	463
528	658
528	764
528	818
528	824
528	950
529	46
529	62
529	155
529	214
529	271
529	281
529	459
529	735
529	860
530	53
530	188
530	411
530	418
530	445
530	491
530	523
530	546
530	727
531	19
531	400
531	476
531	692
531	734
531	759
531	772
531	815
531	832
532	51
532	65
532	326
532	715
532	718
532	747
532	750
532	813
532	880
533	144
533	770
533	834
533	864
533	869
533	870
533	898
533	913
533	929
534	301
534	589
534	770
534	834
534	864
534	870
534	898
534	913
534	929
535	335
535	492
535	509
535	668
535	855
535	861
535	884
535	897
535	949
536	29
536	164
536	178
536	206
536	240
536	256
536	309
536	441
536	653
537	387
537	561
537	594
537	601
537	665
537	733
537	743
537	786
537	839
538	259
538	417
538	715
538	747
538	750
538	756
538	813
538	880
538	915
539	290
539	473
539	519
539	588
539	595
539	659
539	674
539	794
539	890
540	512
540	693
540	725
540	736
540	885
540	935
540	949
540	979
540	980
541	758
541	769
541	789
541	795
541	860
541	875
541	902
541	923
541	924
542	254
542	258
542	315
542	506
542	552
542	740
542	767
542	819
542	873
543	59
543	126
543	179
543	197
543	430
543	485
543	681
543	778
543	874
544	28
544	174
544	283
544	405
544	492
544	575
544	576
544	592
544	980
545	276
545	608
545	637
545	796
545	814
545	821
545	841
545	866
545	996
546	188
546	392
546	411
546	418
546	445
546	491
546	523
546	530
546	724
547	242
547	446
547	485
547	493
547	749
547	761
547	792
547	837
547	926
548	31
548	82
548	453
548	591
548	604
548	656
548	689
548	731
548	753
549	92
549	151
549	598
549	704
549	712
549	714
549	727
549	790
549	972
550	161
550	582
550	615
550	631
550	682
550	718
550	722
550	726
550	798
551	303
551	447
551	488
551	648
551	735
551	741
551	802
551	872
551	930
552	315
552	388
552	506
552	542
552	751
552	767
552	771
552	819
552	873
553	24
553	184
553	264
553	288
553	347
553	381
553	401
553	843
553	902
554	567
554	577
554	585
554	586
554	619
554	628
554	634
554	737
554	852
555	513
555	730
555	753
555	825
555	878
555	922
555	943
555	971
555	984
556	307
556	427
556	592
556	761
556	783
556	828
556	906
556	911
556	994
557	410
557	444
557	643
557	667
557	675
557	706
557	802
557	808
557	867
558	117
558	820
558	907
558	914
558	919
558	973
558	982
558	985
558	990
559	39
559	452
559	505
559	570
559	683
559	748
559	755
559	787
559	868
560	69
560	473
560	623
560	643
560	706
560	717
560	801
560	808
560	867
561	350
561	435
561	537
561	649
561	733
561	743
561	786
561	839
561	898
562	142
562	157
562	287
562	329
562	398
562	428
562	507
562	583
562	866
562	921
563	1
563	279
563	376
563	570
563	687
563	766
563	779
563	916
563	986
563	993
564	381
564	402
564	412
564	720
564	809
564	846
564	863
564	928
564	934
564	964
565	195
565	276
565	635
565	885
565	886
565	896
565	901
565	949
565	979
565	980
566	93
566	484
566	505
566	606
566	612
566	663
566	688
566	805
566	827
566	874
567	297
567	400
567	476
567	554
567	600
567	692
567	734
567	772
567	815
567	832
568	726
568	826
568	881
568	891
568	908
568	936
568	937
568	951
568	952
568	995
569	584
569	640
569	758
569	789
569	795
569	860
569	875
569	901
569	923
569	924
570	175
570	419
570	449
570	559
570	563
570	683
570	748
570	787
570	835
570	868
571	366
571	759
571	784
571	909
571	921
571	930
571	953
571	961
571	988
571	989
572	79
572	173
572	274
572	390
572	469
572	578
572	596
572	679
572	754
572	820
573	42
573	380
573	382
573	433
573	439
573	574
573	611
573	632
573	713
573	968
574	380
574	382
574	420
574	433
574	573
574	611
574	632
574	679
574	713
574	937
575	174
575	283
575	371
575	405
575	492
575	544
575	576
575	592
575	689
575	779
576	174
576	283
576	371
576	405
576	492
576	544
576	575
576	592
576	593
576	854
577	211
577	213
577	317
577	513
577	554
577	585
577	586
577	628
577	634
577	737
578	79
578	274
578	390
578	469
578	489
578	572
578	596
578	679
578	751
578	754
579	295
579	307
579	378
579	497
579	580
579	605
579	812
579	817
579	835
579	853
580	579
580	605
580	661
580	687
580	705
580	716
580	812
580	817
580	835
580	853
581	16
581	45
581	218
581	230
581	241
581	432
581	440
581	613
581	786
581	880
582	550
582	615
582	631
582	682
582	722
582	726
582	798
582	907
582	952
583	142
583	157
583	287
583	329
583	398
583	428
583	507
583	562
583	766
583	878
584	437
584	450
584	463
584	500
584	569
584	601
584	658
584	764
584	818
584	940
585	136
585	513
585	554
585	577
585	586
585	619
585	628
585	634
585	642
585	737
586	167
586	211
586	513
586	554
586	577
586	585
586	619
586	628
586	634
586	737
587	7
587	324
587	408
587	464
587	479
587	499
587	690
587	760
587	762
587	869
588	34
588	181
588	473
588	539
588	595
588	659
588	674
588	689
588	794
588	850
589	534
589	610
589	760
589	770
589	834
589	864
589	870
589	913
589	929
589	975
590	217
590	775
590	780
590	813
590	869
590	889
590	944
590	948
590	997
590	999
591	239
591	251
591	453
591	460
591	548
591	604
591	656
591	661
591	689
591	753
592	174
592	283
592	371
592	405
592	492
592	544
592	556
592	575
592	576
592	956
593	406
593	502
593	524
593	576
593	597
593	615
593	644
593	673
593	678
593	709
594	49
594	90
594	319
594	341
594	379
594	471
594	497
594	520
594	537
594	881
595	34
595	107
595	313
595	473
595	539
595	588
595	659
595	674
595	716
595	794
596	79
596	274
596	352
596	390
596	469
596	572
596	578
596	679
596	754
596	855
597	406
597	433
597	502
597	524
597	593
597	644
597	673
597	678
597	709
597	768
598	55
598	76
598	92
598	257
598	397
598	549
598	704
598	712
598	727
598	790
599	620
599	768
599	839
599	856
599	863
599	890
599	931
599	939
599	942
599	960
600	567
600	776
600	784
600	850
600	852
600	921
600	930
600	961
600	965
600	989
601	450
601	463
601	500
601	537
601	584
601	653
601	658
601	764
601	818
601	821
602	239
602	392
602	647
602	773
602	774
602	782
602	826
602	830
602	843
602	891
603	289
603	833
603	876
603	882
603	887
603	927
603	938
603	947
603	957
603	998
604	82
604	239
604	251
604	453
604	548
604	591
604	656
604	664
604	689
604	753
605	43
605	139
605	518
605	579
605	580
605	716
605	812
605	817
605	835
605	853
606	8
606	566
606	663
606	688
606	701
606	767
606	805
606	827
606	874
606	882
607	476
607	847
607	893
607	903
607	935
607	956
607	961
607	974
607	976
607	992
608	323
608	353
608	545
608	634
608	637
608	639
608	814
608	841
608	866
608	996
609	616
609	769
609	823
609	847
609	853
609	865
609	883
609	926
609	945
609	967
610	361
610	487
610	589
610	770
610	864
610	870
610	894
610	898
610	913
610	929
611	380
611	382
611	420
611	433
611	573
611	574
611	632
611	657
611	665
611	713
612	566
612	680
612	770
612	847
612	903
612	935
612	956
612	974
612	976
612	992
613	16
613	45
613	218
613	230
613	241
613	432
613	440
613	581
613	640
613	912
614	143
614	396
614	467
614	629
614	653
614	871
614	910
614	966
614	970
614	983
615	550
615	582
615	593
615	631
615	682
615	722
615	726
615	798
615	896
616	316
616	609
616	753
616	769
616	791
616	823
616	865
616	926
616	945
616	967
617	381
617	879
617	891
617	899
617	908
617	937
617	951
617	952
617	971
617	995
618	131
618	470
618	783
618	828
618	857
618	906
618	912
618	948
618	950
618	994
619	211
619	352
619	396
619	513
619	554
619	585
619	586
619	628
619	634
619	737
620	44
620	199
620	247
620	253
620	289
620	599
620	650
620	666
620	686
620	708
621	110
621	199
621	410
621	489
621	698
621	836
621	855
621	861
621	884
621	897
622	216
622	332
622	503
622	804
622	816
622	822
622	838
622	904
622	940
622	945
623	170
623	325
623	444
623	560
623	643
623	675
623	717
623	801
623	808
623	867
624	205
624	627
624	649
624	651
624	661
624	781
624	917
624	925
624	932
624	977
625	68
625	711
625	769
625	788
625	791
625	865
625	883
625	926
625	945
625	967
626	478
626	515
626	649
626	741
626	917
626	925
626	930
626	932
626	976
626	977
627	219
627	274
627	444
627	624
627	649
627	741
627	917
627	925
627	932
627	977
628	345
628	513
628	554
628	577
628	585
628	586
628	619
628	634
628	737
628	739
629	325
629	471
629	614
629	653
629	810
629	842
629	959
629	963
629	968
629	983
630	11
630	251
630	660
630	825
630	878
630	915
630	922
630	943
630	971
630	984
631	104
631	161
631	550
631	582
631	615
631	682
631	711
631	722
631	726
631	798
631	871
632	42
632	368
632	380
632	382
632	420
632	433
632	573
632	574
632	611
632	713
632	776
633	6
633	122
633	171
633	200
633	215
633	286
633	426
633	521
633	654
633	666
633	671
634	211
634	513
634	554
634	577
634	585
634	586
634	608
634	619
634	628
634	737
634	739
635	247
635	509
635	565
635	701
635	725
635	736
635	851
635	886
635	901
635	979
635	980
636	46
636	183
636	307
636	804
636	828
636	857
636	859
636	906
636	912
636	950
636	994
637	95
637	276
637	323
637	545
637	608
637	782
637	814
637	821
637	841
637	983
637	996
638	253
638	298
638	304
638	669
638	793
638	804
638	816
638	822
638	838
638	904
638	940
639	95
639	106
639	267
639	276
639	608
639	663
639	821
639	841
639	866
639	956
639	996
640	415
640	569
640	613
640	789
640	795
640	860
640	875
640	902
640	923
640	924
640	996
641	59
641	108
641	220
641	771
641	785
641	806
641	862
641	905
641	969
641	978
641	988
642	243
642	279
642	376
642	585
642	702
642	803
642	848
642	892
642	916
642	986
642	993
643	375
643	557
643	560
643	623
643	667
643	675
643	706
643	801
643	853
643	867
643	948
644	362
644	370
644	374
644	502
644	524
644	593
644	597
644	673
644	678
644	709
644	785
645	222
645	303
645	338
645	349
645	488
645	648
645	722
645	732
645	735
645	802
645	872
646	11
646	187
646	296
646	745
646	833
646	840
646	854
646	927
646	938
646	947
646	998
647	75
647	301
647	602
647	685
647	731
647	773
647	774
647	826
647	830
647	892
647	942
648	262
648	447
648	488
648	551
648	645
648	732
648	735
648	749
648	802
648	872
648	973
649	219
649	511
649	561
649	624
649	626
649	627
649	917
649	925
649	932
649	977
649	979
650	44
650	138
650	199
650	247
650	253
650	289
650	620
650	686
650	690
650	708
650	899
651	108
651	227
651	624
651	726
651	771
651	785
651	806
651	905
651	969
651	978
651	988
652	135
652	352
652	660
652	684
652	730
652	811
652	915
652	922
652	943
652	971
652	984
653	536
653	601
653	614
653	629
653	810
653	910
653	959
653	963
653	968
653	970
653	983
654	6
654	122
654	171
654	200
654	312
654	426
654	521
654	633
654	666
654	671
654	980
655	119
655	148
655	187
655	213
655	225
655	516
655	691
655	744
655	751
655	852
655	867
656	82
656	239
656	251
656	453
656	514
656	548
656	591
656	604
656	689
656	753
656	997
657	481
657	611
657	723
657	752
657	800
657	858
657	918
657	946
657	962
657	975
657	1000
658	257
658	320
658	450
658	451
658	500
658	528
658	584
658	601
658	764
658	818
658	993
659	107
659	181
659	406
659	473
659	519
659	539
659	588
659	595
659	674
659	794
659	871
660	188
660	352
660	630
660	652
660	729
660	813
660	878
660	922
660	943
660	971
660	984
661	75
661	515
661	580
661	591
661	624
661	741
661	781
661	917
661	925
661	932
661	977
662	153
662	255
662	266
662	317
662	353
662	363
662	383
662	468
662	518
662	522
662	703
663	66
663	484
663	566
663	606
663	639
663	688
663	701
663	719
663	827
663	874
663	981
664	373
664	423
664	494
664	495
664	604
664	739
664	827
664	895
664	965
664	972
664	987
665	154
665	350
665	387
665	527
665	537
665	611
665	699
665	733
665	743
665	786
665	839
666	6
666	122
666	171
666	200
666	398
666	430
666	521
666	620
666	633
666	654
666	671
667	375
667	557
667	643
667	675
667	706
667	717
667	790
667	801
667	808
667	858
667	867
668	58
668	360
668	509
668	514
668	535
668	796
668	820
668	836
668	855
668	861
668	897
669	304
669	406
669	474
669	504
669	638
669	793
669	804
669	816
669	822
669	904
669	940
670	169
670	233
670	454
670	768
670	856
670	863
670	890
670	931
670	939
670	942
670	960
671	6
671	122
671	171
671	200
671	399
671	426
671	521
671	633
671	654
671	666
671	877
672	806
672	847
672	893
672	903
672	935
672	955
672	956
672	974
672	976
672	981
672	992
673	362
673	374
673	406
673	414
673	502
673	524
673	593
673	597
673	644
673	684
673	709
674	34
674	107
674	181
674	519
674	539
674	588
674	595
674	659
674	794
674	929
674	958
675	436
675	557
675	623
675	643
675	667
675	706
675	717
675	801
675	808
675	867
675	992
676	14
676	15
676	260
676	308
676	372
676	490
676	694
676	715
676	728
676	738
676	771
677	2
677	330
677	720
677	737
677	796
677	809
677	844
677	846
677	928
677	934
677	964
678	362
678	374
678	406
678	502
678	517
678	524
678	593
678	597
678	644
678	709
678	864
679	79
679	173
679	274
679	390
679	469
679	572
679	574
679	578
679	596
679	754
679	927
680	347
680	523
680	612
680	847
680	893
680	903
680	935
680	955
680	956
680	974
680	992
681	26
681	59
681	179
681	197
681	273
681	430
681	485
681	543
681	690
681	837
681	973
682	81
682	161
682	258
682	281
682	550
682	582
682	615
682	631
682	722
682	726
682	798
683	175
683	419
683	452
683	559
683	570
683	748
683	755
683	787
683	843
683	868
683	986
684	101
684	652
684	673
684	729
684	806
684	878
684	915
684	922
684	943
684	971
684	984
685	130
685	198
685	647
685	731
685	773
685	774
685	782
685	830
685	843
685	892
685	963
686	138
686	199
686	247
686	253
686	289
686	620
686	650
686	708
686	795
686	805
686	994
687	192
687	295
687	378
687	563
687	580
687	705
687	716
687	812
687	817
687	835
687	853
688	173
688	505
688	566
688	606
688	663
688	701
688	719
688	743
688	805
688	827
688	874
689	168
689	239
689	251
689	453
689	548
689	575
689	588
689	591
689	604
689	656
689	753
690	7
690	221
690	268
690	364
690	464
690	479
690	587
690	650
690	681
690	760
690	762
691	119
691	148
691	213
691	225
691	377
691	516
691	655
691	744
691	751
691	959
691	985
692	19
692	137
692	165
692	400
692	531
692	567
692	734
692	772
692	815
692	832
692	941
693	67
693	100
693	279
693	540
693	851
693	885
693	896
693	901
693	949
693	979
693	980
694	14
694	15
694	70
694	131
694	260
694	308
694	527
694	676
694	728
694	738
694	820
695	47
695	232
695	354
695	526
695	785
695	851
695	862
695	905
695	969
695	978
695	988
696	20
696	120
696	123
696	125
696	162
696	186
696	223
696	280
696	302
696	336
696	736
697	44
697	330
697	402
697	412
697	489
697	720
697	746
697	809
697	846
697	934
697	964
698	72
698	110
698	262
698	410
698	514
698	621
698	820
698	836
698	855
698	861
698	884
699	115
699	154
699	350
699	387
699	389
699	435
699	665
699	733
699	743
699	786
699	839
700	3
700	95
700	106
700	267
700	276
700	814
700	815
700	821
700	836
700	866
700	996
701	8
701	149
701	328
701	484
701	606
701	635
701	663
701	688
701	805
701	827
701	874
702	642
702	766
702	779
702	803
702	807
702	848
702	868
702	916
702	952
702	986
702	993
703	255
703	266
703	353
703	363
703	383
703	468
703	518
703	522
703	662
703	716
703	997
704	63
704	151
704	257
704	346
704	549
704	598
704	712
704	727
704	790
704	794
704	861
705	291
705	378
705	580
705	687
705	716
705	722
705	767
705	812
705	817
705	835
705	853
706	146
706	557
706	560
706	643
706	667
706	675
706	801
706	808
706	833
706	867
706	964
707	36
707	724
707	777
707	805
707	881
707	891
707	899
707	936
707	937
707	951
707	995
708	13
708	44
708	138
708	199
708	247
708	253
708	289
708	413
708	620
708	650
708	686
709	250
709	362
709	374
709	406
709	524
709	593
709	597
709	644
709	673
709	678
709	886
710	403
710	439
710	526
710	771
710	806
710	824
710	862
710	905
710	969
710	978
710	988
711	14
711	61
711	357
711	625
711	631
711	791
711	823
711	865
711	883
711	926
711	945
711	967
712	55
712	63
712	92
712	151
712	257
712	422
712	477
712	549
712	598
712	704
712	727
712	790
713	42
713	190
713	380
713	382
713	420
713	433
713	573
713	574
713	611
713	632
713	774
713	859
714	48
714	63
714	549
714	724
714	777
714	879
714	881
714	891
714	899
714	937
714	952
714	995
715	259
715	512
715	532
715	538
715	676
715	718
715	747
715	750
715	756
715	813
715	841
715	880
716	295
716	378
716	580
716	595
716	605
716	687
716	703
716	705
716	812
716	817
716	835
716	853
717	282
717	375
717	424
717	444
717	560
717	623
717	667
717	675
717	776
717	801
717	808
717	867
718	51
718	194
718	326
718	355
718	445
718	532
718	550
718	715
718	750
718	756
718	813
718	880
719	8
719	66
719	484
719	505
719	519
719	663
719	688
719	805
719	827
719	872
719	874
719	898
720	2
720	412
720	489
720	564
720	677
720	697
720	809
720	844
720	846
720	924
720	928
720	998
721	128
721	511
721	763
721	778
721	819
721	824
721	845
721	849
721	877
721	933
721	958
721	981
722	81
722	104
722	336
722	550
722	582
722	615
722	631
722	645
722	682
722	705
722	726
722	798
723	248
723	342
723	657
723	752
723	800
723	858
723	918
723	934
723	946
723	962
723	975
723	1000
724	546
724	707
724	714
724	875
724	879
724	881
724	899
724	908
724	936
724	937
724	951
724	995
725	463
725	540
725	635
725	736
725	797
725	885
725	896
725	901
725	949
725	979
725	980
725	984
726	81
726	104
726	161
726	550
726	568
726	582
726	615
726	631
726	651
726	682
726	722
726	798
727	55
727	63
727	151
727	257
727	525
727	530
727	549
727	598
727	704
727	712
727	734
727	790
728	15
728	70
728	131
728	260
728	308
728	407
728	490
728	500
728	676
728	694
728	738
728	793
729	352
729	419
729	442
729	660
729	684
729	730
729	825
729	878
729	922
729	943
729	971
729	984
730	555
730	652
730	729
730	817
730	825
730	878
730	915
730	922
730	943
730	971
730	984
730	990
731	130
731	159
731	163
731	301
731	548
731	647
731	685
731	773
731	826
731	830
731	843
731	892
732	192
732	222
732	303
732	349
732	488
732	645
732	648
732	802
732	817
732	872
732	951
732	965
733	154
733	350
733	387
733	435
733	537
733	561
733	665
733	699
733	743
733	768
733	839
733	898
734	39
734	137
734	297
734	400
734	476
734	531
734	567
734	692
734	727
734	772
734	815
734	832
735	85
735	303
735	314
735	349
735	447
735	488
735	529
735	551
735	645
735	648
735	802
735	872
736	136
736	512
736	540
736	635
736	696
736	725
736	885
736	886
736	896
736	949
736	978
736	979
737	211
737	234
737	266
737	513
737	554
737	577
737	585
737	586
737	619
737	628
737	634
737	677
738	14
738	15
738	70
738	131
738	227
738	229
738	260
738	490
738	676
738	694
738	728
738	978
739	299
739	306
739	510
739	628
739	634
739	664
739	811
739	895
739	900
739	965
739	972
739	987
740	507
740	542
740	765
740	775
740	780
740	831
740	869
740	888
740	944
740	948
740	997
740	999
741	443
741	454
741	511
741	515
741	551
741	626
741	627
741	661
741	781
741	925
741	932
741	977
742	512
742	797
742	851
742	885
742	886
742	901
742	925
742	949
742	973
742	979
742	980
742	982
743	161
743	350
743	435
743	537
743	561
743	665
743	688
743	699
743	733
743	775
743	786
743	839
744	119
744	148
744	187
744	192
744	213
744	225
744	377
744	470
744	516
744	655
744	691
744	751
745	379
745	525
745	646
745	798
745	854
745	887
745	927
745	938
745	941
745	947
745	957
745	998
746	233
746	415
746	697
746	758
746	789
746	795
746	860
746	875
746	902
746	923
746	924
746	996
747	259
747	326
747	355
747	417
747	532
747	538
747	715
747	756
747	813
747	838
747	880
747	954
748	39
748	317
748	429
748	449
748	452
748	455
748	559
748	570
748	683
748	755
748	787
748	868
749	41
749	220
749	252
749	298
749	446
749	493
749	508
749	547
749	648
749	761
749	792
749	837
750	51
750	355
750	411
750	417
750	532
750	538
750	715
750	718
750	763
750	813
750	880
750	944
751	119
751	148
751	187
751	213
751	225
751	377
751	516
751	552
751	578
751	655
751	691
751	744
752	170
752	224
752	488
752	657
752	723
752	800
752	858
752	918
752	946
752	962
752	975
752	1000
753	82
753	239
753	251
753	453
753	548
753	555
753	591
753	604
753	616
753	656
753	689
753	801
754	79
754	101
754	173
754	274
754	390
754	469
754	572
754	578
754	596
754	679
754	791
754	918
755	39
755	95
755	175
755	419
755	449
755	450
755	559
755	683
755	748
755	787
755	836
755	868
756	259
756	326
756	355
756	417
756	538
756	715
756	718
756	747
756	781
756	813
756	836
756	880
757	818
757	824
757	829
757	845
757	849
757	865
757	876
757	877
757	882
757	933
757	950
757	981
758	460
758	541
758	569
758	746
758	789
758	860
758	875
758	902
758	923
758	924
758	942
758	994
759	125
759	147
759	322
759	531
759	571
759	852
759	909
759	921
759	945
759	953
759	961
759	989
760	7
760	268
760	324
760	364
760	408
760	464
760	479
760	509
760	587
760	589
760	690
760	762
761	41
761	129
761	252
761	446
761	493
761	508
761	547
761	556
761	749
761	774
761	792
761	837
762	127
762	268
762	324
762	351
762	364
762	408
762	464
762	479
762	587
762	690
762	760
762	943
763	393
763	721
763	750
763	778
763	824
763	849
763	876
763	877
763	933
763	958
763	972
763	981
764	320
764	437
764	449
764	450
764	451
764	463
764	500
764	528
764	584
764	601
764	658
764	809
764	818
765	5
765	69
765	83
765	740
765	780
765	831
765	869
765	888
765	889
765	944
765	948
765	997
765	999
766	107
766	279
766	563
766	583
766	702
766	779
766	803
766	807
766	848
766	916
766	958
766	986
766	993
767	254
767	258
767	280
767	327
767	388
767	506
767	542
767	552
767	606
767	705
767	819
767	873
767	982
768	85
768	422
768	503
768	597
768	599
768	670
768	733
768	856
768	863
768	931
768	939
768	958
768	960
769	204
769	541
769	609
769	616
769	625
769	791
769	823
769	865
769	883
769	918
769	926
769	945
769	967
770	487
770	533
770	534
770	589
770	610
770	612
770	834
770	864
770	870
770	898
770	913
770	919
770	929
771	228
771	348
771	354
771	439
771	552
771	641
771	651
771	676
771	710
771	862
771	969
771	978
771	988
772	19
772	137
772	297
772	400
772	476
772	531
772	567
772	692
772	734
772	815
772	832
772	895
772	989
773	392
773	602
773	647
773	685
773	731
773	774
773	782
773	826
773	830
773	843
773	892
773	911
773	979
774	301
774	392
774	602
774	647
774	685
774	713
774	761
774	773
774	782
774	811
774	830
774	843
774	892
775	217
775	590
775	740
775	743
775	831
775	869
775	888
775	889
775	944
775	948
775	989
775	997
775	999
776	322
776	600
776	632
776	717
776	850
776	852
776	870
776	909
776	921
776	930
776	953
776	961
776	989
777	71
777	434
777	707
777	714
777	837
777	879
777	899
777	908
777	936
777	937
777	951
777	952
777	995
778	250
778	315
778	543
778	721
778	763
778	829
778	845
778	849
778	876
778	877
778	933
778	958
778	981
779	376
779	563
779	575
779	702
779	766
779	803
779	807
779	848
779	883
779	916
779	928
779	986
779	993
780	78
780	494
780	590
780	740
780	765
780	831
780	869
780	882
780	889
780	944
780	948
780	997
780	999
781	75
781	309
781	478
781	511
781	515
781	624
781	661
781	741
781	756
781	813
781	917
781	932
781	977
782	159
782	392
782	516
782	602
782	637
782	685
782	773
782	774
782	826
782	830
782	843
782	892
782	979
783	307
783	500
783	556
783	618
783	799
783	807
783	828
783	859
783	906
783	911
783	912
783	950
783	994
784	177
784	571
784	600
784	850
784	852
784	909
784	913
784	915
784	921
784	930
784	953
784	961
784	989
785	47
785	641
785	644
785	651
785	695
785	806
785	824
785	827
785	862
785	905
785	969
785	978
785	988
786	154
786	350
786	387
786	435
786	467
786	537
786	561
786	581
786	665
786	699
786	743
786	806
786	839
787	175
787	317
787	419
787	449
787	452
787	474
787	490
787	559
787	570
787	683
787	748
787	755
787	868
788	625
788	835
788	894
788	907
788	914
788	919
788	954
788	973
788	982
788	985
788	990
788	991
789	541
789	569
789	640
789	746
789	758
789	793
789	795
789	860
789	875
789	880
789	902
789	923
789	924
790	55
790	63
790	92
790	151
790	241
790	257
790	549
790	598
790	667
790	704
790	712
790	727
790	967
791	357
791	616
791	625
791	711
791	754
791	769
791	823
791	829
791	883
791	926
791	945
791	967
791	973
792	41
792	60
792	66
792	220
792	242
792	252
792	310
792	446
792	508
792	547
792	749
792	761
792	837
793	216
793	345
793	504
793	638
793	669
793	728
793	789
793	804
793	816
793	822
793	838
793	904
793	940
794	34
794	107
794	181
794	321
794	448
794	473
794	519
794	539
794	588
794	595
794	659
794	674
794	704
795	415
795	541
795	569
795	640
795	686
795	746
795	789
795	860
795	875
795	902
795	923
795	924
795	961
796	2
796	80
796	412
796	477
796	545
796	668
796	677
796	809
796	844
796	846
796	928
796	934
796	964
797	57
797	222
797	387
797	512
797	515
797	725
797	742
797	851
797	886
797	901
797	949
797	979
797	980
798	81
798	104
798	161
798	182
798	550
798	582
798	615
798	631
798	682
798	722
798	726
798	745
798	818
799	311
799	442
799	470
799	783
799	828
799	859
799	906
799	910
799	911
799	912
799	950
799	951
799	994
800	286
800	379
800	460
800	657
800	723
800	752
800	858
800	918
800	922
800	946
800	962
800	975
800	1000
801	91
801	375
801	560
801	623
801	643
801	667
801	675
801	706
801	717
801	753
801	808
801	867
801	955
802	192
802	222
802	262
802	349
802	447
802	488
802	551
802	557
802	645
802	648
802	732
802	735
802	872
803	182
803	378
803	642
803	702
803	766
803	779
803	807
803	844
803	848
803	888
803	916
803	986
803	993
804	61
804	345
804	372
804	622
804	636
804	638
804	669
804	793
804	816
804	822
804	838
804	904
804	940
805	8
805	328
805	484
805	505
805	566
805	606
805	686
805	688
805	701
805	707
805	719
805	827
805	874
806	348
806	526
806	641
806	651
806	672
806	684
806	710
806	785
806	786
806	905
806	969
806	978
806	988
807	1
807	182
807	347
807	702
807	766
807	779
807	783
807	803
807	848
807	870
807	916
807	986
807	993
808	375
808	444
808	448
808	557
808	560
808	623
808	667
808	675
808	706
808	717
808	801
808	867
808	963
809	358
809	489
809	564
809	677
809	697
809	720
809	764
809	796
809	846
809	875
809	934
809	964
809	984
810	53
810	629
810	653
810	842
810	905
810	909
810	910
810	920
810	959
810	963
810	966
810	968
810	970
810	983
811	32
811	270
811	299
811	306
811	373
811	423
811	494
811	495
811	652
811	739
811	774
811	895
811	965
811	987
812	50
812	139
812	295
812	300
812	378
812	579
812	580
812	605
812	687
812	705
812	716
812	817
812	835
812	853
813	51
813	326
813	417
813	532
813	538
813	590
813	660
813	715
813	718
813	747
813	750
813	756
813	781
813	880
814	3
814	95
814	265
814	266
814	267
814	323
814	545
814	608
814	637
814	700
814	841
814	862
814	866
814	996
815	19
815	137
815	141
815	297
815	400
815	476
815	531
815	567
815	692
815	700
815	734
815	772
815	816
815	832
816	8
816	216
816	325
816	622
816	638
816	669
816	793
816	804
816	815
816	822
816	838
816	904
816	940
816	985
817	139
817	295
817	458
817	579
817	580
817	605
817	687
817	705
817	716
817	730
817	732
817	812
817	835
817	853
818	151
818	320
818	437
818	450
818	451
818	463
818	500
818	528
818	584
818	601
818	658
818	757
818	764
818	798
819	13
819	249
819	254
819	291
819	315
819	327
819	388
819	506
819	542
819	552
819	721
819	767
819	873
819	940
820	110
820	335
820	509
820	514
820	558
820	572
820	668
820	694
820	698
820	836
820	855
820	861
820	884
820	897
821	104
821	106
821	185
821	265
821	323
821	545
821	601
821	637
821	639
821	700
821	841
821	866
821	941
821	996
822	216
822	310
822	345
822	504
822	622
822	638
822	669
822	793
822	804
822	816
822	833
822	904
822	920
822	940
823	109
823	516
823	609
823	616
823	711
823	769
823	791
823	845
823	865
823	883
823	914
823	926
823	945
823	967
824	397
824	528
824	710
824	721
824	757
824	763
824	785
824	829
824	845
824	876
824	877
824	933
824	958
824	981
825	90
825	245
825	555
825	630
825	729
825	730
825	878
825	883
825	915
825	922
825	943
825	971
825	984
825	991
826	130
826	159
826	231
826	301
826	490
826	568
826	602
826	647
826	731
826	773
826	782
826	830
826	843
826	892
827	27
827	66
827	328
827	505
827	566
827	606
827	663
827	664
827	688
827	701
827	719
827	785
827	805
827	874
828	48
828	143
828	470
828	556
828	618
828	636
828	783
828	799
828	857
828	859
828	911
828	912
828	988
828	994
829	393
829	397
829	523
829	757
829	778
829	791
829	824
829	845
829	849
829	876
829	933
829	958
829	981
829	1000
830	389
830	392
830	425
830	473
830	602
830	647
830	685
830	731
830	773
830	774
830	782
830	826
830	843
830	892
831	102
831	368
831	740
831	765
831	775
831	780
831	849
831	869
831	888
831	889
831	944
831	960
831	997
831	999
832	19
832	137
832	297
832	400
832	417
832	476
832	531
832	567
832	692
832	734
832	772
832	815
832	919
832	963
833	147
833	603
833	646
833	706
833	822
833	840
833	854
833	882
833	887
833	927
833	938
833	941
833	947
833	998
834	114
834	270
834	382
834	393
834	416
834	487
834	533
834	534
834	589
834	770
834	870
834	898
834	913
834	929
835	139
835	378
835	570
835	579
835	580
835	605
835	687
835	705
835	716
835	788
835	812
835	817
835	853
835	980
836	335
836	410
836	514
836	621
836	668
836	698
836	700
836	755
836	756
836	820
836	855
836	861
836	884
836	897
837	41
837	220
837	242
837	252
837	446
837	493
837	508
837	547
837	681
837	749
837	761
837	777
837	792
837	987
838	52
838	304
838	325
838	345
838	504
838	622
838	638
838	747
838	793
838	804
838	816
838	904
838	940
838	975
839	154
839	350
839	387
839	435
839	439
839	537
839	561
839	599
839	665
839	699
839	733
839	743
839	786
839	844
840	296
840	646
840	833
840	854
840	878
840	882
840	887
840	927
840	928
840	938
840	941
840	947
840	957
840	998
841	64
841	70
841	265
841	267
841	323
841	545
841	608
841	637
841	639
841	715
841	814
841	821
841	866
841	996
842	4
842	475
842	629
842	810
842	865
842	871
842	910
842	920
842	943
842	959
842	963
842	966
842	968
842	970
842	983
843	130
843	159
843	301
843	553
843	602
843	683
843	685
843	731
843	773
843	774
843	782
843	826
843	830
843	892
843	993
844	2
844	330
844	358
844	402
844	477
844	677
844	720
844	796
844	803
844	839
844	846
844	928
844	934
844	964
844	990
845	87
845	482
845	721
845	757
845	778
845	823
845	824
845	829
845	849
845	876
845	877
845	933
845	952
845	958
845	981
846	97
846	477
846	489
846	564
846	677
846	697
846	720
846	796
846	809
846	844
846	897
846	910
846	928
846	934
846	964
847	501
847	607
847	609
847	612
847	672
847	680
847	893
847	903
847	935
847	946
847	955
847	956
847	974
847	976
847	992
848	127
848	243
848	287
848	376
848	642
848	702
848	766
848	779
848	803
848	807
848	916
848	917
848	937
848	986
848	993
849	128
849	721
849	757
849	763
849	778
849	829
849	831
849	845
849	850
849	876
849	877
849	933
849	958
849	977
849	981
850	1
850	147
850	246
850	588
850	600
850	776
850	784
850	849
850	852
850	909
850	921
850	930
850	953
850	961
850	989
851	180
851	475
851	635
851	693
851	695
851	742
851	797
851	885
851	886
851	896
851	901
851	949
851	979
851	980
851	985
852	394
852	554
852	600
852	655
852	759
852	776
852	784
852	850
852	907
852	909
852	921
852	930
852	953
852	961
852	989
853	139
853	295
853	378
853	579
853	580
853	605
853	609
853	643
853	687
853	705
853	716
853	812
853	817
853	835
853	953
854	227
854	472
854	576
854	646
854	745
854	833
854	840
854	857
854	882
854	887
854	941
854	947
854	953
854	957
854	998
855	183
855	335
855	360
855	438
855	509
855	535
855	596
855	621
855	668
855	698
855	820
855	836
855	861
855	884
855	897
856	320
856	422
856	454
856	479
856	486
856	599
856	670
856	768
856	863
856	890
856	931
856	939
856	942
856	958
856	960
857	143
857	427
857	442
857	618
857	636
857	828
857	854
857	859
857	902
857	906
857	911
857	912
857	950
857	972
857	994
858	231
858	248
858	286
858	370
858	657
858	667
858	723
858	752
858	800
858	918
858	922
858	946
858	962
858	975
858	1000
859	426
859	427
859	442
859	636
859	713
859	783
859	799
859	828
859	857
859	889
859	906
859	911
859	912
859	950
859	994
860	285
860	360
860	415
860	529
860	541
860	569
860	640
860	746
860	758
860	789
860	795
860	875
860	902
860	923
860	924
861	97
861	360
861	410
861	480
861	514
861	535
861	621
861	668
861	698
861	704
861	820
861	836
861	855
861	884
861	897
862	47
862	108
862	219
862	354
862	439
862	641
862	695
862	710
862	771
862	785
862	814
862	905
862	969
862	986
862	988
863	85
863	116
863	486
863	564
863	599
863	670
863	768
863	856
863	864
863	890
863	931
863	939
863	942
863	954
863	960
864	114
864	270
864	487
864	533
864	534
864	589
864	610
864	678
864	770
864	863
864	870
864	898
864	913
864	929
864	937
865	61
865	109
865	357
865	609
865	616
865	625
865	711
865	757
865	769
865	823
865	842
865	883
865	926
865	945
865	967
866	3
866	123
866	265
866	267
866	276
866	545
866	562
866	608
866	639
866	700
866	814
866	821
866	841
866	923
866	996
867	375
867	444
867	557
867	560
867	623
867	643
867	655
867	667
867	675
867	706
867	717
867	801
867	808
867	897
867	990
868	39
868	134
868	175
868	317
868	419
868	449
868	452
868	521
868	559
868	570
868	683
868	702
868	748
868	755
868	787
869	533
869	587
869	590
869	740
869	765
869	775
869	780
869	831
869	888
869	889
869	944
869	948
869	957
869	997
869	999
870	270
870	487
870	533
870	534
870	589
870	610
870	770
870	776
870	807
870	834
870	864
870	898
870	913
870	929
870	944
871	467
871	527
871	614
871	631
871	659
871	842
871	910
871	920
871	945
871	959
871	963
871	966
871	968
871	970
871	983
872	3
872	192
872	222
872	262
872	303
872	447
872	488
872	551
872	645
872	648
872	719
872	732
872	735
872	802
872	880
873	13
873	26
873	206
873	238
873	254
873	258
873	291
873	315
873	327
873	388
873	506
873	542
873	552
873	767
873	819
874	8
874	66
874	328
874	493
874	505
874	543
874	566
874	606
874	663
874	688
874	701
874	719
874	805
874	827
874	879
875	102
875	111
875	233
875	541
875	569
875	640
875	724
875	746
875	758
875	789
875	795
875	809
875	860
875	902
875	923
875	924
876	49
876	397
876	603
876	757
876	763
876	778
876	824
876	829
876	845
876	849
876	877
876	897
876	912
876	933
876	958
876	981
877	87
877	237
877	246
877	393
877	671
877	721
877	757
877	763
877	778
877	824
877	845
877	849
877	876
877	933
877	958
877	981
878	287
878	384
878	555
878	583
878	630
878	660
878	684
878	729
878	730
878	825
878	840
878	915
878	922
878	943
878	971
878	984
879	617
879	714
879	724
879	777
879	874
879	881
879	891
879	899
879	908
879	936
879	937
879	951
879	952
879	978
879	995
879	997
880	51
880	259
880	326
880	355
880	417
880	532
880	538
880	581
880	715
880	718
880	747
880	750
880	756
880	789
880	813
880	872
881	48
881	568
881	594
881	707
881	714
881	724
881	879
881	888
881	891
881	908
881	936
881	937
881	948
881	951
881	952
881	995
882	43
882	525
882	603
882	606
882	757
882	780
882	833
882	840
882	854
882	887
882	927
882	938
882	941
882	947
882	957
882	998
883	61
883	204
883	357
883	609
883	625
883	711
883	769
883	779
883	791
883	823
883	825
883	865
883	906
883	926
883	945
883	967
884	222
884	335
884	360
884	410
884	432
884	514
884	535
884	621
884	698
884	820
884	836
884	855
884	861
884	897
884	921
884	956
885	156
885	391
885	486
885	540
885	565
885	693
885	725
885	736
885	742
885	851
885	886
885	896
885	901
885	949
885	979
885	980
886	57
886	180
886	512
886	565
886	635
886	709
886	736
886	742
886	797
886	851
886	885
886	922
886	949
886	960
886	979
886	980
887	415
887	472
887	476
887	518
887	525
887	603
887	745
887	833
887	840
887	854
887	882
887	927
887	938
887	941
887	947
887	957
888	69
888	195
888	368
888	465
888	740
888	765
888	775
888	803
888	831
888	869
888	881
888	889
888	944
888	948
888	997
888	999
889	34
889	77
889	195
889	590
889	765
889	775
889	780
889	831
889	859
889	869
889	888
889	944
889	948
889	982
889	997
889	999
890	58
890	85
890	294
890	316
890	422
890	453
890	503
890	539
890	599
890	670
890	856
890	863
890	931
890	939
890	942
890	960
891	71
891	374
891	438
891	568
891	602
891	617
891	707
891	714
891	879
891	881
891	908
891	936
891	937
891	951
891	952
891	995
892	130
892	159
892	301
892	392
892	483
892	642
892	647
892	685
892	731
892	773
892	774
892	782
892	826
892	830
892	843
892	939
893	373
893	436
893	607
893	672
893	680
893	847
893	903
893	918
893	935
893	955
893	956
893	969
893	974
893	976
893	992
893	1000
894	145
894	214
894	610
894	788
894	907
894	914
894	919
894	954
894	973
894	982
894	985
894	990
894	991
895	32
895	152
895	310
895	372
895	373
895	494
895	510
895	664
895	739
895	772
895	811
895	900
895	928
895	965
895	972
895	987
896	57
896	180
896	512
896	565
896	615
896	693
896	725
896	736
896	851
896	885
896	901
896	949
896	960
896	968
896	979
896	980
897	110
897	335
897	410
897	509
897	514
897	535
897	621
897	668
897	820
897	836
897	846
897	855
897	861
897	867
897	876
897	884
898	114
898	270
898	487
898	533
898	534
898	561
898	610
898	719
898	733
898	770
898	834
898	864
898	870
898	905
898	913
898	929
899	16
899	334
899	488
899	617
899	650
899	707
899	714
899	724
899	777
899	879
899	908
899	936
899	937
899	951
899	952
899	995
900	306
900	310
900	372
900	373
900	399
900	423
900	469
900	494
900	495
900	510
900	739
900	895
900	931
900	965
900	972
900	987
901	85
901	177
901	180
901	565
901	569
901	635
901	693
901	725
901	742
901	797
901	851
901	885
901	896
901	949
901	979
901	980
902	102
902	233
902	415
902	541
902	553
902	640
902	746
902	758
902	789
902	795
902	857
902	860
902	875
902	923
902	924
902	943
903	93
903	467
903	607
903	612
903	672
903	680
903	847
903	893
903	930
903	935
903	938
903	955
903	956
903	974
903	976
903	992
904	216
904	325
904	345
904	388
904	504
904	622
904	638
904	669
904	793
904	804
904	816
904	822
904	838
904	920
904	940
904	995
905	108
905	137
905	348
905	354
905	526
905	641
905	651
905	695
905	710
905	785
905	806
905	810
905	862
905	898
905	978
905	988
906	143
906	307
906	404
906	437
906	470
906	556
906	618
906	636
906	783
906	799
906	857
906	859
906	883
906	911
906	912
906	950
906	994
907	79
907	198
907	386
907	424
907	558
907	582
907	788
907	852
907	894
907	914
907	919
907	954
907	973
907	982
907	985
907	990
907	991
908	71
908	111
908	452
908	568
908	617
908	724
908	777
908	879
908	881
908	891
908	899
908	936
908	937
908	951
908	966
908	995
908	998
909	246
909	322
909	394
909	468
909	571
909	759
909	776
909	784
909	810
909	850
909	852
909	921
909	930
909	953
909	961
909	986
909	989
910	56
910	99
910	499
910	614
910	653
910	799
910	810
910	842
910	846
910	871
910	920
910	959
910	963
910	966
910	968
910	970
910	983
911	9
911	183
911	307
911	376
911	427
911	442
911	556
911	773
911	783
911	799
911	828
911	857
911	859
911	906
911	912
911	950
911	994
912	183
912	327
912	427
912	442
912	613
912	618
912	636
912	783
912	799
912	828
912	857
912	859
912	876
912	906
912	911
912	950
912	994
913	24
913	114
913	209
913	270
913	487
913	533
913	534
913	589
913	610
913	770
913	784
913	834
913	864
913	870
913	898
913	929
913	936
914	10
914	140
914	311
914	424
914	438
914	558
914	788
914	823
914	894
914	907
914	919
914	954
914	973
914	982
914	985
914	990
914	991
915	101
915	152
915	245
915	352
915	538
915	630
915	652
915	684
915	730
915	784
915	825
915	878
915	922
915	943
915	971
915	984
915	992
916	1
916	84
916	127
916	182
916	216
916	243
916	563
916	642
916	702
916	766
916	779
916	803
916	807
916	848
916	962
916	986
916	993
917	75
917	219
917	241
917	277
917	478
917	511
917	515
917	624
917	626
917	627
917	649
917	661
917	781
917	848
917	925
917	932
917	977
918	33
918	163
918	202
918	370
918	460
918	657
918	723
918	752
918	754
918	769
918	800
918	858
918	893
918	946
918	962
918	975
918	1000
919	421
919	438
919	558
919	770
919	788
919	832
919	894
919	907
919	914
919	934
919	954
919	973
919	982
919	984
919	985
919	990
919	991
920	391
920	467
920	475
920	499
920	527
920	810
920	822
920	842
920	871
920	904
920	910
920	959
920	963
920	966
920	968
920	970
920	983
921	33
921	246
921	394
921	562
921	571
921	600
921	759
921	776
921	784
921	850
921	852
921	884
921	909
921	930
921	953
921	961
921	989
922	245
922	555
922	630
922	652
922	660
922	684
922	729
922	730
922	800
922	825
922	858
922	878
922	886
922	915
922	943
922	971
922	984
923	82
923	102
923	233
923	415
923	541
923	569
923	640
923	746
923	758
923	789
923	795
923	860
923	866
923	875
923	902
923	924
923	928
924	102
924	233
924	415
924	420
924	456
924	541
924	569
924	640
924	720
924	746
924	758
924	789
924	795
924	860
924	875
924	902
924	923
925	18
925	219
925	478
925	511
925	515
925	624
925	626
925	627
925	649
925	661
925	741
925	742
925	917
925	932
925	938
925	977
925	978
926	61
926	109
926	204
926	273
926	547
926	609
926	616
926	625
926	711
926	769
926	791
926	823
926	865
926	883
926	945
926	966
926	967
927	227
927	230
927	296
927	395
927	472
927	603
927	646
927	679
927	745
927	833
927	840
927	882
927	887
927	938
927	947
927	957
927	998
928	330
928	358
928	402
928	412
928	477
928	564
928	677
928	720
928	779
928	796
928	840
928	844
928	846
928	895
928	923
928	934
928	964
929	113
929	114
929	270
929	339
929	487
929	533
929	534
929	589
929	610
929	674
929	770
929	834
929	864
929	870
929	898
929	913
929	991
930	246
930	394
930	551
930	571
930	600
930	626
930	776
930	784
930	850
930	852
930	903
930	909
930	921
930	932
930	953
930	961
930	989
931	58
931	116
931	359
931	422
931	454
931	486
931	503
931	599
931	670
931	768
931	856
931	863
931	890
931	900
931	939
931	942
931	960
931	992
932	75
932	219
932	478
932	511
932	515
932	624
932	626
932	627
932	649
932	661
932	741
932	781
932	917
932	925
932	930
932	964
932	977
932	982
933	87
933	128
933	200
933	327
933	393
933	397
933	422
933	721
933	757
933	763
933	778
933	824
933	829
933	845
933	849
933	876
933	877
933	981
934	330
934	358
934	402
934	412
934	477
934	489
934	564
934	677
934	697
934	723
934	796
934	809
934	844
934	846
934	919
934	928
934	957
934	964
935	157
935	234
935	436
935	479
935	540
935	607
935	612
935	672
935	680
935	847
935	893
935	903
935	955
935	956
935	974
935	976
935	988
935	992
936	48
936	111
936	335
936	385
936	407
936	568
936	707
936	724
936	777
936	879
936	881
936	891
936	899
936	908
936	913
936	951
936	952
936	995
937	48
937	568
937	574
937	617
937	707
937	714
937	724
937	777
937	848
937	864
937	879
937	881
937	891
937	899
937	908
937	951
937	952
937	995
938	43
938	227
938	462
938	525
938	603
938	646
938	745
938	833
938	840
938	882
938	887
938	903
938	925
938	927
938	947
938	957
938	963
938	998
939	116
939	294
939	359
939	420
939	454
939	486
939	503
939	599
939	670
939	768
939	856
939	863
939	890
939	892
939	931
939	942
939	951
939	960
940	124
940	216
940	304
940	325
940	345
940	374
940	504
940	584
940	622
940	638
940	669
940	793
940	804
940	816
940	819
940	822
940	838
940	904
941	43
941	77
941	227
941	296
941	472
941	522
941	525
941	692
941	745
941	821
941	833
941	840
941	854
941	882
941	887
941	947
941	957
941	998
942	85
942	116
942	259
942	294
942	422
942	454
942	486
942	503
942	599
942	647
942	670
942	758
942	856
942	863
942	890
942	931
942	939
942	960
943	101
943	245
943	555
943	630
943	652
943	660
943	684
943	729
943	730
943	762
943	825
943	842
943	878
943	902
943	915
943	922
943	971
943	984
944	77
944	118
944	361
944	368
944	590
944	740
944	750
944	765
944	775
944	780
944	831
944	869
944	870
944	888
944	889
944	948
944	997
944	999
945	98
945	109
945	204
945	357
945	609
945	616
945	622
945	625
945	711
945	759
945	769
945	791
945	823
945	865
945	871
945	883
945	926
945	967
946	33
946	163
946	202
946	248
946	370
946	397
946	460
946	657
946	723
946	752
946	800
946	847
946	858
946	918
946	959
946	962
946	975
946	1000
947	324
947	371
947	472
947	525
947	603
947	646
947	745
947	833
947	840
947	854
947	882
947	887
947	927
947	938
947	941
947	957
947	974
947	998
948	69
948	195
948	368
948	409
948	590
948	618
948	643
948	740
948	765
948	775
948	780
948	869
948	881
948	888
948	889
948	944
948	997
948	999
949	242
949	260
949	418
949	535
949	540
949	565
949	693
949	725
949	736
949	742
949	797
949	851
949	885
949	886
949	896
949	901
949	979
949	980
950	108
950	143
950	183
950	307
950	427
950	470
950	528
950	618
950	636
950	757
950	783
950	799
950	857
950	859
950	906
950	911
950	912
950	981
951	111
951	568
951	617
951	707
951	724
951	732
951	777
951	799
951	879
951	881
951	891
951	899
951	908
951	936
951	937
951	939
951	952
951	995
952	48
952	71
952	111
952	568
952	582
952	617
952	702
952	714
952	777
952	845
952	879
952	881
952	891
952	899
952	936
952	937
952	951
952	995
953	246
953	322
953	356
953	364
953	394
953	571
953	759
953	776
953	784
953	850
953	852
953	853
953	854
953	909
953	921
953	930
953	961
953	989
954	198
954	273
954	359
954	421
954	424
954	438
954	747
954	788
954	863
954	894
954	907
954	914
954	919
954	973
954	982
954	985
954	990
954	991
955	53
955	93
955	234
955	300
955	436
955	672
955	680
955	801
955	847
955	893
955	903
955	935
955	956
955	974
955	976
955	986
955	989
955	992
956	93
956	148
956	234
956	592
956	607
956	612
956	639
956	672
956	680
956	847
956	884
956	893
956	903
956	935
956	955
956	974
956	976
956	992
957	43
957	153
957	284
957	296
957	472
957	603
957	745
957	840
957	854
957	869
957	882
957	887
957	927
957	934
957	938
957	941
957	947
957	998
958	87
958	128
958	393
958	397
958	674
958	721
958	763
958	766
958	768
958	778
958	824
958	829
958	845
958	849
958	856
958	876
958	877
958	981
959	302
959	461
959	499
959	527
959	629
959	653
959	691
959	810
959	842
959	871
959	910
959	920
959	946
959	963
959	966
959	968
959	970
959	983
960	58
960	116
960	294
960	422
960	486
960	503
960	599
960	670
960	768
960	831
960	856
960	863
960	886
960	890
960	896
960	931
960	939
960	942
961	147
961	177
961	322
961	337
961	481
961	571
961	600
961	607
961	759
961	776
961	784
961	795
961	850
961	852
961	909
961	921
961	930
961	953
961	989
962	33
962	38
962	163
962	202
962	248
962	286
962	370
962	460
962	484
962	657
962	723
962	752
962	800
962	858
962	916
962	918
962	946
962	975
962	1000
963	56
963	475
963	499
963	527
963	629
963	653
963	685
963	808
963	810
963	832
963	842
963	871
963	910
963	920
963	938
963	959
963	968
963	970
963	983
964	2
964	330
964	358
964	369
964	402
964	412
964	484
964	489
964	564
964	677
964	697
964	706
964	796
964	809
964	844
964	846
964	928
964	932
964	934
965	112
965	196
965	299
965	306
965	310
965	372
965	423
965	494
965	495
965	498
965	510
965	600
965	664
965	732
965	739
965	811
965	895
965	900
965	972
966	15
966	56
966	365
966	467
966	475
966	499
966	527
966	614
966	810
966	842
966	871
966	908
966	910
966	920
966	926
966	959
966	968
966	970
966	983
967	61
967	109
967	204
967	357
967	358
967	362
967	609
967	616
967	625
967	711
967	769
967	790
967	791
967	823
967	865
967	883
967	926
967	945
967	998
968	56
968	218
968	475
968	527
968	573
968	629
968	653
968	810
968	842
968	871
968	896
968	910
968	920
968	959
968	963
968	966
968	970
968	976
968	983
969	108
969	208
969	348
969	354
969	439
969	464
969	526
969	641
969	651
969	695
969	710
969	771
969	785
969	806
969	862
969	893
969	971
969	978
969	988
970	56
970	164
970	215
970	314
970	467
970	499
970	527
970	614
970	653
970	810
970	842
970	871
970	910
970	920
970	959
970	963
970	966
970	968
970	983
971	101
971	189
971	245
971	503
971	555
971	617
971	630
971	652
971	660
971	684
971	729
971	730
971	825
971	878
971	915
971	922
971	943
971	969
971	984
972	32
972	196
972	299
972	310
972	318
972	372
972	373
972	494
972	495
972	510
972	549
972	664
972	739
972	763
972	857
972	895
972	900
972	965
972	987
973	311
973	359
973	386
973	438
973	558
973	648
973	681
973	742
973	788
973	791
973	894
973	907
973	914
973	919
973	954
973	982
973	985
973	990
973	991
974	53
974	81
974	133
974	234
974	436
974	524
974	607
974	612
974	672
974	680
974	847
974	893
974	903
974	935
974	947
974	955
974	956
974	976
974	992
975	33
975	163
975	202
975	248
975	286
975	308
975	370
975	460
975	589
975	657
975	723
975	752
975	800
975	838
975	858
975	918
975	946
975	962
975	1000
976	53
976	93
976	234
976	305
976	393
976	436
976	607
976	612
976	626
976	672
976	847
976	893
976	903
976	935
976	955
976	956
976	968
976	974
976	992
977	6
977	75
977	219
977	413
977	455
977	478
977	511
977	515
977	624
977	626
977	627
977	649
977	661
977	741
977	781
977	849
977	917
977	925
977	932
978	47
978	348
978	428
978	439
978	526
978	641
978	651
978	695
978	710
978	736
978	738
978	771
978	785
978	806
978	879
978	905
978	925
978	969
978	988
979	250
979	512
979	540
979	565
979	635
979	649
979	693
979	725
979	736
979	742
979	773
979	782
979	797
979	851
979	885
979	886
979	896
979	901
979	949
979	980
980	57
980	180
980	280
980	540
980	544
980	565
980	635
980	654
980	693
980	725
980	742
980	797
980	835
980	851
980	885
980	886
980	896
980	901
980	949
980	979
981	87
981	128
981	393
981	397
981	502
981	663
981	672
981	721
981	757
981	763
981	778
981	824
981	829
981	845
981	849
981	876
981	877
981	933
981	950
981	958
982	198
982	386
982	421
982	424
982	438
982	558
982	742
982	767
982	788
982	889
982	894
982	907
982	914
982	919
982	932
982	954
982	973
982	985
982	990
982	991
983	236
983	333
983	400
983	467
983	475
983	499
983	614
983	629
983	637
983	653
983	810
983	842
983	871
983	910
983	920
983	959
983	963
983	966
983	968
983	970
984	101
984	245
984	352
984	443
984	555
984	630
984	652
984	660
984	684
984	725
984	729
984	730
984	809
984	825
984	878
984	915
984	919
984	922
984	943
984	971
985	94
985	311
985	359
985	386
985	421
985	424
985	558
985	691
985	788
985	816
985	851
985	894
985	907
985	914
985	919
985	954
985	973
985	982
985	990
985	991
986	1
986	127
986	182
986	243
986	279
986	376
986	563
986	642
986	683
986	702
986	766
986	779
986	803
986	807
986	848
986	862
986	909
986	916
986	955
986	993
987	32
987	196
987	299
987	306
987	342
987	372
987	373
987	404
987	423
987	458
987	494
987	495
987	510
987	664
987	739
987	811
987	837
987	895
987	900
987	972
988	47
988	348
988	354
988	439
988	504
988	526
988	571
988	641
988	651
988	695
988	710
988	771
988	785
988	806
988	828
988	862
988	905
988	935
988	969
988	978
989	147
989	177
989	296
989	322
989	394
989	571
989	600
989	759
989	772
989	775
989	776
989	784
989	850
989	852
989	909
989	921
989	930
989	953
989	955
989	961
990	198
990	311
990	359
990	386
990	421
990	424
990	558
990	730
990	788
990	844
990	867
990	894
990	907
990	914
990	919
990	954
990	973
990	982
990	985
990	991
991	16
991	198
991	275
991	311
991	359
991	386
991	421
991	438
991	788
991	825
991	894
991	907
991	914
991	919
991	929
991	954
991	973
991	982
991	985
991	990
992	53
992	93
992	234
992	405
992	436
992	607
992	612
992	672
992	675
992	680
992	847
992	893
992	903
992	915
992	931
992	935
992	955
992	956
992	974
992	976
993	1
993	127
993	182
993	243
993	279
993	319
993	376
993	441
993	563
993	642
993	658
993	702
993	766
993	779
993	803
993	807
993	843
993	848
993	916
993	986
994	143
994	183
994	253
994	328
994	427
994	442
994	470
994	556
994	618
994	636
994	686
994	758
994	783
994	799
994	828
994	857
994	859
994	906
994	911
994	912
995	19
995	111
995	373
995	568
995	617
995	707
995	714
995	724
995	777
995	879
995	881
995	891
995	899
995	904
995	908
995	936
995	937
995	951
995	952
995	996
996	3
996	22
996	95
996	106
996	265
996	267
996	276
996	323
996	545
996	608
996	637
996	639
996	640
996	700
996	746
996	814
996	821
996	841
996	866
996	995
997	69
997	77
997	147
997	195
997	368
997	590
997	656
997	703
997	740
997	765
997	775
997	780
997	831
997	869
997	879
997	888
997	889
997	944
997	948
997	999
998	227
998	296
998	351
998	472
998	525
998	603
998	646
998	720
998	745
998	833
998	840
998	854
998	882
998	908
998	927
998	938
998	941
998	947
998	957
998	967
999	69
999	77
999	174
999	193
999	195
999	330
999	368
999	382
999	590
999	740
999	765
999	775
999	780
999	831
999	869
999	888
999	889
999	944
999	948
999	997
1000	33
1000	163
1000	202
1000	248
1000	286
1000	322
1000	370
1000	405
1000	460
1000	657
1000	723
1000	752
1000	800
1000	829
1000	858
1000	893
1000	918
1000	946
1000	962
1000	975
