1	10
2	9
3	1
4	11
5	1
6	1
7	3
8	12
9	0
10	11
11	6
12	0
13	10
14	12
15	0
16	1
17	9
18	2
19	7
20	1
21	4
22	9
23	11
24	3
25	6
26	11
27	7
28	4
29	5
30	1
31	1
32	10
33	1
34	2
35	0
36	4
37	10
38	10
39	0
40	2
41	3
42	1
43	3
44	3
45	4
46	10
47	4
48	1
49	6
50	7
51	12
52	10
53	2
54	1
55	3
56	8
57	2
58	5
59	6
60	8
61	7
62	0
63	9
64	2
65	5
66	6
67	12
68	4
69	0
70	1
71	0
72	12
73	2
74	1
75	10
76	11
77	10
78	2
79	10
80	6
81	1
82	12
83	4
84	0
85	12
86	2
87	0
88	6
89	9
90	2
91	2
92	7
93	11
94	0
95	1
96	10
97	0
98	9
99	9
100	10
101	9
102	6
103	1
104	1
105	0
106	10
107	9
108	4
109	12
110	10
111	4
112	4
113	7
114	1
115	5
116	2
117	10
118	10
119	10
120	8
121	1
122	1
123	12
124	7
125	7
126	6
127	11
128	0
129	1
130	4
131	11
132	0
133	7
134	9
135	4
136	0
137	1
138	0
139	4
140	4
141	11
142	10
143	0
144	2
145	4
146	2
147	7
148	1
149	1
150	0
151	6
152	4
153	3
154	12
155	0
156	4
157	3
158	7
159	0
160	2
161	7
162	7
163	3
164	5
165	4
166	5
167	7
168	10
169	10
170	7
171	10
172	10
173	9
174	3
175	1
176	12
177	0
178	11
179	4
180	7
181	12
182	0
183	2
184	11
185	3
186	1
187	3
188	4
189	10
190	3
191	7
192	9
193	2
194	4
195	6
196	12
197	4
198	4
199	9
200	9
201	11
202	4
203	10
204	1
205	6
206	9
207	4
208	10
209	8
210	4
211	7
212	7
213	11
214	4
215	12
216	10
217	8
218	12
219	11
220	6
221	10
222	6
223	7
224	4
225	6
226	7
227	10
228	12
229	4
230	7
231	5
232	7
233	3
234	4
235	0
236	4
237	12
238	7
239	4
240	4
241	6
242	10
243	11
244	10
245	5
246	12
247	0
248	4
249	11
250	2
251	5
252	11
253	10
254	6
255	6
256	4
257	9
258	10
259	0
260	1
261	7
262	1
263	10
264	10
265	1
266	11
267	6
268	9
269	2
270	11
271	10
272	1
273	4
274	12
275	2
276	6
277	5
278	11
279	4
280	9
281	6
282	6
283	2
284	0
285	3
286	12
287	0
288	2
289	11
290	6
291	10
292	11
293	0
294	4
295	10
296	4
297	7
298	1
299	7
300	3
301	1
302	10
303	12
304	11
305	8
306	8
307	1
308	1
309	3
310	10
311	10
312	6
313	4
314	0
315	4
316	3
317	6
318	5
319	11
320	4
321	11
322	1
323	10
324	7
325	10
326	7
327	0
328	10
329	7
330	10
331	11
332	10
333	10
334	0
335	8
336	4
337	10
338	10
339	0
340	1
341	0
342	4
343	5
344	0
345	4
346	2
347	3
348	11
349	6
350	0
351	12
352	8
353	11
354	7
355	3
356	1
357	0
358	1
359	7
360	10
361	8
362	10
363	2
364	12
365	0
366	7
367	6
368	9
369	7
370	1
371	0
372	11
373	7
374	9
375	10
376	5
377	7
378	2
379	4
380	3
381	2
382	3
383	10
384	1
385	12
386	4
387	6
388	7
389	11
390	4
391	10
392	7
393	4
394	4
395	10
396	5
397	9
398	3
399	3
400	0
401	12
402	1
403	7
404	10
405	1
406	2
407	6
408	9
409	1
410	4
411	4
412	11
413	3
414	0
415	10
416	3
417	11
418	6
419	4
420	1
421	4
422	2
423	10
424	4
425	2
426	1
427	1
428	10
429	1
430	9
431	4
432	6
433	9
434	10
435	10
436	4
437	12
438	12
439	3
440	7
441	4
442	7
443	5
444	5
445	9
446	8
447	4
448	12
449	11
450	11
451	12
452	6
453	6
454	1
455	7
456	5
457	11
458	0
459	4
460	3
461	11
462	9
463	1
464	4
465	4
466	11
467	3
468	4
469	0
470	8
471	4
472	7
473	4
474	9
475	9
476	2
477	0
478	10
479	6
480	1
481	4
482	10
483	7
484	6
485	3
486	0
487	0
488	3
489	3
490	0
491	2
492	11
493	2
494	11
495	6
496	1
497	4
498	4
499	4
500	12
501	4
502	6
503	4
504	9
505	5
506	12
507	10
508	7
509	10
510	9
511	4
512	11
513	9
514	9
515	7
516	10
517	4
518	9
519	7
520	6
521	1
522	5
523	8
524	7
525	4
526	6
527	4
528	6
529	2
530	7
531	1
532	4
533	4
534	9
535	3
536	12
537	5
538	11
539	10
540	4
541	3
542	1
543	2
544	6
545	7
546	2
547	4
548	7
549	3
550	7
551	1
552	2
553	0
554	4
555	9
556	6
557	10
558	2
559	2
560	1
561	11
562	0
563	12
564	12
565	5
566	0
567	6
568	1
569	7
570	12
571	1
572	0
573	7
574	7
575	10
576	1
577	7
578	4
579	7
580	7
581	2
582	9
583	11
584	3
585	10
586	11
587	3
588	0
589	9
590	11
591	8
592	0
593	0
594	4
595	10
596	0
597	3
598	5
599	10
600	5
601	3
602	12
603	11
604	6
605	9
606	10
607	7
608	1
609	0
610	6
611	7
612	6
613	4
614	11
615	2
616	9
617	3
618	9
619	0
620	3
621	10
622	4
623	7
624	5
625	11
626	11
627	4
628	12
629	9
630	7
631	12
632	11
633	7
634	6
635	6
636	4
637	6
638	12
639	12
640	7
641	2
642	10
643	6
644	11
645	10
646	2
647	5
648	7
649	3
650	0
651	11
652	6
653	7
654	9
655	8
656	1
657	1
658	12
659	2
660	5
661	2
662	4
663	7
664	11
665	4
666	10
667	11
668	2
669	1
670	6
671	8
672	4
673	2
674	9
675	11
676	2
677	10
678	8
679	1
680	8
681	10
682	2
683	4
684	11
685	9
686	0
687	4
688	0
689	1
690	6
691	4
692	6
693	6
694	8
695	12
696	0
697	0
698	2
699	4
700	9
701	6
702	7
703	3
704	1
705	12
706	7
707	4
708	4
709	8
710	7
711	7
712	6
713	9
714	8
715	8
716	1
717	8
718	3
719	0
720	7
721	10
722	6
723	12
724	11
725	8
726	7
727	9
728	7
729	2
730	10
731	7
732	4
733	2
734	8
735	2
736	6
737	12
738	9
739	1
740	1
741	10
742	10
743	7
744	4
745	6
746	6
747	4
748	1
749	1
750	11
751	11
752	10
753	11
754	2
755	8
756	7
757	6
758	9
759	4
760	4
761	6
762	6
763	9
764	12
765	7
766	3
767	4
768	7
769	0
770	4
771	4
772	10
773	9
774	6
775	7
776	12
777	2
778	0
779	2
780	4
781	1
782	8
783	8
784	1
785	7
786	7
787	0
788	4
789	4
790	4
791	4
792	4
793	8
794	6
795	1
796	11
797	8
798	2
799	5
800	6
801	1
802	1
803	2
804	2
805	2
806	2
807	0
808	1
809	7
810	0
811	6
812	1
813	1
814	6
815	1
816	6
817	7
818	1
819	1
820	6
821	4
822	9
823	11
824	2
825	10
826	12
827	0
828	10
829	1
830	12
831	12
832	0
833	10
834	3
835	1
836	6
837	11
838	6
839	11
840	2
841	7
842	4
843	12
844	2
845	3
846	1
847	11
848	10
849	6
850	12
851	5
852	7
853	7
854	7
855	2
856	4
857	10
858	6
859	5
860	11
861	10
862	1
863	5
864	5
865	3
866	12
867	8
868	1
869	7
870	6
871	12
872	12
873	6
874	11
875	6
876	10
877	9
878	5
879	10
880	1
881	2
882	1
883	5
884	7
885	4
886	10
887	4
888	12
889	12
890	1
891	10
892	11
893	1
894	9
895	0
896	4
897	11
898	3
899	6
900	0
901	1
902	6
903	1
904	7
905	2
906	2
907	0
908	11
909	4
910	1
911	0
912	1
913	6
914	7
915	5
916	7
917	8
918	11
919	4
920	4
921	3
922	1
923	9
924	0
925	5
926	12
927	0
928	2
929	10
930	6
931	1
932	1
933	12
934	1
935	9
936	7
937	1
938	12
939	8
940	7
941	4
942	3
943	6
944	0
945	0
946	11
947	5
948	1
949	2
950	6
951	9
952	1
953	3
954	2
955	7
956	3
957	11
958	9
959	0
960	12
961	1
962	2
963	0
964	12
965	7
966	1
967	11
968	7
969	8
970	9
971	8
972	3
973	0
974	3
975	3
976	10
977	4
978	7
979	10
980	1
981	10
982	10
983	12
984	2
985	10
986	3
987	0
988	7
989	10
990	6
991	12
992	4
993	3
994	9
995	11
996	7
997	6
998	4
999	1
1000	4
