1	31
2	27
3	37
4	3
5	28
6	26
7	26
8	26
9	22
10	26
11	6
12	26
13	29
14	2
15	6
16	26
17	26
18	21
19	26
20	26
21	31
22	26
23	26
24	26
25	26
26	21
27	21
28	26
29	37
30	11
31	22
32	3
33	26
34	32
35	29
36	37
37	26
38	0
39	26
40	26
41	19
42	0
43	30
44	21
45	20
46	26
47	5
48	26
49	20
50	5
51	26
52	38
53	26
54	26
55	26
56	26
57	26
58	25
59	26
60	26
61	35
62	27
63	26
64	32
65	25
66	5
67	26
68	26
69	26
70	26
71	33
72	26
73	35
74	26
75	26
76	26
77	11
78	5
79	26
80	26
81	21
82	26
83	22
84	26
85	26
86	22
87	26
88	30
89	26
90	22
91	30
92	26
93	26
94	26
95	20
96	26
97	26
98	36
99	26
100	26
101	22
102	13
103	31
104	26
105	26
106	26
107	26
108	26
109	30
110	26
111	26
112	28
113	2
114	26
115	26
116	16
117	9
118	9
119	19
120	26
121	33
122	26
123	26
124	26
125	14
126	14
127	33
128	26
129	16
130	21
131	31
132	22
133	26
134	0
135	26
136	26
137	2
138	26
139	36
140	26
141	5
142	38
143	3
144	26
145	38
146	25
147	32
148	31
149	6
150	33
151	26
152	35
153	36
154	6
155	26
156	5
157	9
158	33
159	31
160	9
161	26
162	20
163	29
164	35
165	29
166	32
167	26
168	29
169	26
170	22
171	26
172	25
173	26
174	9
175	26
176	6
177	11
178	26
179	9
180	33
181	26
182	26
183	21
184	26
185	36
186	21
187	26
188	31
189	11
190	21
191	26
192	26
193	26
194	26
195	5
196	5
197	14
198	0
199	26
200	26
201	26
202	6
203	26
204	3
205	16
206	5
207	5
208	5
209	11
210	34
211	20
212	27
213	5
214	9
215	18
216	6
217	20
218	25
219	2
220	37
221	4
222	26
223	11
224	30
225	16
226	16
227	19
228	26
229	19
230	20
231	26
232	26
233	24
234	5
235	26
236	33
237	24
238	6
239	26
240	25
241	23
242	0
243	26
244	21
245	27
246	31
247	30
248	32
249	38
250	36
251	27
252	35
253	26
254	19
255	14
256	26
257	3
258	24
259	26
260	2
261	2
262	32
263	26
264	26
265	21
266	22
267	26
268	26
269	16
270	5
271	11
272	25
273	26
274	36
275	2
276	29
277	16
278	18
279	26
280	26
281	26
282	20
283	5
284	2
285	32
286	3
287	5
288	24
289	26
290	4
291	34
292	0
293	20
294	21
295	28
296	9
297	25
298	5
299	13
300	5
301	5
302	38
303	36
304	14
305	9
306	15
307	29
308	26
309	36
310	5
311	10
312	20
313	26
314	2
315	5
316	21
317	5
318	9
319	3
320	22
321	26
322	11
323	18
324	34
325	22
326	28
327	26
328	13
329	34
330	16
331	5
332	35
333	13
334	30
335	26
336	28
337	16
338	26
339	9
340	30
341	2
342	20
343	21
344	19
345	21
346	22
347	9
348	11
349	6
350	9
351	26
352	26
353	26
354	11
355	2
356	26
357	26
358	0
359	18
360	3
361	13
362	19
363	37
364	31
365	28
366	9
367	2
368	18
369	4
370	9
371	21
372	2
373	12
374	0
375	5
376	4
377	5
378	2
379	18
380	21
381	26
382	31
383	18
384	9
385	2
386	6
387	34
388	33
389	9
390	5
391	26
392	25
393	32
394	22
395	38
396	10
397	11
398	32
399	31
400	10
401	27
402	21
403	20
404	38
405	38
406	20
407	29
408	19
409	33
410	18
411	20
412	4
413	4
414	24
415	26
416	37
417	9
418	27
419	15
420	26
421	9
422	31
423	9
424	17
425	31
426	5
427	38
428	6
429	26
430	11
431	13
432	26
433	9
434	18
435	33
436	6
437	5
438	9
439	36
440	9
441	13
442	5
443	1
444	36
445	11
446	10
447	2
448	26
449	21
450	3
451	5
452	26
453	26
454	5
455	3
456	31
457	35
458	26
459	34
460	21
461	28
462	16
463	33
464	12
465	29
466	5
467	2
468	6
469	26
470	24
471	5
472	24
473	26
474	23
475	22
476	38
477	24
478	3
479	9
480	18
481	9
482	23
483	36
484	30
485	28
486	14
487	14
488	19
489	35
490	10
491	27
492	30
493	5
494	21
495	2
496	9
497	5
498	24
499	19
500	0
501	3
502	16
503	24
504	16
505	5
506	25
507	26
508	13
509	18
510	0
511	8
512	6
513	3
514	5
515	15
516	5
517	25
518	34
519	33
520	14
521	27
522	3
523	34
524	18
525	20
526	9
527	19
528	5
529	19
530	13
531	34
532	18
533	6
534	1
535	20
536	37
537	5
538	10
539	11
540	5
541	26
542	2
543	27
544	13
545	10
546	15
547	6
548	27
549	9
550	27
551	5
552	5
553	11
554	14
555	25
556	6
557	34
558	13
559	38
560	2
561	26
562	5
563	13
564	12
565	0
566	9
567	12
568	4
569	4
570	26
571	29
572	20
573	34
574	10
575	9
576	34
577	19
578	5
579	4
580	23
581	32
582	36
583	16
584	34
585	1
586	25
587	6
588	16
589	22
590	2
591	8
592	13
593	28
594	21
595	5
596	26
597	29
598	10
599	20
600	31
601	35
602	12
603	1
604	22
605	23
606	8
607	6
608	37
609	9
610	25
611	34
612	34
613	2
614	5
615	2
616	10
617	5
618	8
619	19
620	6
621	34
622	17
623	29
624	16
625	15
626	28
627	2
628	6
629	10
630	25
631	16
632	13
633	6
634	30
635	5
636	20
637	10
638	35
639	31
640	12
641	6
642	30
643	20
644	33
645	15
646	37
647	3
648	28
649	9
650	5
651	28
652	1
653	20
654	23
655	37
656	4
657	18
658	2
659	25
660	16
661	4
662	18
663	5
664	24
665	3
666	15
667	5
668	3
669	18
670	38
671	25
672	10
673	11
674	27
675	6
676	1
677	25
678	16
679	16
680	37
681	17
682	13
683	34
684	3
685	1
686	37
687	3
688	17
689	21
690	0
691	18
692	30
693	5
694	32
695	17
696	5
697	9
698	25
699	18
700	13
701	14
702	23
703	22
704	23
705	13
706	33
707	36
708	26
709	17
710	5
711	18
712	11
713	1
714	21
715	21
716	33
717	28
718	14
719	15
720	6
721	17
722	8
723	13
724	6
725	28
726	9
727	24
728	13
729	11
730	12
731	11
732	27
733	31
734	20
735	35
736	12
737	13
738	29
739	8
740	1
741	17
742	20
743	13
744	33
745	20
746	37
747	20
748	29
749	5
750	29
751	4
752	10
753	28
754	8
755	30
756	10
757	20
758	13
759	20
760	6
761	18
762	6
763	6
764	13
765	2
766	20
767	29
768	7
769	9
770	20
771	8
772	35
773	31
774	2
775	5
776	24
777	10
778	2
779	19
780	29
781	33
782	12
783	15
784	10
785	14
786	20
787	36
788	15
789	2
790	19
791	20
792	8
793	5
794	16
795	1
796	5
797	27
798	9
799	10
800	16
801	8
802	3
803	33
804	19
805	6
806	16
807	24
808	30
809	21
810	34
811	24
812	14
813	29
814	5
815	23
816	2
817	0
818	2
819	0
820	9
821	12
822	1
823	5
824	18
825	27
826	27
827	11
828	30
829	34
830	2
831	15
832	16
833	5
834	6
835	17
836	19
837	2
838	6
839	9
840	34
841	12
842	29
843	5
844	19
845	21
846	19
847	4
848	36
849	18
850	28
851	31
852	20
853	27
854	34
855	0
856	2
857	27
858	15
859	13
860	15
861	21
862	9
863	29
864	34
865	18
866	0
867	11
868	6
869	9
870	15
871	15
872	13
873	36
874	15
875	8
876	33
877	23
878	34
879	6
880	9
881	9
882	1
883	5
884	18
885	13
886	12
887	1
888	16
889	5
890	16
891	4
892	2
893	25
894	33
895	6
896	10
897	30
898	13
899	1
900	34
901	17
902	4
903	9
904	9
905	17
906	8
907	9
908	4
909	22
910	4
911	20
912	5
913	7
914	12
915	15
916	31
917	6
918	19
919	18
920	34
921	22
922	3
923	20
924	11
925	19
926	19
927	36
928	17
929	19
930	19
931	23
932	18
933	7
934	17
935	27
936	3
937	17
938	31
939	4
940	8
941	1
942	5
943	12
944	5
945	5
946	34
947	23
948	8
949	18
950	5
951	6
952	23
953	17
954	10
955	5
956	8
957	7
958	12
959	8
960	13
961	10
962	20
963	19
964	17
965	17
966	15
967	2
968	12
969	7
970	12
971	2
972	4
973	16
974	7
975	25
976	34
977	15
978	2
979	18
980	13
981	11
982	8
983	8
984	1
985	7
986	1
987	6
988	21
989	1
990	27
991	17
992	8
993	12
994	13
995	7
996	10
997	8
998	6
999	7
1000	10
