1	15
2	28
3	7
4	7
5	22
6	17
7	16
8	8
9	7
10	7
11	12
12	7
13	7
14	26
15	27
16	7
17	25
18	1
19	18
20	9
21	24
22	1
23	11
24	17
25	13
26	4
27	21
28	11
29	33
30	19
31	19
32	11
33	7
34	25
35	7
36	24
37	4
38	7
39	15
40	29
41	3
42	33
43	7
44	15
45	4
46	25
47	22
48	15
49	7
50	13
51	22
52	2
53	16
54	18
55	27
56	24
57	27
58	27
59	7
60	8
61	27
62	7
63	2
64	7
65	7
66	7
67	7
68	7
69	2
70	22
71	4
72	7
73	7
74	27
75	7
76	7
77	7
78	7
79	3
80	30
81	14
82	7
83	11
84	2
85	11
86	7
87	7
88	4
89	7
90	16
91	33
92	7
93	7
94	18
95	30
96	9
97	12
98	22
99	7
100	30
101	7
102	18
103	7
104	7
105	7
106	27
107	7
108	21
109	11
110	18
111	9
112	24
113	9
114	20
115	7
116	7
117	31
118	20
119	27
120	15
121	24
122	11
123	31
124	11
125	5
126	21
127	30
128	19
129	16
130	7
131	7
132	19
133	19
134	7
135	4
136	7
137	22
138	7
139	14
140	21
141	8
142	10
143	7
144	24
145	12
146	3
147	15
148	23
149	7
150	27
151	7
152	9
153	1
154	15
155	20
156	13
157	17
158	9
159	8
160	10
161	7
162	18
163	7
164	19
165	31
166	10
167	9
168	9
169	19
170	21
171	15
172	20
173	28
174	15
175	28
176	7
177	27
178	23
179	25
180	7
181	33
182	25
183	7
184	4
185	7
186	4
187	7
188	27
189	10
190	7
191	15
192	7
193	5
194	11
195	2
196	31
197	7
198	7
199	7
200	19
201	7
202	31
203	7
204	26
205	13
206	21
207	5
208	4
209	12
210	33
211	19
212	4
213	7
214	19
215	7
216	29
217	18
218	2
219	1
220	12
221	31
222	20
223	12
224	15
225	30
226	19
227	33
228	31
229	16
230	20
231	29
232	7
233	4
234	25
235	13
236	11
237	7
238	29
239	7
240	5
241	7
242	21
243	19
244	11
245	21
246	10
247	2
248	3
249	20
250	9
251	33
252	13
253	11
254	5
255	4
256	25
257	21
258	7
259	10
260	31
261	26
262	1
263	29
264	8
265	19
266	7
267	10
268	30
269	27
270	1
271	12
272	2
273	21
274	9
275	13
276	4
277	24
278	11
279	7
280	33
281	4
282	14
283	12
284	27
285	29
286	33
287	3
288	5
289	15
290	16
291	7
292	15
293	7
294	6
295	15
296	7
297	7
298	7
299	19
300	2
301	7
302	22
303	13
304	10
305	7
306	16
307	7
308	10
309	27
310	28
311	2
312	10
313	15
314	9
315	13
316	21
317	27
318	12
319	7
320	3
321	14
322	19
323	26
324	5
325	21
326	21
327	11
328	33
329	18
330	4
331	25
332	13
333	5
334	10
335	26
336	9
337	7
338	9
339	15
340	16
341	30
342	11
343	10
344	27
345	14
346	33
347	1
348	25
349	27
350	14
351	3
352	21
353	28
354	4
355	5
356	18
357	21
358	2
359	2
360	27
361	8
362	19
363	24
364	16
365	7
366	26
367	15
368	11
369	4
370	31
371	21
372	28
373	1
374	5
375	10
376	27
377	7
378	12
379	21
380	7
381	17
382	29
383	13
384	13
385	6
386	16
387	6
388	7
389	26
390	7
391	7
392	27
393	21
394	13
395	14
396	18
397	14
398	12
399	5
400	28
401	31
402	25
403	6
404	1
405	25
406	31
407	3
408	21
409	20
410	1
411	27
412	14
413	17
414	23
415	18
416	22
417	7
418	4
419	3
420	7
421	6
422	31
423	12
424	16
425	6
426	10
427	10
428	7
429	12
430	11
431	20
432	0
433	16
434	18
435	26
436	27
437	4
438	27
439	27
440	29
441	6
442	7
443	27
444	5
445	3
446	7
447	5
448	5
449	7
450	12
451	13
452	25
453	11
454	9
455	4
456	21
457	25
458	7
459	21
460	25
461	4
462	31
463	20
464	23
465	9
466	16
467	12
468	4
469	7
470	21
471	10
472	17
473	7
474	0
475	10
476	2
477	20
478	33
479	1
480	23
481	9
482	27
483	16
484	24
485	10
486	2
487	7
488	29
489	2
490	33
491	7
492	20
493	4
494	29
495	9
496	13
497	11
498	21
499	24
500	3
501	11
502	7
503	14
504	27
505	15
506	6
507	24
508	26
509	17
510	6
511	3
512	7
513	6
514	14
515	27
516	27
517	23
518	1
519	15
520	22
521	25
522	7
523	23
524	0
525	5
526	5
527	23
528	33
529	27
530	17
531	6
532	22
533	22
534	19
535	22
536	14
537	8
538	26
539	24
540	15
541	11
542	31
543	19
544	14
545	11
546	21
547	33
548	12
549	31
550	7
551	9
552	21
553	15
554	21
555	32
556	3
557	5
558	21
559	10
560	10
561	22
562	1
563	32
564	10
565	6
566	14
567	6
568	6
569	28
570	24
571	27
572	25
573	12
574	23
575	25
576	34
577	18
578	14
579	12
580	28
581	11
582	12
583	8
584	2
585	24
586	17
587	15
588	10
589	31
590	15
591	6
592	15
593	6
594	13
595	19
596	2
597	31
598	7
599	9
600	13
601	11
602	2
603	30
604	14
605	2
606	12
607	3
608	6
609	0
610	14
611	27
612	3
613	34
614	22
615	3
616	19
617	21
618	1
619	20
620	19
621	15
622	28
623	0
624	23
625	21
626	10
627	4
628	4
629	32
630	2
631	33
632	17
633	9
634	25
635	3
636	30
637	18
638	0
639	6
640	10
641	3
642	9
643	11
644	12
645	26
646	2
647	21
648	1
649	11
650	9
651	15
652	27
653	29
654	10
655	9
656	26
657	1
658	29
659	19
660	20
661	14
662	2
663	32
664	32
665	11
666	0
667	0
668	27
669	32
670	16
671	27
672	23
673	11
674	22
675	30
676	13
677	17
678	33
679	15
680	10
681	12
682	23
683	10
684	32
685	23
686	15
687	20
688	3
689	6
690	29
691	8
692	5
693	6
694	5
695	0
696	17
697	25
698	29
699	14
700	31
701	1
702	33
703	21
704	12
705	8
706	25
707	4
708	32
709	16
710	6
711	3
712	9
713	32
714	21
715	8
716	32
717	8
718	8
719	22
720	11
721	32
722	31
723	33
724	2
725	20
726	8
727	21
728	3
729	34
730	6
731	12
732	5
733	14
734	33
735	6
736	17
737	15
738	12
739	2
740	8
741	17
742	8
743	33
744	14
745	31
746	20
747	12
748	26
749	10
750	12
751	32
752	20
753	15
754	26
755	6
756	15
757	0
758	32
759	26
760	14
761	20
762	10
763	2
764	11
765	11
766	11
767	4
768	29
769	29
770	31
771	15
772	31
773	6
774	8
775	15
776	34
777	19
778	12
779	0
780	26
781	13
782	0
783	5
784	0
785	31
786	1
787	12
788	4
789	21
790	29
791	6
792	6
793	15
794	9
795	0
796	25
797	0
798	6
799	27
800	14
801	8
802	31
803	4
804	9
805	27
806	21
807	31
808	14
809	34
810	0
811	23
812	14
813	2
814	2
815	22
816	0
817	9
818	2
819	6
820	0
821	6
822	0
823	13
824	19
825	5
826	14
827	32
828	3
829	21
830	24
831	14
832	20
833	27
834	15
835	5
836	8
837	34
838	34
839	4
840	27
841	0
842	1
843	19
844	11
845	0
846	19
847	10
848	10
849	21
850	6
851	27
852	14
853	19
854	14
855	32
856	15
857	6
858	31
859	1
860	10
861	15
862	20
863	31
864	1
865	0
866	21
867	4
868	19
869	11
870	0
871	4
872	24
873	27
874	4
875	8
876	32
877	0
878	19
879	16
880	22
881	6
882	4
883	34
884	2
885	19
886	10
887	5
888	11
889	34
890	1
891	26
892	11
893	4
894	15
895	15
896	32
897	11
898	1
899	6
900	10
901	24
902	26
903	3
904	3
905	27
906	14
907	34
908	8
909	19
910	21
911	29
912	32
913	32
914	2
915	6
916	19
917	0
918	5
919	21
920	0
921	12
922	10
923	27
924	14
925	32
926	15
927	19
928	34
929	21
930	10
931	34
932	32
933	20
934	25
935	12
936	0
937	2
938	12
939	2
940	5
941	0
942	12
943	3
944	14
945	0
946	14
947	20
948	12
949	20
950	32
951	32
952	4
953	0
954	6
955	25
956	3
957	12
958	10
959	31
960	10
961	9
962	21
963	19
964	6
965	27
966	12
967	0
968	13
969	5
970	34
971	15
972	0
973	34
974	21
975	6
976	34
977	21
978	33
979	10
980	14
981	11
982	32
983	21
984	14
985	32
986	2
987	12
988	6
989	14
990	0
991	32
992	2
993	20
994	6
995	0
996	9
997	27
998	9
999	32
1000	12
