1	32
2	32
3	23
4	32
5	2
6	32
7	32
8	32
9	20
10	20
11	32
12	32
13	32
14	2
15	32
16	33
17	32
18	21
19	32
20	14
21	24
22	32
23	32
24	12
25	32
26	32
27	32
28	32
29	23
30	3
31	32
32	32
33	32
34	32
35	32
36	23
37	32
38	33
39	32
40	32
41	32
42	34
43	17
44	32
45	32
46	32
47	16
48	32
49	21
50	32
51	31
52	32
53	6
54	32
55	32
56	32
57	32
58	13
59	32
60	9
61	1
62	35
63	32
64	30
65	32
66	5
67	32
68	32
69	32
70	32
71	33
72	0
73	9
74	8
75	30
76	32
77	32
78	32
79	32
80	32
81	12
82	35
83	32
84	32
85	32
86	33
87	32
88	32
89	32
90	21
91	32
92	9
93	5
94	0
95	32
96	31
97	32
98	1
99	32
100	16
101	2
102	25
103	31
104	2
105	32
106	32
107	32
108	12
109	32
110	32
111	1
112	8
113	6
114	20
115	8
116	32
117	23
118	1
119	32
120	9
121	32
122	32
123	14
124	18
125	30
126	5
127	25
128	32
129	13
130	12
131	21
132	32
133	18
134	32
135	32
136	17
137	28
138	0
139	32
140	32
141	32
142	14
143	20
144	32
145	32
146	14
147	25
148	32
149	32
150	14
151	30
152	9
153	27
154	32
155	0
156	16
157	32
158	1
159	14
160	1
161	16
162	32
163	9
164	5
165	32
166	32
167	20
168	32
169	32
170	0
171	28
172	12
173	32
174	32
175	20
176	32
177	12
178	32
179	32
180	21
181	32
182	17
183	32
184	32
185	32
186	32
187	0
188	17
189	1
190	14
191	17
192	6
193	20
194	35
195	24
196	1
197	24
198	32
199	1
200	6
201	32
202	32
203	32
204	32
205	30
206	16
207	32
208	32
209	5
210	12
211	12
212	33
213	32
214	8
215	32
216	18
217	35
218	1
219	28
220	8
221	20
222	32
223	13
224	1
225	31
226	6
227	4
228	21
229	1
230	32
231	29
232	18
233	6
234	34
235	16
236	32
237	33
238	1
239	30
240	3
241	13
242	32
243	9
244	1
245	31
246	23
247	5
248	14
249	31
250	32
251	13
252	2
253	32
254	25
255	20
256	32
257	29
258	18
259	24
260	32
261	32
262	24
263	5
264	32
265	21
266	35
267	4
268	3
269	24
270	32
271	32
272	9
273	32
274	32
275	17
276	32
277	6
278	31
279	17
280	32
281	28
282	2
283	32
284	32
285	32
286	13
287	18
288	34
289	32
290	12
291	21
292	32
293	1
294	6
295	28
296	21
297	32
298	32
299	2
300	31
301	20
302	21
303	7
304	1
305	32
306	2
307	32
308	3
309	18
310	20
311	32
312	14
313	0
314	20
315	6
316	12
317	2
318	32
319	32
320	13
321	21
322	32
323	18
324	35
325	0
326	9
327	2
328	9
329	32
330	32
331	13
332	4
333	24
334	16
335	2
336	14
337	32
338	14
339	8
340	32
341	32
342	32
343	20
344	32
345	20
346	32
347	25
348	30
349	32
350	1
351	15
352	5
353	27
354	1
355	28
356	29
357	30
358	0
359	16
360	32
361	6
362	33
363	5
364	15
365	6
366	35
367	24
368	27
369	2
370	16
371	34
372	1
373	34
374	31
375	8
376	32
377	11
378	27
379	32
380	18
381	7
382	0
383	18
384	14
385	10
386	34
387	7
388	31
389	3
390	25
391	13
392	7
393	14
394	32
395	18
396	32
397	34
398	2
399	32
400	20
401	35
402	5
403	8
404	11
405	27
406	35
407	34
408	6
409	12
410	18
411	27
412	20
413	13
414	8
415	12
416	31
417	13
418	3
419	8
420	16
421	34
422	31
423	2
424	14
425	1
426	16
427	27
428	2
429	31
430	31
431	3
432	4
433	6
434	2
435	7
436	32
437	25
438	32
439	32
440	1
441	27
442	34
443	13
444	30
445	28
446	32
447	23
448	1
449	18
450	8
451	32
452	36
453	29
454	7
455	14
456	24
457	18
458	11
459	8
460	23
461	31
462	14
463	2
464	6
465	32
466	7
467	32
468	3
469	3
470	30
471	2
472	31
473	14
474	20
475	32
476	30
477	36
478	14
479	4
480	15
481	21
482	3
483	17
484	4
485	32
486	33
487	32
488	32
489	32
490	15
491	29
492	3
493	3
494	31
495	10
496	30
497	12
498	3
499	1
500	30
501	14
502	6
503	18
504	32
505	20
506	3
507	33
508	16
509	24
510	29
511	32
512	0
513	20
514	4
515	29
516	4
517	18
518	29
519	29
520	25
521	0
522	1
523	35
524	32
525	24
526	30
527	14
528	7
529	36
530	32
531	15
532	30
533	1
534	32
535	21
536	6
537	32
538	15
539	4
540	1
541	10
542	31
543	32
544	31
545	11
546	24
547	34
548	29
549	31
550	14
551	32
552	3
553	3
554	3
555	3
556	9
557	1
558	31
559	23
560	35
561	31
562	32
563	7
564	1
565	31
566	1
567	15
568	15
569	27
570	8
571	32
572	2
573	7
574	35
575	1
576	14
577	9
578	35
579	6
580	16
581	16
582	23
583	23
584	18
585	36
586	8
587	36
588	21
589	3
590	33
591	2
592	23
593	29
594	29
595	28
596	32
597	3
598	36
599	34
600	14
601	24
602	5
603	31
604	32
605	36
606	11
607	30
608	1
609	34
610	1
611	28
612	28
613	32
614	31
615	32
616	3
617	30
618	29
619	36
620	14
621	31
622	1
623	29
624	1
625	11
626	31
627	11
628	2
629	24
630	19
631	30
632	19
633	23
634	32
635	0
636	19
637	10
638	25
639	30
640	29
641	31
642	7
643	16
644	14
645	9
646	7
647	14
648	32
649	2
650	35
651	21
652	27
653	18
654	32
655	1
656	18
657	9
658	31
659	14
660	15
661	14
662	11
663	3
664	2
665	19
666	2
667	0
668	18
669	25
670	1
671	1
672	19
673	11
674	14
675	19
676	17
677	10
678	6
679	32
680	18
681	36
682	3
683	11
684	4
685	36
686	19
687	17
688	22
689	18
690	36
691	16
692	29
693	16
694	2
695	31
696	2
697	34
698	16
699	7
700	33
701	20
702	25
703	17
704	35
705	28
706	4
707	34
708	29
709	1
710	24
711	6
712	18
713	9
714	24
715	15
716	34
717	22
718	23
719	14
720	29
721	8
722	25
723	6
724	2
725	8
726	8
727	15
728	11
729	31
730	25
731	14
732	30
733	18
734	31
735	15
736	18
737	18
738	29
739	14
740	8
741	19
742	6
743	22
744	34
745	9
746	35
747	15
748	34
749	31
750	34
751	4
752	0
753	4
754	23
755	35
756	8
757	33
758	15
759	26
760	6
761	4
762	36
763	22
764	2
765	11
766	13
767	33
768	14
769	14
770	3
771	30
772	36
773	17
774	18
775	13
776	34
777	29
778	18
779	4
780	24
781	29
782	36
783	9
784	15
785	15
786	8
787	11
788	4
789	20
790	10
791	22
792	2
793	3
794	14
795	9
796	18
797	22
798	32
799	30
800	18
801	10
802	29
803	1
804	31
805	22
806	8
807	19
808	18
809	7
810	30
811	32
812	11
813	6
814	18
815	2
816	18
817	20
818	10
819	4
820	29
821	36
822	6
823	31
824	11
825	30
826	9
827	18
828	1
829	14
830	36
831	36
832	30
833	32
834	3
835	9
836	15
837	2
838	29
839	2
840	32
841	1
842	10
843	14
844	31
845	19
846	0
847	24
848	4
849	22
850	7
851	4
852	20
853	30
854	31
855	6
856	21
857	34
858	4
859	2
860	21
861	13
862	13
863	7
864	7
865	18
866	7
867	18
868	11
869	20
870	1
871	7
872	2
873	11
874	15
875	19
876	4
877	3
878	34
879	19
880	10
881	18
882	36
883	4
884	0
885	11
886	1
887	30
888	29
889	0
890	24
891	29
892	8
893	22
894	31
895	31
896	18
897	15
898	0
899	16
900	6
901	11
902	3
903	13
904	13
905	36
906	29
907	19
908	8
909	19
910	36
911	1
912	4
913	31
914	10
915	4
916	8
917	6
918	1
919	31
920	30
921	19
922	29
923	18
924	36
925	6
926	36
927	4
928	22
929	35
930	11
931	7
932	36
933	8
934	22
935	11
936	14
937	20
938	30
939	36
940	36
941	19
942	30
943	22
944	16
945	18
946	22
947	3
948	26
949	2
950	3
951	15
952	31
953	14
954	9
955	26
956	18
957	15
958	15
959	19
960	3
961	1
962	1
963	4
964	34
965	20
966	22
967	24
968	29
969	11
970	15
971	19
972	31
973	1
974	36
975	15
976	26
977	31
978	19
979	14
980	29
981	3
982	29
983	6
984	31
985	20
986	4
987	19
988	26
989	4
990	29
991	3
992	11
993	26
994	3
995	29
996	19
997	2
998	36
999	26
1000	7
