1	6
2	16
3	6
4	6
5	23
6	6
7	29
8	15
9	16
10	24
11	6
12	23
13	22
14	6
15	6
16	20
17	35
18	15
19	6
20	6
21	27
22	6
23	23
24	33
25	6
26	16
27	15
28	6
29	4
30	6
31	15
32	6
33	20
34	6
35	7
36	29
37	21
38	23
39	33
40	15
41	21
42	4
43	6
44	6
45	11
46	6
47	6
48	0
49	22
50	32
51	6
52	7
53	6
54	23
55	6
56	6
57	6
58	6
59	2
60	27
61	27
62	6
63	6
64	6
65	22
66	6
67	28
68	21
69	4
70	6
71	15
72	26
73	6
74	6
75	6
76	2
77	33
78	29
79	35
80	6
81	29
82	6
83	26
84	22
85	6
86	7
87	6
88	20
89	6
90	20
91	4
92	2
93	26
94	26
95	6
96	14
97	6
98	6
99	33
100	6
101	6
102	6
103	6
104	28
105	6
106	6
107	6
108	6
109	6
110	6
111	6
112	23
113	16
114	7
115	26
116	6
117	6
118	6
119	17
120	24
121	11
122	0
123	32
124	6
125	14
126	28
127	6
128	6
129	6
130	26
131	31
132	33
133	32
134	17
135	6
136	0
137	16
138	4
139	14
140	6
141	15
142	28
143	17
144	29
145	6
146	26
147	23
148	28
149	6
150	14
151	20
152	24
153	6
154	26
155	2
156	6
157	28
158	28
159	4
160	6
161	6
162	26
163	6
164	7
165	6
166	29
167	6
168	23
169	6
170	6
171	23
172	6
173	30
174	6
175	16
176	26
177	4
178	27
179	33
180	6
181	6
182	29
183	6
184	6
185	7
186	19
187	11
188	2
189	14
190	22
191	6
192	11
193	26
194	23
195	29
196	6
197	6
198	6
199	31
200	6
201	32
202	20
203	19
204	0
205	28
206	6
207	6
208	6
209	6
210	26
211	16
212	14
213	13
214	23
215	35
216	0
217	3
218	6
219	14
220	26
221	6
222	13
223	14
224	14
225	6
226	23
227	7
228	6
229	35
230	30
231	6
232	24
233	6
234	14
235	33
236	6
237	35
238	35
239	15
240	17
241	6
242	0
243	35
244	14
245	19
246	6
247	17
248	0
249	20
250	23
251	17
252	20
253	6
254	6
255	7
256	3
257	6
258	20
259	6
260	14
261	17
262	26
263	14
264	6
265	30
266	27
267	6
268	4
269	30
270	24
271	35
272	23
273	35
274	28
275	35
276	2
277	7
278	21
279	6
280	6
281	6
282	6
283	17
284	26
285	2
286	26
287	6
288	22
289	2
290	15
291	14
292	6
293	6
294	4
295	6
296	35
297	2
298	2
299	6
300	7
301	35
302	6
303	35
304	6
305	4
306	22
307	23
308	31
309	13
310	6
311	6
312	7
313	13
314	13
315	2
316	6
317	30
318	20
319	15
320	28
321	6
322	31
323	16
324	6
325	26
326	0
327	6
328	21
329	14
330	6
331	7
332	16
333	6
334	6
335	6
336	26
337	6
338	16
339	27
340	26
341	26
342	6
343	33
344	20
345	22
346	21
347	7
348	27
349	4
350	16
351	6
352	23
353	6
354	11
355	13
356	19
357	6
358	22
359	6
360	26
361	11
362	32
363	7
364	6
365	22
366	30
367	20
368	14
369	10
370	24
371	6
372	6
373	6
374	17
375	2
376	4
377	7
378	4
379	14
380	27
381	11
382	20
383	15
384	27
385	6
386	17
387	3
388	16
389	6
390	6
391	14
392	6
393	17
394	29
395	10
396	19
397	21
398	17
399	16
400	21
401	14
402	11
403	7
404	30
405	24
406	4
407	2
408	2
409	14
410	20
411	35
412	6
413	7
414	4
415	6
416	35
417	2
418	21
419	29
420	20
421	13
422	29
423	6
424	30
425	0
426	19
427	28
428	32
429	6
430	23
431	31
432	35
433	24
434	19
435	7
436	29
437	29
438	28
439	6
440	26
441	6
442	19
443	3
444	4
445	16
446	19
447	16
448	31
449	14
450	6
451	13
452	33
453	24
454	6
455	1
456	19
457	2
458	10
459	20
460	26
461	14
462	20
463	28
464	19
465	17
466	6
467	6
468	31
469	11
470	2
471	6
472	13
473	6
474	6
475	13
476	7
477	7
478	6
479	30
480	28
481	6
482	19
483	7
484	4
485	7
486	24
487	6
488	27
489	29
490	22
491	2
492	3
493	10
494	20
495	6
496	32
497	20
498	3
499	13
500	25
501	6
502	15
503	21
504	6
505	28
506	28
507	14
508	20
509	6
510	7
511	2
512	10
513	29
514	17
515	8
516	23
517	2
518	30
519	4
520	28
521	32
522	1
523	2
524	34
525	6
526	19
527	17
528	14
529	3
530	33
531	10
532	29
533	15
534	15
535	11
536	23
537	23
538	6
539	14
540	20
541	12
542	4
543	32
544	4
545	34
546	14
547	32
548	14
549	6
550	22
551	14
552	15
553	31
554	10
555	19
556	8
557	17
558	16
559	25
560	20
561	12
562	11
563	4
564	22
565	8
566	2
567	6
568	4
569	11
570	7
571	15
572	6
573	16
574	2
575	2
576	13
577	7
578	3
579	8
580	14
581	1
582	31
583	4
584	23
585	35
586	15
587	21
588	26
589	10
590	19
591	27
592	14
593	29
594	14
595	25
596	3
597	14
598	7
599	31
600	29
601	16
602	24
603	17
604	15
605	14
606	4
607	19
608	32
609	3
610	7
611	16
612	29
613	23
614	12
615	13
616	23
617	26
618	7
619	27
620	34
621	8
622	6
623	7
624	26
625	34
626	12
627	25
628	10
629	20
630	28
631	2
632	7
633	26
634	14
635	25
636	23
637	16
638	4
639	0
640	24
641	16
642	2
643	30
644	1
645	22
646	34
647	4
648	22
649	19
650	16
651	34
652	28
653	21
654	12
655	33
656	19
657	11
658	10
659	8
660	2
661	4
662	24
663	31
664	15
665	7
666	30
667	18
668	20
669	34
670	0
671	26
672	1
673	24
674	2
675	18
676	19
677	33
678	23
679	17
680	1
681	26
682	10
683	8
684	34
685	32
686	26
687	4
688	1
689	19
690	7
691	34
692	8
693	34
694	24
695	31
696	2
697	28
698	21
699	2
700	17
701	23
702	26
703	2
704	10
705	18
706	34
707	4
708	29
709	20
710	1
711	6
712	7
713	2
714	23
715	19
716	19
717	21
718	14
719	22
720	3
721	8
722	20
723	3
724	1
725	26
726	2
727	18
728	20
729	3
730	10
731	23
732	3
733	19
734	29
735	12
736	30
737	18
738	1
739	15
740	12
741	34
742	18
743	16
744	22
745	14
746	20
747	10
748	22
749	15
750	16
751	23
752	13
753	17
754	19
755	32
756	25
757	23
758	10
759	19
760	4
761	35
762	23
763	19
764	15
765	31
766	10
767	2
768	26
769	1
770	20
771	7
772	9
773	2
774	17
775	25
776	14
777	18
778	30
779	11
780	20
781	15
782	5
783	18
784	10
785	17
786	26
787	25
788	6
789	25
790	20
791	16
792	17
793	17
794	8
795	19
796	20
797	9
798	5
799	34
800	11
801	11
802	14
803	5
804	13
805	18
806	2
807	14
808	17
809	1
810	7
811	28
812	4
813	16
814	31
815	21
816	34
817	19
818	34
819	9
820	7
821	1
822	8
823	17
824	16
825	20
826	15
827	5
828	2
829	2
830	5
831	7
832	2
833	3
834	28
835	25
836	23
837	1
838	23
839	12
840	16
841	13
842	19
843	26
844	31
845	25
846	15
847	26
848	7
849	10
850	13
851	7
852	3
853	22
854	18
855	34
856	15
857	26
858	2
859	19
860	1
861	19
862	11
863	7
864	31
865	25
866	4
867	8
868	9
869	31
870	10
871	16
872	14
873	10
874	12
875	12
876	8
877	1
878	16
879	5
880	1
881	31
882	25
883	29
884	20
885	2
886	34
887	10
888	29
889	4
890	31
891	16
892	19
893	10
894	12
895	7
896	31
897	28
898	4
899	23
900	18
901	5
902	2
903	14
904	25
905	8
906	26
907	19
908	23
909	29
910	13
911	20
912	34
913	25
914	9
915	3
916	13
917	1
918	13
919	15
920	13
921	9
922	8
923	19
924	20
925	2
926	9
927	7
928	14
929	14
930	17
931	3
932	1
933	25
934	3
935	16
936	19
937	34
938	20
939	34
940	17
941	25
942	12
943	4
944	28
945	19
946	1
947	5
948	3
949	5
950	8
951	19
952	1
953	5
954	26
955	19
956	7
957	34
958	25
959	2
960	7
961	16
962	20
963	8
964	8
965	10
966	19
967	8
968	34
969	17
970	20
971	23
972	12
973	5
974	12
975	14
976	10
977	14
978	1
979	4
980	34
981	25
982	10
983	12
984	7
985	34
986	12
987	19
988	9
989	34
990	5
991	2
992	17
993	9
994	4
995	2
996	15
997	16
998	1
999	34
1000	23
