1	14
2	37
3	14
4	34
5	22
6	14
7	2
8	35
9	14
10	23
11	14
12	14
13	37
14	9
15	14
16	14
17	14
18	15
19	0
20	32
21	14
22	27
23	30
24	14
25	14
26	36
27	14
28	14
29	9
30	40
31	9
32	14
33	14
34	2
35	14
36	29
37	14
38	22
39	9
40	14
41	14
42	14
43	35
44	34
45	29
46	4
47	2
48	28
49	14
50	29
51	14
52	28
53	14
54	36
55	14
56	14
57	14
58	35
59	14
60	37
61	14
62	14
63	14
64	14
65	14
66	14
67	36
68	14
69	2
70	28
71	14
72	34
73	14
74	14
75	14
76	14
77	14
78	29
79	4
80	34
81	0
82	23
83	14
84	22
85	14
86	14
87	25
88	35
89	14
90	14
91	14
92	14
93	40
94	0
95	14
96	14
97	37
98	14
99	14
100	29
101	29
102	37
103	28
104	14
105	29
106	14
107	29
108	14
109	14
110	9
111	14
112	14
113	14
114	15
115	34
116	14
117	9
118	14
119	28
120	4
121	28
122	30
123	30
124	32
125	32
126	0
127	14
128	11
129	16
130	2
131	14
132	37
133	14
134	34
135	14
136	36
137	14
138	14
139	14
140	14
141	39
142	4
143	21
144	0
145	14
146	28
147	21
148	14
149	39
150	22
151	14
152	0
153	16
154	14
155	3
156	14
157	14
158	14
159	16
160	33
161	4
162	5
163	29
164	30
165	22
166	14
167	16
168	14
169	36
170	39
171	31
172	29
173	14
174	31
175	2
176	26
177	15
178	29
179	14
180	14
181	14
182	14
183	14
184	12
185	14
186	4
187	14
188	33
189	1
190	14
191	14
192	14
193	1
194	39
195	40
196	34
197	12
198	30
199	0
200	35
201	30
202	14
203	14
204	14
205	14
206	14
207	36
208	2
209	35
210	14
211	39
212	2
213	27
214	22
215	18
216	4
217	0
218	14
219	29
220	4
221	14
222	2
223	11
224	28
225	14
226	14
227	3
228	27
229	0
230	31
231	39
232	10
233	37
234	14
235	25
236	12
237	10
238	14
239	14
240	23
241	18
242	14
243	14
244	36
245	3
246	9
247	14
248	30
249	14
250	5
251	20
252	2
253	14
254	16
255	14
256	14
257	5
258	14
259	33
260	37
261	1
262	12
263	14
264	14
265	29
266	33
267	15
268	27
269	14
270	14
271	14
272	1
273	0
274	32
275	10
276	15
277	14
278	22
279	14
280	14
281	14
282	2
283	27
284	29
285	11
286	1
287	14
288	5
289	11
290	16
291	39
292	0
293	14
294	16
295	11
296	31
297	18
298	22
299	23
300	37
301	14
302	11
303	39
304	34
305	2
306	14
307	14
308	2
309	14
310	5
311	14
312	29
313	22
314	29
315	14
316	2
317	4
318	2
319	15
320	10
321	5
322	5
323	3
324	15
325	5
326	18
327	0
328	0
329	5
330	20
331	14
332	19
333	36
334	29
335	37
336	16
337	1
338	16
339	14
340	4
341	29
342	11
343	14
344	33
345	14
346	14
347	19
348	23
349	40
350	0
351	39
352	29
353	15
354	20
355	14
356	14
357	21
358	20
359	23
360	22
361	15
362	5
363	10
364	14
365	9
366	14
367	6
368	29
369	2
370	29
371	1
372	7
373	2
374	14
375	25
376	14
377	14
378	35
379	36
380	19
381	6
382	14
383	37
384	21
385	33
386	14
387	35
388	22
389	14
390	14
391	5
392	23
393	14
394	36
395	6
396	0
397	31
398	5
399	32
400	16
401	0
402	29
403	5
404	14
405	14
406	20
407	5
408	14
409	3
410	5
411	5
412	33
413	1
414	6
415	10
416	24
417	18
418	12
419	0
420	25
421	14
422	14
423	12
424	37
425	2
426	15
427	31
428	2
429	8
430	8
431	14
432	26
433	35
434	29
435	5
436	10
437	11
438	36
439	31
440	4
441	28
442	31
443	6
444	18
445	27
446	0
447	4
448	18
449	28
450	11
451	27
452	15
453	3
454	20
455	21
456	18
457	29
458	39
459	5
460	26
461	16
462	27
463	33
464	23
465	11
466	14
467	27
468	1
469	30
470	14
471	3
472	6
473	5
474	14
475	15
476	30
477	1
478	3
479	36
480	21
481	32
482	27
483	14
484	14
485	7
486	8
487	16
488	21
489	14
490	19
491	2
492	25
493	34
494	14
495	1
496	21
497	6
498	22
499	8
500	4
501	21
502	31
503	3
504	3
505	35
506	40
507	40
508	23
509	19
510	0
511	40
512	26
513	5
514	29
515	10
516	10
517	9
518	8
519	8
520	34
521	14
522	3
523	29
524	23
525	9
526	11
527	10
528	6
529	36
530	7
531	17
532	14
533	1
534	23
535	24
536	14
537	14
538	37
539	9
540	24
541	14
542	28
543	32
544	6
545	31
546	32
547	14
548	6
549	37
550	2
551	18
552	29
553	9
554	9
555	24
556	40
557	24
558	3
559	36
560	33
561	3
562	36
563	20
564	3
565	2
566	34
567	39
568	6
569	36
570	40
571	14
572	22
573	27
574	32
575	31
576	29
577	19
578	7
579	28
580	31
581	12
582	3
583	29
584	2
585	23
586	17
587	14
588	34
589	9
590	21
591	1
592	25
593	25
594	31
595	18
596	26
597	30
598	23
599	14
600	23
601	3
602	26
603	11
604	28
605	27
606	24
607	24
608	17
609	5
610	10
611	32
612	32
613	6
614	10
615	4
616	2
617	3
618	17
619	29
620	26
621	34
622	32
623	8
624	15
625	33
626	2
627	31
628	32
629	15
630	18
631	2
632	3
633	11
634	36
635	4
636	16
637	10
638	1
639	4
640	23
641	18
642	10
643	2
644	31
645	30
646	7
647	33
648	9
649	16
650	31
651	7
652	2
653	19
654	25
655	10
656	1
657	10
658	31
659	26
660	29
661	5
662	11
663	21
664	19
665	12
666	3
667	5
668	34
669	8
670	24
671	2
672	0
673	12
674	31
675	4
676	26
677	20
678	35
679	16
680	24
681	29
682	26
683	24
684	3
685	31
686	7
687	34
688	35
689	7
690	25
691	26
692	13
693	29
694	5
695	19
696	34
697	0
698	19
699	16
700	2
701	24
702	4
703	26
704	36
705	7
706	5
707	0
708	7
709	30
710	3
711	7
712	12
713	20
714	38
715	26
716	24
717	34
718	35
719	1
720	11
721	5
722	17
723	1
724	17
725	36
726	19
727	35
728	7
729	11
730	3
731	2
732	5
733	24
734	40
735	5
736	13
737	1
738	24
739	16
740	7
741	24
742	25
743	15
744	17
745	7
746	21
747	26
748	12
749	11
750	24
751	31
752	0
753	2
754	26
755	24
756	19
757	40
758	12
759	12
760	25
761	28
762	12
763	31
764	16
765	31
766	31
767	5
768	12
769	5
770	36
771	6
772	38
773	31
774	4
775	18
776	36
777	18
778	38
779	29
780	5
781	20
782	18
783	38
784	40
785	20
786	8
787	2
788	2
789	23
790	13
791	8
792	40
793	11
794	6
795	6
796	25
797	6
798	6
799	8
800	2
801	29
802	25
803	2
804	17
805	5
806	2
807	37
808	8
809	40
810	17
811	21
812	0
813	1
814	7
815	29
816	25
817	40
818	19
819	21
820	21
821	23
822	11
823	5
824	2
825	19
826	8
827	7
828	10
829	19
830	36
831	3
832	38
833	5
834	31
835	25
836	7
837	24
838	24
839	8
840	26
841	26
842	29
843	8
844	4
845	3
846	5
847	5
848	11
849	3
850	29
851	38
852	1
853	17
854	19
855	5
856	29
857	3
858	20
859	26
860	2
861	18
862	13
863	5
864	3
865	24
866	21
867	11
868	8
869	18
870	8
871	16
872	20
873	34
874	7
875	17
876	20
877	2
878	24
879	0
880	7
881	38
882	10
883	7
884	17
885	7
886	1
887	3
888	6
889	7
890	21
891	5
892	2
893	8
894	6
895	8
896	8
897	17
898	31
899	29
900	17
901	7
902	5
903	17
904	7
905	38
906	17
907	10
908	2
909	24
910	26
911	21
912	24
913	18
914	6
915	26
916	8
917	2
918	16
919	8
920	2
921	0
922	36
923	11
924	17
925	4
926	24
927	17
928	26
929	7
930	17
931	24
932	1
933	31
934	24
935	17
936	26
937	11
938	6
939	1
940	5
941	10
942	20
943	5
944	3
945	18
946	29
947	31
948	16
949	7
950	10
951	26
952	20
953	13
954	29
955	7
956	31
957	17
958	7
959	3
960	17
961	29
962	13
963	38
964	10
965	7
966	3
967	24
968	17
969	36
970	2
971	13
972	6
973	5
974	8
975	26
976	6
977	24
978	38
979	3
980	38
981	13
982	1
983	3
984	1
985	6
986	26
987	5
988	26
989	31
990	5
991	24
992	13
993	13
994	11
995	24
996	7
997	5
998	3
999	6
1000	8
