1	79
2	72
3	30
4	5
5	83
6	42
7	83
8	1
9	52
10	83
11	83
12	68
13	18
14	70
15	83
16	66
17	3
18	74
19	49
20	39
21	21
22	83
23	82
24	83
25	29
26	85
27	62
28	83
29	45
30	81
31	83
32	73
33	87
34	84
35	63
36	69
37	41
38	31
39	30
40	0
41	54
42	39
43	1
44	83
45	3
46	9
47	83
48	77
49	88
50	84
51	2
52	64
53	83
54	76
55	83
56	30
57	83
58	58
59	78
60	60
61	65
62	64
63	47
64	31
65	17
66	83
67	6
68	83
69	11
70	79
71	59
72	39
73	65
74	46
75	20
76	57
77	70
78	68
79	22
80	83
81	64
82	82
83	39
84	7
85	31
86	52
87	73
88	67
89	83
90	88
91	9
92	49
93	83
94	4
95	59
96	83
97	68
98	68
99	41
100	30
101	39
102	83
103	69
104	69
105	50
106	44
107	83
108	83
109	20
110	31
111	22
112	47
113	18
114	83
115	54
116	61
117	82
118	2
119	52
120	80
121	72
122	83
123	40
124	77
125	68
126	64
127	52
128	83
129	0
130	82
131	30
132	83
133	35
134	83
135	84
136	23
137	83
138	30
139	11
140	50
141	80
142	47
143	18
144	3
145	75
146	14
147	17
148	35
149	52
150	74
151	83
152	21
153	46
154	82
155	5
156	60
157	61
158	6
159	52
160	50
161	31
162	16
163	33
164	49
165	20
166	57
167	40
168	83
169	83
170	15
171	83
172	9
173	66
174	9
175	72
176	9
177	39
178	18
179	69
180	41
181	58
182	18
183	26
184	84
185	83
186	4
187	11
188	13
189	60
190	69
191	88
192	32
193	62
194	79
195	83
196	45
197	78
198	3
199	80
200	30
201	81
202	89
203	6
204	75
205	11
206	20
207	72
208	36
209	42
210	37
211	32
212	18
213	12
214	33
215	1
216	49
217	32
218	36
219	65
220	42
221	29
222	27
223	50
224	12
225	26
226	50
227	5
228	62
229	78
230	15
231	83
232	61
233	72
234	89
235	25
236	76
237	0
238	25
239	31
240	67
241	21
242	63
243	19
244	5
245	23
246	9
247	83
248	33
249	19
250	52
251	83
252	39
253	55
254	33
255	82
256	85
257	58
258	74
259	31
260	63
261	2
262	22
263	23
264	78
265	40
266	18
267	89
268	64
269	87
270	57
271	5
272	80
273	82
274	73
275	90
276	49
277	21
278	49
279	43
280	45
281	41
282	15
283	28
284	62
285	58
286	15
287	77
288	85
289	73
290	30
291	5
292	81
293	49
294	34
295	37
296	46
297	16
298	19
299	39
300	44
301	3
302	14
303	28
304	11
305	34
306	31
307	24
308	36
309	15
310	20
311	53
312	75
313	12
314	41
315	16
316	9
317	34
318	43
319	16
320	58
321	46
322	35
323	33
324	64
325	45
326	63
327	14
328	54
329	37
330	90
331	13
332	33
333	23
334	52
335	54
336	43
337	81
338	6
339	45
340	86
341	63
342	82
343	84
344	24
345	47
346	87
347	81
348	30
349	30
350	83
351	39
352	67
353	53
354	9
355	16
356	3
357	74
358	65
359	13
360	22
361	73
362	33
363	29
364	47
365	11
366	40
367	76
368	45
369	90
370	42
371	85
372	18
373	79
374	80
375	50
376	17
377	43
378	88
379	66
380	83
381	20
382	89
383	54
384	80
385	74
386	4
387	22
388	48
389	44
390	52
391	76
392	46
393	30
394	55
395	70
396	80
397	61
398	25
399	66
400	58
401	83
402	30
403	21
404	47
405	28
406	11
407	52
408	22
409	14
410	57
411	40
412	84
413	82
414	81
415	33
416	1
417	78
418	83
419	10
420	89
421	33
422	47
423	73
424	2
425	60
426	14
427	48
428	9
429	88
430	70
431	64
432	6
433	0
434	5
435	6
436	79
437	2
438	5
439	52
440	76
441	61
442	39
443	16
444	37
445	85
446	87
447	36
448	77
449	33
450	75
451	46
452	17
453	88
454	32
455	20
456	6
457	48
458	59
459	23
460	53
461	41
462	21
463	67
464	2
465	59
466	69
467	54
468	49
469	74
470	12
471	44
472	62
473	90
474	18
475	83
476	60
477	12
478	44
479	22
480	61
481	72
482	75
483	4
484	47
485	29
486	31
487	22
488	66
489	36
490	45
491	45
492	75
493	41
494	45
495	31
496	61
497	53
498	81
499	5
500	24
501	9
502	66
503	8
504	29
505	52
506	75
507	18
508	20
509	51
510	81
511	21
512	13
513	27
514	21
515	64
516	43
517	18
518	82
519	30
520	43
521	36
522	59
523	88
524	19
525	67
526	63
527	59
528	85
529	53
530	24
531	58
532	79
533	26
534	28
535	52
536	26
537	43
538	45
539	77
540	60
541	34
542	33
543	20
544	89
545	0
546	37
547	60
548	17
549	40
550	61
551	1
552	39
553	49
554	77
555	67
556	43
557	6
558	78
559	39
560	21
561	45
562	86
563	72
564	61
565	28
566	47
567	34
568	90
569	50
570	7
571	48
572	29
573	62
574	31
575	29
576	18
577	1
578	47
579	5
580	33
581	57
582	57
583	33
584	66
585	42
586	82
587	49
588	53
589	45
590	87
591	19
592	31
593	42
594	34
595	15
596	71
597	10
598	45
599	46
600	90
601	52
602	37
603	60
604	24
605	71
606	8
607	32
608	60
609	7
610	47
611	76
612	16
613	48
614	1
615	51
616	6
617	2
618	74
619	76
620	16
621	77
622	31
623	50
624	22
625	70
626	18
627	8
628	76
629	36
630	63
631	47
632	54
633	29
634	13
635	17
636	6
637	52
638	26
639	26
640	73
641	75
642	22
643	76
644	34
645	51
646	39
647	76
648	35
649	63
650	51
651	25
652	8
653	4
654	27
655	50
656	68
657	14
658	18
659	15
660	45
661	58
662	50
663	50
664	55
665	4
666	64
667	34
668	25
669	30
670	82
671	87
672	0
673	10
674	58
675	36
676	34
677	65
678	83
679	0
680	34
681	50
682	42
683	12
684	22
685	1
686	48
687	64
688	35
689	64
690	70
691	71
692	5
693	82
694	11
695	52
696	27
697	66
698	29
699	0
700	44
701	12
702	52
703	18
704	51
705	23
706	18
707	47
708	31
709	61
710	51
711	2
712	44
713	51
714	39
715	41
716	60
717	11
718	41
719	19
720	8
721	26
722	55
723	39
724	73
725	55
726	53
727	20
728	49
729	25
730	29
731	6
732	17
733	65
734	50
735	16
736	7
737	5
738	41
739	47
740	26
741	75
742	11
743	34
744	52
745	65
746	27
747	51
748	44
749	41
750	29
751	5
752	4
753	64
754	18
755	27
756	5
757	5
758	31
759	7
760	76
761	7
762	42
763	13
764	45
765	10
766	25
767	58
768	81
769	35
770	70
771	11
772	15
773	11
774	40
775	66
776	32
777	24
778	58
779	68
780	10
781	24
782	35
783	56
784	32
785	13
786	58
787	49
788	68
789	70
790	73
791	60
792	71
793	39
794	28
795	26
796	81
797	12
798	4
799	71
800	60
801	29
802	11
803	13
804	8
805	41
806	2
807	33
808	18
809	86
810	66
811	49
812	2
813	33
814	82
815	43
816	54
817	2
818	49
819	12
820	60
821	32
822	56
823	55
824	8
825	86
826	19
827	12
828	47
829	11
830	11
831	14
832	45
833	15
834	21
835	81
836	2
837	1
838	75
839	60
840	76
841	47
842	53
843	18
844	9
845	41
846	18
847	15
848	28
849	31
850	30
851	56
852	25
853	56
854	80
855	6
856	6
857	51
858	63
859	11
860	82
861	18
862	11
863	37
864	56
865	46
866	10
867	81
868	33
869	41
870	7
871	28
872	55
873	1
874	5
875	8
876	43
877	31
878	64
879	9
880	71
881	47
882	13
883	58
884	14
885	22
886	60
887	81
888	11
889	56
890	4
891	2
892	2
893	73
894	32
895	34
896	22
897	76
898	80
899	41
900	55
901	45
902	44
903	8
904	2
905	30
906	27
907	51
908	76
909	33
910	55
911	27
912	71
913	5
914	86
915	27
916	25
917	4
918	1
919	16
920	11
921	18
922	5
923	81
924	47
925	6
926	29
927	25
928	24
929	4
930	22
931	24
932	37
933	19
934	5
935	7
936	43
937	10
938	44
939	39
940	51
941	22
942	51
943	8
944	86
945	6
946	19
947	38
948	15
949	60
950	76
951	49
952	10
953	86
954	37
955	9
956	80
957	86
958	18
959	50
960	31
961	24
962	34
963	6
964	34
965	30
966	12
967	58
968	12
969	55
970	8
971	33
972	51
973	50
974	25
975	82
976	7
977	44
978	20
979	44
980	21
981	81
982	60
983	18
984	51
985	21
986	2
987	18
988	9
989	38
990	30
991	1
992	19
993	15
994	30
995	19
996	30
997	21
998	15
999	9
1000	38
