1	22
2	30
3	1
4	1
5	0
6	19
7	1
8	1
9	0
10	1
11	1
12	35
13	1
14	38
15	1
16	1
17	1
18	25
19	1
20	33
21	32
22	34
23	1
24	1
25	0
26	38
27	0
28	1
29	26
30	37
31	1
32	1
33	1
34	1
35	12
36	19
37	1
38	1
39	31
40	1
41	19
42	38
43	31
44	1
45	1
46	1
47	1
48	31
49	27
50	1
51	1
52	37
53	31
54	1
55	0
56	1
57	1
58	14
59	25
60	27
61	20
62	33
63	19
64	1
65	1
66	1
67	10
68	1
69	34
70	14
71	1
72	1
73	1
74	1
75	0
76	1
77	33
78	19
79	1
80	1
81	1
82	38
83	1
84	32
85	1
86	1
87	1
88	1
89	19
90	7
91	35
92	19
93	14
94	5
95	27
96	1
97	1
98	20
99	27
100	37
101	20
102	28
103	0
104	1
105	1
106	1
107	1
108	1
109	12
110	1
111	29
112	1
113	1
114	38
115	35
116	1
117	13
118	1
119	1
120	1
121	1
122	25
123	19
124	1
125	0
126	1
127	1
128	3
129	1
130	24
131	1
132	1
133	2
134	1
135	6
136	1
137	20
138	0
139	1
140	1
141	1
142	20
143	1
144	37
145	25
146	29
147	10
148	1
149	1
150	30
151	26
152	33
153	0
154	13
155	14
156	32
157	1
158	1
159	35
160	20
161	38
162	28
163	19
164	19
165	29
166	31
167	9
168	1
169	26
170	1
171	1
172	22
173	30
174	1
175	19
176	1
177	1
178	12
179	1
180	0
181	6
182	1
183	37
184	25
185	19
186	31
187	1
188	25
189	19
190	1
191	27
192	29
193	6
194	10
195	27
196	0
197	1
198	2
199	3
200	2
201	5
202	12
203	1
204	5
205	37
206	20
207	9
208	22
209	38
210	1
211	1
212	1
213	23
214	33
215	6
216	25
217	32
218	1
219	21
220	1
221	19
222	1
223	0
224	23
225	7
226	0
227	1
228	25
229	13
230	13
231	31
232	24
233	27
234	13
235	12
236	20
237	19
238	21
239	38
240	25
241	21
242	37
243	12
244	2
245	1
246	1
247	13
248	9
249	29
250	7
251	1
252	22
253	24
254	1
255	23
256	1
257	24
258	1
259	19
260	31
261	7
262	2
263	1
264	6
265	1
266	14
267	38
268	1
269	1
270	1
271	1
272	22
273	32
274	1
275	1
276	19
277	1
278	6
279	19
280	2
281	1
282	13
283	2
284	19
285	34
286	1
287	12
288	1
289	1
290	19
291	19
292	9
293	33
294	0
295	5
296	35
297	29
298	32
299	1
300	29
301	19
302	21
303	19
304	38
305	30
306	34
307	9
308	7
309	13
310	30
311	1
312	25
313	1
314	1
315	1
316	3
317	1
318	19
319	10
320	0
321	24
322	1
323	10
324	19
325	1
326	30
327	29
328	28
329	3
330	1
331	24
332	1
333	30
334	7
335	6
336	31
337	32
338	38
339	9
340	3
341	24
342	1
343	2
344	35
345	29
346	24
347	1
348	19
349	1
350	1
351	1
352	19
353	21
354	1
355	0
356	1
357	13
358	22
359	1
360	3
361	24
362	0
363	1
364	9
365	19
366	19
367	9
368	19
369	1
370	19
371	10
372	2
373	25
374	24
375	30
376	35
377	1
378	2
379	6
380	28
381	24
382	0
383	1
384	35
385	38
386	1
387	19
388	1
389	5
390	6
391	32
392	1
393	1
394	1
395	35
396	6
397	13
398	1
399	1
400	1
401	12
402	9
403	9
404	3
405	28
406	32
407	12
408	34
409	3
410	2
411	34
412	23
413	6
414	0
415	21
416	6
417	19
418	19
419	5
420	1
421	19
422	19
423	35
424	14
425	27
426	33
427	21
428	30
429	20
430	24
431	23
432	32
433	2
434	23
435	28
436	20
437	1
438	20
439	23
440	28
441	1
442	22
443	3
444	1
445	10
446	24
447	20
448	9
449	9
450	20
451	7
452	19
453	14
454	9
455	5
456	24
457	24
458	34
459	1
460	2
461	24
462	28
463	17
464	24
465	10
466	16
467	3
468	24
469	1
470	37
471	29
472	18
473	9
474	22
475	5
476	14
477	20
478	20
479	28
480	3
481	24
482	16
483	2
484	3
485	0
486	1
487	0
488	38
489	2
490	3
491	38
492	38
493	1
494	1
495	23
496	29
497	12
498	21
499	12
500	5
501	3
502	25
503	30
504	2
505	34
506	33
507	12
508	10
509	9
510	1
511	24
512	14
513	1
514	38
515	3
516	25
517	31
518	23
519	3
520	21
521	1
522	5
523	1
524	7
525	22
526	24
527	1
528	32
529	0
530	1
531	37
532	21
533	26
534	26
535	31
536	22
537	1
538	0
539	1
540	20
541	7
542	3
543	1
544	0
545	27
546	2
547	14
548	30
549	0
550	0
551	38
552	18
553	33
554	19
555	31
556	26
557	1
558	9
559	5
560	15
561	35
562	25
563	7
564	20
565	12
566	28
567	1
568	17
569	31
570	12
571	1
572	23
573	5
574	6
575	12
576	15
577	20
578	35
579	3
580	1
581	18
582	21
583	29
584	34
585	3
586	26
587	26
588	16
589	31
590	21
591	23
592	23
593	18
594	29
595	10
596	20
597	38
598	25
599	6
600	21
601	18
602	3
603	17
604	16
605	26
606	38
607	7
608	37
609	7
610	27
611	6
612	3
613	6
614	3
615	18
616	21
617	22
618	7
619	18
620	17
621	3
622	33
623	3
624	34
625	29
626	7
627	29
628	11
629	26
630	27
631	4
632	12
633	28
634	21
635	0
636	5
637	18
638	9
639	31
640	19
641	28
642	27
643	10
644	22
645	28
646	13
647	16
648	15
649	3
650	23
651	9
652	0
653	21
654	25
655	0
656	9
657	16
658	2
659	23
660	9
661	16
662	26
663	4
664	5
665	30
666	30
667	16
668	34
669	26
670	10
671	31
672	17
673	31
674	2
675	24
676	16
677	23
678	7
679	0
680	33
681	9
682	17
683	16
684	19
685	20
686	6
687	28
688	24
689	16
690	10
691	36
692	24
693	23
694	38
695	3
696	3
697	21
698	18
699	22
700	36
701	16
702	13
703	16
704	33
705	23
706	5
707	5
708	16
709	23
710	2
711	0
712	2
713	2
714	13
715	3
716	23
717	24
718	21
719	25
720	15
721	31
722	22
723	31
724	9
725	17
726	36
727	26
728	10
729	36
730	20
731	17
732	23
733	24
734	11
735	36
736	22
737	3
738	25
739	9
740	17
741	3
742	36
743	0
744	23
745	18
746	33
747	9
748	3
749	0
750	25
751	13
752	24
753	19
754	3
755	9
756	9
757	2
758	5
759	36
760	16
761	3
762	13
763	13
764	13
765	24
766	11
767	11
768	9
769	12
770	17
771	9
772	33
773	36
774	22
775	9
776	22
777	4
778	2
779	16
780	15
781	23
782	38
783	6
784	19
785	6
786	38
787	12
788	18
789	6
790	24
791	21
792	6
793	6
794	19
795	36
796	0
797	3
798	2
799	18
800	18
801	12
802	10
803	7
804	0
805	17
806	13
807	36
808	0
809	10
810	3
811	15
812	3
813	18
814	25
815	17
816	5
817	29
818	21
819	29
820	36
821	8
822	17
823	23
824	13
825	24
826	29
827	23
828	3
829	36
830	0
831	10
832	0
833	16
834	7
835	16
836	15
837	18
838	36
839	16
840	24
841	9
842	11
843	3
844	0
845	36
846	16
847	13
848	16
849	16
850	2
851	19
852	4
853	25
854	7
855	25
856	7
857	36
858	20
859	11
860	8
861	10
862	6
863	8
864	8
865	13
866	6
867	19
868	2
869	21
870	12
871	21
872	24
873	17
874	7
875	11
876	15
877	2
878	4
879	11
880	6
881	23
882	12
883	21
884	12
885	4
886	19
887	19
888	9
889	9
890	23
891	3
892	2
893	13
894	9
895	25
896	11
897	15
898	16
899	6
900	16
901	24
902	11
903	23
904	4
905	19
906	3
907	5
908	11
909	4
910	36
911	3
912	4
913	24
914	21
915	3
916	15
917	21
918	36
919	36
920	6
921	12
922	18
923	11
924	23
925	6
926	20
927	13
928	6
929	8
930	3
931	17
932	15
933	15
934	11
935	36
936	12
937	11
938	0
939	3
940	4
941	9
942	17
943	15
944	17
945	3
946	19
947	13
948	18
949	24
950	36
951	24
952	4
953	16
954	8
955	23
956	36
957	2
958	15
959	11
960	18
961	16
962	36
963	18
964	3
965	18
966	36
967	4
968	4
969	4
970	15
971	2
972	20
973	6
974	3
975	16
976	4
977	18
978	16
979	36
980	16
981	36
982	11
983	8
984	13
985	15
986	23
987	2
988	9
989	24
990	9
991	8
992	11
993	17
994	19
995	11
996	36
997	23
998	8
999	21
1000	18
