1	40
2	26
3	40
4	40
5	29
6	40
7	40
8	40
9	40
10	40
11	40
12	40
13	40
14	40
15	43
16	40
17	42
18	38
19	40
20	40
21	40
22	40
23	0
24	40
25	40
26	33
27	2
28	35
29	27
30	24
31	34
32	44
33	40
34	28
35	40
36	40
37	40
38	32
39	40
40	29
41	40
42	40
43	40
44	23
45	40
46	40
47	4
48	40
49	40
50	40
51	19
52	40
53	40
54	26
55	40
56	40
57	40
58	40
59	40
60	40
61	40
62	39
63	40
64	28
65	44
66	4
67	19
68	40
69	40
70	40
71	40
72	40
73	40
74	42
75	40
76	40
77	40
78	40
79	0
80	40
81	25
82	37
83	40
84	40
85	37
86	40
87	29
88	40
89	40
90	40
91	40
92	40
93	40
94	24
95	40
96	40
97	40
98	40
99	40
100	40
101	35
102	24
103	40
104	40
105	40
106	28
107	40
108	40
109	40
110	23
111	40
112	25
113	40
114	40
115	23
116	36
117	40
118	26
119	45
120	42
121	40
122	24
123	27
124	18
125	40
126	43
127	31
128	40
129	40
130	19
131	40
132	2
133	40
134	40
135	39
136	40
137	44
138	40
139	37
140	40
141	16
142	39
143	40
144	27
145	4
146	40
147	40
148	40
149	40
150	40
151	33
152	37
153	39
154	43
155	40
156	40
157	29
158	40
159	37
160	20
161	40
162	40
163	23
164	40
165	40
166	34
167	23
168	40
169	35
170	2
171	40
172	40
173	8
174	40
175	39
176	40
177	40
178	23
179	26
180	38
181	24
182	45
183	24
184	27
185	40
186	40
187	40
188	40
189	40
190	40
191	26
192	40
193	40
194	40
195	40
196	42
197	44
198	40
199	14
200	4
201	40
202	26
203	44
204	40
205	40
206	32
207	0
208	40
209	40
210	40
211	40
212	40
213	40
214	29
215	40
216	2
217	40
218	40
219	40
220	40
221	40
222	30
223	40
224	23
225	40
226	34
227	40
228	24
229	24
230	19
231	2
232	36
233	40
234	38
235	40
236	30
237	40
238	40
239	40
240	40
241	18
242	31
243	34
244	40
245	40
246	20
247	40
248	35
249	19
250	40
251	40
252	40
253	5
254	40
255	14
256	40
257	40
258	30
259	40
260	18
261	20
262	30
263	16
264	40
265	38
266	40
267	30
268	1
269	27
270	0
271	29
272	40
273	27
274	40
275	26
276	43
277	40
278	25
279	30
280	40
281	20
282	20
283	30
284	40
285	40
286	3
287	24
288	36
289	1
290	27
291	33
292	44
293	0
294	38
295	40
296	13
297	35
298	8
299	19
300	40
301	13
302	40
303	33
304	43
305	42
306	20
307	1
308	37
309	40
310	30
311	19
312	45
313	40
314	16
315	40
316	40
317	40
318	19
319	28
320	34
321	40
322	19
323	39
324	44
325	33
326	28
327	1
328	40
329	40
330	18
331	16
332	32
333	23
334	0
335	0
336	36
337	28
338	20
339	30
340	36
341	40
342	40
343	42
344	45
345	33
346	13
347	30
348	16
349	0
350	0
351	14
352	40
353	40
354	15
355	40
356	40
357	40
358	40
359	40
360	33
361	24
362	36
363	15
364	0
365	39
366	4
367	3
368	4
369	36
370	27
371	1
372	40
373	24
374	15
375	40
376	43
377	29
378	8
379	5
380	10
381	40
382	2
383	40
384	28
385	0
386	28
387	24
388	5
389	34
390	35
391	40
392	7
393	40
394	30
395	40
396	8
397	8
398	38
399	16
400	37
401	44
402	5
403	8
404	28
405	25
406	16
407	4
408	3
409	25
410	16
411	28
412	14
413	40
414	15
415	29
416	37
417	37
418	40
419	19
420	2
421	43
422	27
423	1
424	36
425	3
426	7
427	30
428	5
429	3
430	38
431	0
432	32
433	40
434	27
435	13
436	26
437	40
438	18
439	40
440	40
441	20
442	15
443	42
444	5
445	31
446	44
447	8
448	40
449	25
450	32
451	10
452	26
453	16
454	23
455	33
456	13
457	1
458	31
459	40
460	8
461	35
462	32
463	45
464	25
465	10
466	40
467	23
468	20
469	3
470	7
471	4
472	30
473	25
474	39
475	3
476	10
477	29
478	1
479	15
480	40
481	24
482	27
483	4
484	16
485	22
486	8
487	31
488	3
489	14
490	45
491	19
492	43
493	30
494	40
495	1
496	24
497	41
498	41
499	33
500	20
501	45
502	42
503	30
504	14
505	8
506	7
507	38
508	43
509	13
510	24
511	8
512	34
513	1
514	36
515	43
516	20
517	40
518	7
519	17
520	10
521	37
522	5
523	20
524	7
525	44
526	30
527	35
528	14
529	32
530	25
531	42
532	30
533	14
534	35
535	3
536	41
537	4
538	2
539	41
540	1
541	18
542	7
543	3
544	32
545	38
546	11
547	33
548	13
549	7
550	14
551	34
552	22
553	40
554	29
555	1
556	7
557	24
558	13
559	40
560	20
561	45
562	16
563	11
564	40
565	5
566	14
567	34
568	28
569	10
570	35
571	32
572	1
573	40
574	30
575	11
576	30
577	40
578	1
579	1
580	22
581	39
582	25
583	34
584	2
585	23
586	7
587	18
588	27
589	40
590	45
591	12
592	7
593	26
594	30
595	13
596	8
597	2
598	20
599	15
600	5
601	32
602	40
603	18
604	18
605	8
606	13
607	1
608	31
609	23
610	20
611	15
612	8
613	15
614	28
615	25
616	0
617	31
618	24
619	39
620	7
621	2
622	30
623	14
624	45
625	14
626	31
627	8
628	7
629	38
630	2
631	1
632	45
633	18
634	24
635	30
636	5
637	9
638	42
639	36
640	31
641	42
642	35
643	19
644	22
645	13
646	15
647	24
648	38
649	16
650	10
651	30
652	37
653	36
654	40
655	25
656	17
657	9
658	22
659	9
660	38
661	11
662	41
663	27
664	1
665	7
666	13
667	23
668	17
669	13
670	45
671	13
672	12
673	13
674	21
675	15
676	28
677	9
678	9
679	16
680	6
681	26
682	10
683	29
684	10
685	2
686	24
687	7
688	1
689	15
690	15
691	17
692	24
693	22
694	22
695	15
696	31
697	16
698	6
699	13
700	25
701	22
702	22
703	1
704	15
705	29
706	26
707	30
708	10
709	29
710	15
711	22
712	16
713	16
714	5
715	0
716	10
717	30
718	6
719	30
720	5
721	0
722	8
723	16
724	41
725	16
726	31
727	30
728	19
729	10
730	17
731	5
732	17
733	13
734	30
735	14
736	8
737	16
738	1
739	18
740	27
741	11
742	6
743	21
744	6
745	14
746	29
747	11
748	26
749	28
750	20
751	1
752	18
753	9
754	28
755	13
756	14
757	19
758	21
759	7
760	30
761	22
762	19
763	2
764	16
765	2
766	29
767	12
768	12
769	16
770	8
771	2
772	41
773	6
774	9
775	31
776	6
777	21
778	6
779	9
780	16
781	40
782	23
783	10
784	16
785	18
786	19
787	22
788	20
789	7
790	41
791	10
792	14
793	12
794	13
795	8
796	31
797	7
798	13
799	16
800	14
801	9
802	7
803	1
804	13
805	23
806	2
807	14
808	22
809	25
810	14
811	12
812	6
813	30
814	8
815	7
816	25
817	10
818	1
819	3
820	3
821	3
822	25
823	21
824	17
825	14
826	7
827	29
828	31
829	18
830	0
831	29
832	15
833	3
834	16
835	14
836	8
837	12
838	1
839	0
840	41
841	12
842	41
843	41
844	41
845	13
846	12
847	11
848	9
849	1
850	31
851	30
852	3
853	8
854	16
855	16
856	22
857	22
858	18
859	8
860	11
861	0
862	41
863	41
864	13
865	11
866	16
867	13
868	9
869	13
870	6
871	18
872	11
873	17
874	7
875	16
876	20
877	7
878	13
879	10
880	9
881	3
882	22
883	0
884	22
885	5
886	16
887	17
888	6
889	30
890	6
891	7
892	22
893	22
894	13
895	1
896	7
897	16
898	9
899	0
900	17
901	1
902	17
903	20
904	16
905	20
906	9
907	7
908	41
909	6
910	8
911	6
912	7
913	41
914	3
915	6
916	15
917	8
918	22
919	20
920	15
921	7
922	24
923	13
924	5
925	10
926	22
927	6
928	8
929	15
930	41
931	41
932	8
933	14
934	16
935	41
936	0
937	20
938	3
939	22
940	22
941	41
942	3
943	10
944	15
945	13
946	5
947	7
948	3
949	6
950	6
951	10
952	16
953	9
954	6
955	8
956	10
957	16
958	17
959	5
960	15
961	30
962	6
963	10
964	24
965	6
966	1
967	8
968	15
969	30
970	5
971	13
972	3
973	9
974	6
975	22
976	6
977	17
978	1
979	9
980	17
981	6
982	20
983	30
984	6
985	6
986	30
987	8
988	7
989	7
990	13
991	6
992	10
993	1
994	9
995	7
996	13
997	9
998	30
999	15
1000	13
