1	10
2	23
3	28
4	13
5	0
6	34
7	10
8	10
9	10
10	10
11	10
12	10
13	10
14	10
15	39
16	0
17	29
18	10
19	12
20	29
21	0
22	10
23	10
24	10
25	10
26	10
27	10
28	2
29	10
30	10
31	27
32	30
33	10
34	18
35	10
36	27
37	18
38	27
39	27
40	19
41	26
42	34
43	36
44	30
45	10
46	10
47	2
48	10
49	19
50	5
51	36
52	10
53	10
54	10
55	2
56	10
57	29
58	10
59	10
60	10
61	13
62	10
63	10
64	35
65	10
66	2
67	10
68	10
69	26
70	10
71	26
72	10
73	23
74	10
75	5
76	10
77	10
78	0
79	2
80	30
81	10
82	34
83	34
84	5
85	24
86	10
87	35
88	36
89	10
90	33
91	27
92	10
93	25
94	5
95	26
96	13
97	2
98	10
99	35
100	10
101	25
102	10
103	2
104	10
105	10
106	10
107	27
108	22
109	34
110	22
111	31
112	10
113	10
114	34
115	10
116	10
117	10
118	10
119	10
120	10
121	5
122	27
123	6
124	13
125	2
126	31
127	10
128	21
129	10
130	10
131	10
132	10
133	10
134	30
135	23
136	10
137	24
138	24
139	10
140	10
141	39
142	39
143	31
144	3
145	10
146	10
147	10
148	34
149	35
150	23
151	10
152	10
153	10
154	10
155	27
156	2
157	28
158	23
159	27
160	2
161	36
162	10
163	10
164	5
165	10
166	1
167	10
168	10
169	10
170	10
171	1
172	10
173	10
174	29
175	10
176	10
177	12
178	13
179	37
180	25
181	28
182	10
183	10
184	27
185	23
186	10
187	10
188	30
189	3
190	1
191	10
192	34
193	24
194	10
195	20
196	14
197	23
198	27
199	23
200	39
201	27
202	10
203	10
204	25
205	14
206	10
207	36
208	36
209	5
210	5
211	13
212	10
213	31
214	9
215	10
216	10
217	10
218	22
219	23
220	10
221	30
222	31
223	21
224	10
225	2
226	23
227	10
228	10
229	33
230	30
231	15
232	0
233	19
234	23
235	10
236	29
237	13
238	2
239	2
240	10
241	10
242	2
243	13
244	14
245	22
246	2
247	21
248	18
249	5
250	34
251	10
252	28
253	10
254	5
255	24
256	10
257	10
258	22
259	29
260	10
261	21
262	21
263	10
264	10
265	30
266	10
267	1
268	15
269	13
270	10
271	10
272	0
273	27
274	23
275	36
276	39
277	10
278	24
279	10
280	13
281	10
282	31
283	10
284	25
285	21
286	1
287	26
288	10
289	37
290	27
291	10
292	31
293	10
294	34
295	34
296	35
297	1
298	10
299	1
300	10
301	33
302	6
303	10
304	24
305	31
306	5
307	0
308	39
309	2
310	27
311	18
312	5
313	6
314	27
315	1
316	25
317	10
318	33
319	0
320	10
321	31
322	25
323	10
324	1
325	27
326	23
327	1
328	9
329	9
330	31
331	2
332	3
333	20
334	0
335	34
336	14
337	10
338	14
339	27
340	5
341	20
342	12
343	1
344	30
345	34
346	0
347	33
348	34
349	10
350	15
351	29
352	27
353	10
354	5
355	20
356	3
357	35
358	10
359	2
360	36
361	30
362	15
363	10
364	9
365	36
366	18
367	35
368	27
369	34
370	37
371	0
372	27
373	4
374	37
375	10
376	0
377	30
378	10
379	20
380	12
381	22
382	3
383	10
384	25
385	38
386	23
387	6
388	37
389	10
390	12
391	37
392	34
393	10
394	12
395	10
396	0
397	25
398	3
399	21
400	10
401	3
402	36
403	10
404	14
405	6
406	30
407	10
408	21
409	21
410	18
411	21
412	34
413	36
414	1
415	9
416	10
417	24
418	33
419	32
420	6
421	8
422	28
423	37
424	22
425	13
426	15
427	14
428	9
429	5
430	37
431	10
432	23
433	29
434	12
435	25
436	23
437	11
438	5
439	25
440	10
441	21
442	35
443	36
444	2
445	28
446	35
447	16
448	19
449	10
450	13
451	3
452	30
453	27
454	16
455	3
456	14
457	38
458	2
459	9
460	10
461	34
462	10
463	20
464	23
465	3
466	10
467	32
468	36
469	6
470	10
471	10
472	9
473	8
474	37
475	20
476	2
477	15
478	22
479	3
480	38
481	26
482	37
483	18
484	26
485	18
486	12
487	1
488	1
489	21
490	27
491	17
492	23
493	6
494	38
495	0
496	9
497	0
498	14
499	11
500	8
501	0
502	0
503	8
504	18
505	32
506	38
507	18
508	32
509	1
510	0
511	34
512	39
513	4
514	2
515	34
516	34
517	32
518	5
519	24
520	5
521	35
522	28
523	20
524	27
525	2
526	14
527	37
528	5
529	25
530	33
531	27
532	27
533	2
534	20
535	4
536	32
537	11
538	38
539	32
540	11
541	33
542	32
543	15
544	13
545	23
546	30
547	37
548	28
549	17
550	21
551	18
552	4
553	12
554	33
555	21
556	4
557	9
558	23
559	30
560	28
561	8
562	0
563	5
564	16
565	4
566	26
567	20
568	16
569	1
570	14
571	4
572	15
573	26
574	11
575	30
576	6
577	6
578	39
579	14
580	6
581	38
582	3
583	2
584	0
585	7
586	2
587	23
588	12
589	31
590	38
591	6
592	2
593	33
594	24
595	27
596	13
597	32
598	1
599	5
600	11
601	14
602	3
603	26
604	9
605	6
606	39
607	3
608	29
609	4
610	39
611	3
612	6
613	2
614	1
615	22
616	6
617	33
618	30
619	9
620	9
621	14
622	29
623	0
624	8
625	25
626	31
627	6
628	30
629	14
630	19
631	23
632	6
633	6
634	29
635	3
636	34
637	36
638	12
639	22
640	2
641	27
642	6
643	21
644	12
645	37
646	9
647	19
648	38
649	5
650	22
651	24
652	13
653	38
654	26
655	15
656	17
657	30
658	16
659	37
660	2
661	9
662	36
663	34
664	30
665	19
666	3
667	17
668	19
669	19
670	9
671	4
672	0
673	33
674	0
675	2
676	24
677	33
678	28
679	39
680	36
681	7
682	17
683	11
684	7
685	9
686	28
687	11
688	2
689	23
690	7
691	28
692	7
693	19
694	2
695	37
696	30
697	23
698	2
699	6
700	3
701	3
702	18
703	39
704	0
705	32
706	3
707	19
708	14
709	30
710	23
711	0
712	14
713	1
714	17
715	39
716	12
717	27
718	4
719	2
720	37
721	34
722	15
723	4
724	38
725	34
726	11
727	23
728	1
729	38
730	16
731	27
732	7
733	11
734	1
735	17
736	39
737	1
738	14
739	8
740	24
741	37
742	1
743	36
744	27
745	25
746	16
747	38
748	0
749	33
750	15
751	37
752	14
753	38
754	16
755	9
756	0
757	13
758	21
759	4
760	33
761	21
762	23
763	16
764	23
765	19
766	23
767	27
768	2
769	25
770	37
771	1
772	28
773	17
774	37
775	6
776	36
777	11
778	4
779	23
780	34
781	28
782	12
783	23
784	0
785	8
786	0
787	32
788	11
789	27
790	2
791	14
792	21
793	19
794	37
795	9
796	32
797	38
798	8
799	17
800	14
801	38
802	37
803	25
804	0
805	25
806	21
807	34
808	16
809	19
810	11
811	14
812	3
813	38
814	0
815	11
816	1
817	19
818	36
819	17
820	16
821	0
822	3
823	21
824	32
825	14
826	15
827	33
828	37
829	1
830	33
831	14
832	13
833	17
834	19
835	30
836	21
837	3
838	11
839	32
840	6
841	1
842	11
843	25
844	3
845	3
846	1
847	15
848	17
849	15
850	38
851	6
852	15
853	0
854	38
855	1
856	16
857	27
858	2
859	9
860	16
861	2
862	11
863	4
864	17
865	3
866	8
867	2
868	9
869	37
870	16
871	4
872	15
873	30
874	32
875	23
876	9
877	4
878	14
879	0
880	3
881	34
882	8
883	38
884	6
885	37
886	2
887	32
888	8
889	17
890	16
891	2
892	37
893	16
894	11
895	36
896	3
897	38
898	7
899	1
900	2
901	6
902	15
903	37
904	13
905	8
906	11
907	16
908	34
909	6
910	4
911	25
912	0
913	11
914	4
915	33
916	32
917	11
918	0
919	3
920	6
921	9
922	4
923	14
924	9
925	8
926	32
927	32
928	32
929	14
930	16
931	33
932	8
933	2
934	38
935	38
936	21
937	9
938	9
939	14
940	6
941	11
942	17
943	14
944	11
945	3
946	8
947	32
948	4
949	27
950	3
951	1
952	30
953	6
954	6
955	9
956	38
957	16
958	6
959	6
960	2
961	27
962	21
963	9
964	17
965	21
966	32
967	27
968	37
969	7
970	3
971	7
972	11
973	23
974	38
975	8
976	17
977	7
978	3
979	34
980	38
981	8
982	30
983	1
984	4
985	7
986	11
987	7
988	17
989	4
990	23
991	7
992	11
993	8
994	17
995	1
996	9
997	14
998	1
999	4
1000	38
