1	6
2	7
3	1
4	4
5	7
6	5
7	4
8	3
9	1
10	2
11	9
12	10
13	10
14	1
15	6
16	0
17	7
18	8
19	4
20	7
21	10
22	3
23	5
24	6
25	0
26	1
27	7
28	4
29	8
30	7
31	4
32	0
33	0
34	4
35	10
36	5
37	5
38	7
39	0
40	6
41	9
42	2
43	0
44	1
45	6
46	5
47	6
48	5
49	6
50	6
51	10
52	6
53	8
54	0
55	7
56	10
57	8
58	4
59	8
60	3
61	2
62	4
63	0
64	10
65	6
66	1
67	2
68	6
69	1
70	0
71	6
72	2
73	10
74	1
75	8
76	4
77	10
78	0
79	6
80	9
81	4
82	0
83	0
84	4
85	9
86	7
87	1
88	6
89	1
90	7
91	0
92	1
93	9
94	5
95	5
96	9
97	1
98	4
99	7
100	5
101	7
102	6
103	1
104	0
105	4
106	6
107	2
108	4
109	2
110	0
111	5
112	10
113	6
114	9
115	5
116	4
117	2
118	7
119	1
120	3
121	10
122	6
123	1
124	4
125	9
126	6
127	7
128	2
129	7
130	2
131	10
132	0
133	1
134	2
135	1
136	10
137	1
138	5
139	2
140	6
141	1
142	5
143	0
144	2
145	4
146	3
147	10
148	10
149	3
150	1
151	1
152	9
153	6
154	5
155	4
156	9
157	6
158	7
159	1
160	2
161	5
162	5
163	0
164	1
165	1
166	0
167	1
168	10
169	2
170	8
171	4
172	9
173	7
174	5
175	9
176	10
177	4
178	1
179	4
180	2
181	6
182	2
183	5
184	2
185	1
186	6
187	5
188	3
189	7
190	7
191	2
192	9
193	4
194	4
195	2
196	2
197	5
198	0
199	0
200	5
201	2
202	6
203	6
204	7
205	5
206	2
207	2
208	2
209	5
210	5
211	0
212	8
213	9
214	3
215	7
216	0
217	5
218	1
219	4
220	10
221	0
222	7
223	0
224	5
225	5
226	3
227	7
228	9
229	10
230	0
231	7
232	3
233	9
234	3
235	10
236	3
237	0
238	6
239	3
240	4
241	6
242	9
243	4
244	10
245	5
246	5
247	5
248	9
249	2
250	2
251	10
252	1
253	5
254	6
255	2
256	3
257	7
258	9
259	6
260	9
261	10
262	2
263	10
264	6
265	9
266	2
267	5
268	3
269	9
270	1
271	9
272	9
273	2
274	1
275	4
276	5
277	0
278	4
279	1
280	5
281	10
282	2
283	1
284	9
285	2
286	6
287	5
288	4
289	7
290	6
291	8
292	5
293	4
294	2
295	6
296	5
297	6
298	4
299	9
300	1
301	1
302	6
303	7
304	7
305	0
306	2
307	3
308	1
309	2
310	5
311	2
312	0
313	5
314	0
315	9
316	2
317	5
318	2
319	6
320	7
321	4
322	5
323	9
324	5
325	0
326	5
327	10
328	10
329	9
330	5
331	2
332	3
333	0
334	3
335	10
336	5
337	5
338	0
339	1
340	3
341	4
342	4
343	3
344	1
345	7
346	1
347	2
348	0
349	4
350	4
351	6
352	9
353	0
354	9
355	4
356	4
357	10
358	10
359	1
360	9
361	7
362	0
363	5
364	9
365	5
366	7
367	5
368	5
369	4
370	6
371	3
372	8
373	3
374	9
375	1
376	7
377	6
378	10
379	8
380	5
381	4
382	10
383	6
384	1
385	7
386	2
387	7
388	5
389	6
390	10
391	10
392	2
393	1
394	9
395	4
396	3
397	2
398	4
399	9
400	10
401	5
402	4
403	7
404	1
405	4
406	9
407	7
408	3
409	4
410	6
411	5
412	6
413	9
414	9
415	9
416	3
417	1
418	7
419	2
420	7
421	4
422	4
423	10
424	1
425	4
426	0
427	4
428	4
429	2
430	5
431	3
432	8
433	5
434	8
435	10
436	10
437	6
438	6
439	8
440	6
441	10
442	5
443	10
444	6
445	1
446	6
447	6
448	9
449	10
450	9
451	6
452	1
453	9
454	10
455	9
456	7
457	0
458	7
459	9
460	5
461	5
462	2
463	0
464	5
465	9
466	1
467	6
468	8
469	0
470	10
471	10
472	10
473	1
474	7
475	6
476	3
477	7
478	7
479	4
480	2
481	1
482	10
483	4
484	9
485	9
486	10
487	6
488	0
489	6
490	1
491	7
492	9
493	7
494	7
495	6
496	0
497	3
498	6
499	0
500	2
501	5
502	0
503	5
504	2
505	0
506	10
507	1
508	0
509	2
510	4
511	7
512	10
513	4
514	10
515	4
516	5
517	2
518	6
519	4
520	5
521	9
522	1
523	0
524	4
525	1
526	1
527	1
528	10
529	10
530	3
531	5
532	2
533	8
534	4
535	1
536	2
537	0
538	4
539	1
540	8
541	5
542	1
543	0
544	6
545	9
546	2
547	0
548	6
549	6
550	5
551	2
552	5
553	8
554	10
555	1
556	4
557	5
558	1
559	1
560	7
561	7
562	2
563	5
564	5
565	1
566	9
567	0
568	2
569	2
570	1
571	2
572	5
573	7
574	1
575	1
576	0
577	5
578	5
579	9
580	1
581	5
582	6
583	10
584	2
585	4
586	7
587	9
588	3
589	7
590	9
591	0
592	2
593	6
594	2
595	2
596	7
597	4
598	4
599	10
600	2
601	7
602	10
603	3
604	5
605	4
606	7
607	4
608	5
609	1
610	6
611	8
612	6
613	1
614	1
615	0
616	5
617	4
618	0
619	0
620	0
621	9
622	0
623	2
624	7
625	3
626	2
627	2
628	6
629	2
630	9
631	3
632	2
633	0
634	0
635	7
636	10
637	1
638	0
639	0
640	2
641	3
642	3
643	6
644	3
645	9
646	9
647	5
648	3
649	0
650	4
651	5
652	10
653	7
654	5
655	7
656	0
657	6
658	6
659	9
660	10
661	8
662	3
663	7
664	9
665	6
666	7
667	6
668	7
669	10
670	5
671	6
672	6
673	6
674	4
675	7
676	5
677	8
678	9
679	9
680	4
681	1
682	5
683	6
684	6
685	5
686	1
687	6
688	4
689	0
690	8
691	7
692	5
693	6
694	5
695	3
696	6
697	8
698	8
699	10
700	2
701	10
702	5
703	1
704	7
705	5
706	8
707	7
708	8
709	4
710	6
711	4
712	6
713	1
714	7
715	8
716	0
717	4
718	0
719	3
720	5
721	3
722	3
723	5
724	5
725	7
726	6
727	5
728	4
729	1
730	1
731	8
732	10
733	7
734	9
735	4
736	4
737	2
738	4
739	7
740	2
741	0
742	5
743	10
744	5
745	0
746	3
747	5
748	6
749	5
750	3
751	2
752	9
753	3
754	9
755	9
756	5
757	2
758	9
759	5
760	10
761	9
762	4
763	6
764	9
765	4
766	1
767	1
768	3
769	4
770	10
771	10
772	2
773	9
774	9
775	6
776	7
777	9
778	2
779	5
780	4
781	6
782	0
783	9
784	5
785	7
786	10
787	2
788	5
789	5
790	1
791	1
792	4
793	6
794	0
795	5
796	4
797	3
798	6
799	7
800	1
801	0
802	0
803	9
804	2
805	5
806	10
807	6
808	7
809	3
810	1
811	5
812	0
813	0
814	8
815	6
816	7
817	5
818	5
819	1
820	4
821	5
822	2
823	9
824	6
825	4
826	3
827	0
828	2
829	1
830	10
831	2
832	3
833	10
834	2
835	4
836	10
837	10
838	5
839	2
840	2
841	3
842	4
843	0
844	0
845	2
846	10
847	5
848	5
849	0
850	0
851	9
852	6
853	2
854	2
855	9
856	4
857	5
858	4
859	2
860	0
861	4
862	1
863	1
864	5
865	0
866	6
867	3
868	4
869	9
870	4
871	9
872	6
873	5
874	5
875	1
876	4
877	4
878	5
879	4
880	1
881	6
882	5
883	5
884	7
885	1
886	5
887	0
888	1
889	4
890	0
891	1
892	0
893	10
894	6
895	9
896	4
897	6
898	10
899	1
900	0
901	6
902	6
903	5
904	3
905	6
906	5
907	0
908	9
909	9
910	6
911	9
912	0
913	0
914	6
915	4
916	2
917	0
918	7
919	1
920	10
921	4
922	3
923	10
924	9
925	1
926	4
927	1
928	5
929	1
930	6
931	9
932	5
933	6
934	2
935	0
936	7
937	9
938	6
939	7
940	4
941	0
942	1
943	6
944	10
945	10
946	10
947	10
948	3
949	9
950	7
951	2
952	5
953	9
954	6
955	6
956	0
957	2
958	10
959	8
960	2
961	2
962	5
963	3
964	4
965	4
966	1
967	0
968	10
969	10
970	5
971	1
972	4
973	5
974	7
975	9
976	8
977	10
978	10
979	0
980	5
981	6
982	1
983	5
984	7
985	0
986	5
987	10
988	9
989	7
990	1
991	1
992	9
993	4
994	9
995	5
996	5
997	1
998	0
999	9
1000	4
