1	3
2	8
3	6
4	5
5	5
6	1
7	2
8	5
9	8
10	2
11	4
12	5
13	6
14	8
15	0
16	2
17	0
18	0
19	4
20	2
21	5
22	2
23	1
24	2
25	4
26	2
27	5
28	5
29	6
30	8
31	1
32	8
33	3
34	5
35	1
36	7
37	2
38	3
39	4
40	0
41	0
42	8
43	1
44	3
45	8
46	8
47	4
48	4
49	1
50	1
51	0
52	4
53	4
54	5
55	2
56	5
57	3
58	4
59	4
60	8
61	0
62	1
63	2
64	4
65	4
66	1
67	2
68	2
69	0
70	2
71	8
72	1
73	1
74	2
75	2
76	5
77	3
78	3
79	5
80	4
81	6
82	5
83	6
84	6
85	8
86	5
87	4
88	7
89	3
90	8
91	2
92	3
93	8
94	5
95	0
96	8
97	1
98	3
99	5
100	3
101	2
102	1
103	1
104	5
105	4
106	2
107	0
108	9
109	1
110	6
111	4
112	1
113	5
114	0
115	5
116	1
117	0
118	2
119	2
120	7
121	3
122	5
123	5
124	4
125	3
126	0
127	0
128	0
129	1
130	3
131	1
132	2
133	3
134	2
135	6
136	0
137	4
138	5
139	5
140	8
141	8
142	3
143	1
144	0
145	2
146	8
147	1
148	5
149	5
150	1
151	4
152	8
153	8
154	7
155	7
156	2
157	7
158	5
159	1
160	4
161	1
162	1
163	3
164	4
165	8
166	7
167	0
168	4
169	5
170	2
171	2
172	8
173	5
174	1
175	1
176	4
177	5
178	5
179	1
180	5
181	4
182	5
183	5
184	0
185	5
186	6
187	6
188	1
189	5
190	4
191	5
192	1
193	8
194	1
195	4
196	5
197	8
198	3
199	7
200	2
201	2
202	3
203	4
204	7
205	2
206	4
207	0
208	6
209	4
210	4
211	5
212	8
213	4
214	2
215	7
216	5
217	1
218	3
219	4
220	1
221	4
222	6
223	6
224	4
225	8
226	4
227	3
228	1
229	7
230	4
231	6
232	0
233	6
234	8
235	2
236	5
237	2
238	8
239	1
240	5
241	1
242	5
243	3
244	2
245	2
246	1
247	4
248	0
249	2
250	3
251	4
252	2
253	4
254	4
255	6
256	2
257	4
258	4
259	5
260	7
261	0
262	4
263	7
264	1
265	7
266	5
267	1
268	2
269	1
270	3
271	8
272	9
273	0
274	4
275	8
276	2
277	0
278	2
279	0
280	0
281	5
282	2
283	1
284	1
285	8
286	4
287	2
288	5
289	2
290	8
291	0
292	6
293	3
294	8
295	0
296	9
297	4
298	0
299	5
300	3
301	3
302	0
303	5
304	4
305	4
306	5
307	1
308	3
309	2
310	7
311	5
312	0
313	5
314	8
315	0
316	4
317	0
318	5
319	4
320	2
321	1
322	2
323	6
324	0
325	9
326	9
327	8
328	1
329	9
330	5
331	5
332	5
333	4
334	6
335	6
336	1
337	6
338	0
339	2
340	0
341	4
342	5
343	1
344	0
345	4
346	2
347	3
348	3
349	5
350	2
351	1
352	0
353	5
354	2
355	2
356	7
357	5
358	5
359	5
360	1
361	8
362	8
363	4
364	5
365	2
366	2
367	2
368	8
369	2
370	3
371	3
372	5
373	0
374	2
375	1
376	1
377	3
378	2
379	1
380	3
381	1
382	5
383	5
384	3
385	2
386	0
387	0
388	3
389	5
390	6
391	4
392	1
393	0
394	6
395	2
396	2
397	8
398	5
399	8
400	8
401	5
402	8
403	1
404	2
405	4
406	6
407	6
408	3
409	0
410	6
411	0
412	6
413	4
414	4
415	8
416	0
417	1
418	5
419	1
420	0
421	4
422	3
423	4
424	5
425	0
426	4
427	5
428	1
429	4
430	5
431	6
432	5
433	1
434	5
435	5
436	3
437	5
438	3
439	8
440	8
441	2
442	5
443	4
444	5
445	8
446	2
447	5
448	8
449	5
450	3
451	5
452	4
453	5
454	4
455	1
456	2
457	5
458	4
459	1
460	4
461	8
462	5
463	4
464	7
465	2
466	3
467	0
468	5
469	7
470	2
471	1
472	3
473	5
474	2
475	2
476	0
477	5
478	1
479	8
480	5
481	8
482	1
483	1
484	2
485	5
486	4
487	1
488	5
489	1
490	4
491	3
492	6
493	6
494	2
495	2
496	1
497	2
498	3
499	4
500	8
501	2
502	5
503	3
504	8
505	0
506	4
507	4
508	6
509	4
510	0
511	2
512	7
513	2
514	5
515	4
516	2
517	2
518	1
519	0
520	5
521	3
522	4
523	6
524	5
525	6
526	0
527	8
528	9
529	0
530	1
531	2
532	8
533	0
534	2
535	2
536	3
537	3
538	3
539	4
540	1
541	7
542	6
543	1
544	8
545	8
546	5
547	1
548	1
549	5
550	2
551	4
552	1
553	3
554	1
555	3
556	7
557	3
558	5
559	3
560	4
561	2
562	5
563	4
564	1
565	6
566	7
567	8
568	2
569	0
570	0
571	4
572	8
573	8
574	5
575	5
576	5
577	2
578	0
579	5
580	3
581	3
582	2
583	5
584	2
585	2
586	0
587	8
588	2
589	1
590	1
591	5
592	5
593	5
594	8
595	5
596	4
597	5
598	1
599	3
600	5
601	4
602	6
603	5
604	9
605	3
606	2
607	5
608	5
609	9
610	5
611	5
612	2
613	8
614	8
615	8
616	5
617	7
618	2
619	4
620	1
621	9
622	4
623	5
624	2
625	0
626	5
627	5
628	3
629	5
630	0
631	5
632	2
633	1
634	5
635	5
636	4
637	5
638	4
639	2
640	5
641	1
642	3
643	4
644	5
645	8
646	2
647	5
648	2
649	7
650	8
651	4
652	8
653	4
654	3
655	3
656	5
657	1
658	5
659	8
660	4
661	2
662	3
663	0
664	7
665	4
666	4
667	2
668	6
669	7
670	3
671	8
672	5
673	2
674	2
675	0
676	4
677	2
678	8
679	5
680	8
681	4
682	2
683	8
684	3
685	0
686	5
687	0
688	4
689	0
690	1
691	3
692	1
693	3
694	7
695	4
696	2
697	9
698	1
699	9
700	0
701	1
702	2
703	6
704	4
705	6
706	3
707	4
708	1
709	1
710	8
711	7
712	3
713	2
714	6
715	4
716	4
717	2
718	1
719	6
720	8
721	7
722	5
723	7
724	7
725	1
726	5
727	9
728	1
729	3
730	2
731	2
732	6
733	7
734	3
735	4
736	6
737	3
738	1
739	0
740	1
741	0
742	7
743	4
744	2
745	1
746	8
747	7
748	1
749	5
750	2
751	4
752	8
753	8
754	3
755	6
756	5
757	2
758	5
759	2
760	6
761	5
762	7
763	8
764	5
765	1
766	5
767	0
768	2
769	8
770	4
771	3
772	4
773	8
774	2
775	1
776	0
777	0
778	8
779	6
780	0
781	4
782	0
783	6
784	0
785	5
786	1
787	8
788	2
789	2
790	7
791	1
792	6
793	5
794	2
795	8
796	1
797	5
798	5
799	5
800	4
801	5
802	3
803	5
804	4
805	8
806	8
807	5
808	1
809	6
810	5
811	5
812	1
813	0
814	5
815	8
816	2
817	4
818	6
819	1
820	5
821	1
822	4
823	6
824	1
825	2
826	4
827	1
828	7
829	3
830	5
831	6
832	8
833	6
834	2
835	3
836	3
837	7
838	4
839	5
840	5
841	4
842	8
843	2
844	0
845	5
846	6
847	0
848	2
849	5
850	4
851	6
852	1
853	2
854	0
855	1
856	5
857	5
858	3
859	1
860	1
861	0
862	4
863	1
864	3
865	8
866	9
867	8
868	4
869	8
870	5
871	1
872	1
873	2
874	5
875	9
876	8
877	5
878	8
879	6
880	2
881	1
882	2
883	0
884	4
885	1
886	4
887	6
888	2
889	2
890	4
891	5
892	4
893	5
894	3
895	5
896	4
897	6
898	3
899	5
900	4
901	3
902	1
903	6
904	5
905	1
906	3
907	4
908	1
909	4
910	4
911	0
912	8
913	8
914	8
915	4
916	2
917	2
918	5
919	5
920	5
921	6
922	1
923	3
924	5
925	3
926	4
927	5
928	4
929	5
930	3
931	8
932	3
933	7
934	6
935	1
936	8
937	5
938	2
939	9
940	5
941	2
942	4
943	1
944	1
945	4
946	2
947	5
948	3
949	7
950	2
951	5
952	1
953	1
954	5
955	5
956	5
957	2
958	2
959	7
960	2
961	8
962	3
963	5
964	5
965	6
966	4
967	1
968	1
969	4
970	2
971	1
972	6
973	1
974	5
975	2
976	3
977	0
978	8
979	4
980	2
981	5
982	4
983	0
984	5
985	8
986	4
987	4
988	6
989	3
990	6
991	8
992	1
993	3
994	5
995	5
996	0
997	0
998	1
999	0
1000	8
