1	289
1	320
1	332
1	420
1	600
1	748
2	674
2	759
2	942
2	943
2	958
2	986
3	56
3	198
3	682
3	707
3	771
3	887
4	131
4	160
4	446
4	781
4	956
4	959
5	195
5	308
5	379
5	483
5	485
5	926
6	153
6	310
6	549
6	694
6	769
6	843
7	61
7	139
7	358
7	389
7	440
7	995
8	89
8	130
8	242
8	275
8	369
8	857
9	503
9	505
9	717
9	722
9	884
9	967
10	377
10	666
10	842
10	897
10	964
10	971
11	255
11	389
11	451
11	459
11	786
11	824
12	60
12	433
12	495
12	519
12	565
12	615
13	50
13	106
13	164
13	165
13	225
13	245
14	260
14	319
14	591
14	639
14	729
14	740
15	309
15	536
15	606
15	618
15	984
15	988
16	140
16	323
16	329
16	363
16	437
16	446
17	108
17	613
17	673
17	722
17	776
17	942
18	665
18	715
18	716
18	880
18	930
18	952
19	98
19	186
19	404
19	600
19	698
19	752
20	179
20	180
20	371
20	499
20	977
20	988
21	465
21	547
21	642
21	679
21	781
21	959
22	101
22	654
22	680
22	862
22	939
22	989
23	357
23	365
23	584
23	622
23	757
23	972
24	520
24	678
24	797
24	862
24	927
24	944
25	60
25	326
25	339
25	444
25	506
25	927
26	34
26	118
26	132
26	422
26	572
26	767
27	700
27	802
27	819
27	844
27	901
27	921
28	86
28	256
28	683
28	711
28	808
28	899
29	43
29	488
29	494
29	500
29	602
29	983
30	484
30	915
30	918
30	919
30	941
30	985
31	43
31	204
31	304
31	705
31	798
31	853
32	154
32	503
32	696
32	747
32	937
32	990
33	56
33	426
33	463
33	525
33	652
33	726
34	26
34	269
34	629
34	777
34	805
34	878
35	286
35	341
35	431
35	784
35	793
35	908
36	348
36	556
36	578
36	616
36	944
36	997
37	501
37	750
37	759
37	785
37	893
37	950
38	372
38	373
38	672
38	746
38	758
38	770
39	298
39	828
39	850
39	862
39	888
39	927
40	674
40	772
40	812
40	814
40	942
40	986
41	191
41	288
41	447
41	592
41	652
41	762
42	165
42	186
42	564
42	671
42	752
42	769
43	29
43	31
43	74
43	447
43	592
43	652
44	124
44	227
44	287
44	760
44	912
44	946
45	442
45	589
45	798
45	805
45	878
45	946
46	161
46	456
46	634
46	666
46	924
46	937
47	233
47	264
47	281
47	312
47	472
47	989
48	252
48	430
48	473
48	498
48	682
48	723
49	786
49	867
49	871
49	882
49	939
49	989
50	13
50	53
50	106
50	245
50	621
50	837
51	222
51	253
51	295
51	307
51	533
51	864
52	196
52	733
52	766
52	784
52	913
52	928
53	50
53	106
53	165
53	245
53	776
53	835
54	354
54	426
54	447
54	463
54	525
54	563
55	128
55	885
55	889
55	931
55	950
55	968
56	3
56	33
56	234
56	525
56	563
56	808
57	130
57	388
57	539
57	551
57	688
57	839
58	279
58	325
58	715
58	743
58	943
58	952
59	268
59	471
59	480
59	499
59	671
59	965
60	12
60	25
60	185
60	325
60	904
60	926
61	7
61	95
61	342
61	389
61	689
61	929
62	195
62	538
62	543
62	742
62	837
62	847
63	125
63	213
63	243
63	518
63	705
63	745
64	305
64	558
64	748
64	836
64	892
64	908
65	350
65	760
65	765
65	847
65	912
65	954
66	274
66	482
66	526
66	807
66	863
66	864
67	70
67	152
67	221
67	418
67	529
67	656
68	234
68	338
68	770
68	775
68	915
68	960
69	333
69	364
69	502
69	515
69	759
69	863
70	67
70	87
70	221
70	418
70	658
70	854
71	735
71	812
71	822
71	902
71	933
71	945
72	348
72	557
72	703
72	802
72	859
72	967
73	252
73	430
73	473
73	498
73	903
73	935
74	43
74	164
74	308
74	379
74	485
74	934
75	318
75	775
75	905
75	954
75	980
75	987
76	317
76	577
76	623
76	792
76	883
76	921
77	349
77	375
77	535
77	840
77	917
77	969
78	319
78	599
78	618
78	652
78	884
78	967
79	114
79	655
79	874
79	953
79	957
79	991
80	595
80	806
80	931
80	949
80	950
80	971
81	543
81	553
81	820
81	835
81	847
81	880
82	128
82	226
82	891
82	941
82	957
82	996
83	360
83	601
83	725
83	922
83	936
83	962
84	248
84	369
84	851
84	867
84	871
84	882
85	213
85	305
85	503
85	542
85	884
85	967
86	28
86	366
86	880
86	899
86	943
86	952
87	70
87	152
87	221
87	418
87	801
87	995
88	171
88	309
88	658
88	792
88	960
88	984
89	8
89	477
89	683
89	711
89	808
89	828
90	217
90	248
90	405
90	832
90	941
90	957
91	536
91	706
91	710
91	726
91	751
91	822
92	279
92	550
92	598
92	709
92	873
92	956
93	407
93	415
93	419
93	428
93	644
93	853
94	330
94	433
94	519
94	565
94	615
94	946
95	61
95	145
95	342
95	389
95	885
95	924
96	602
96	674
96	886
96	966
96	994
96	1000
97	325
97	412
97	478
97	646
97	654
97	987
98	19
98	268
98	324
98	564
98	752
98	986
99	582
99	766
99	835
99	866
99	880
99	943
100	140
100	190
100	674
100	925
100	958
100	986
101	22
101	377
101	787
101	840
101	875
101	932
102	230
102	697
102	815
102	826
102	847
102	906
103	388
103	401
103	903
103	931
103	949
103	950
104	283
104	584
104	637
104	750
104	759
104	785
105	292
105	382
105	429
105	484
105	916
105	931
106	13
106	50
106	53
106	165
106	420
106	498
107	408
107	786
107	809
107	851
107	871
107	882
108	17
108	285
108	576
108	657
108	722
108	776
109	381
109	468
109	540
109	559
109	636
109	685
110	234
110	466
110	824
110	836
110	892
110	919
111	131
111	241
111	287
111	439
111	586
111	912
112	207
112	243
112	384
112	555
112	745
112	848
113	284
113	512
113	801
113	832
113	941
113	996
114	79
114	251
114	254
114	293
114	417
114	938
115	176
115	658
115	849
115	960
115	970
115	984
116	300
116	639
116	664
116	729
116	740
116	822
117	226
117	461
117	523
117	601
117	615
117	846
118	26
118	132
118	244
118	422
118	572
118	850
119	132
119	244
119	268
119	388
119	422
119	572
120	257
120	356
120	403
120	588
120	709
120	916
121	167
121	226
121	228
121	493
121	601
121	890
122	446
122	509
122	966
122	983
122	994
122	1000
123	292
123	382
123	429
123	484
123	757
123	997
124	44
124	241
124	314
124	479
124	765
124	912
125	63
125	697
125	726
125	732
125	751
125	822
126	611
126	664
126	705
126	729
126	853
126	953
127	277
127	392
127	524
127	609
127	614
127	699
128	55
128	82
128	474
128	483
128	683
128	808
129	159
129	406
129	464
129	534
129	834
129	955
130	8
130	57
130	242
130	275
130	278
130	992
131	4
131	111
131	223
131	306
131	679
131	959
132	26
132	118
132	119
132	422
132	849
132	881
133	215
133	299
133	724
133	890
133	982
133	999
134	196
134	287
134	403
134	457
134	500
134	602
135	285
135	407
135	419
135	428
135	622
135	671
136	197
136	227
136	291
136	352
136	421
136	475
137	581
137	669
137	828
137	829
137	871
137	926
138	450
138	479
138	646
138	654
138	686
138	788
139	7
139	145
139	342
139	382
139	389
139	921
140	16
140	100
140	509
140	520
140	548
140	896
141	203
141	534
141	679
141	781
141	908
141	959
142	455
142	733
142	848
142	876
142	885
142	978
143	591
143	612
143	754
143	938
143	979
143	998
144	356
144	732
144	902
144	933
144	945
144	983
145	95
145	139
145	342
145	389
145	557
145	670
146	174
146	465
146	670
146	782
146	791
146	998
147	208
147	351
147	838
147	883
147	891
147	901
148	708
148	900
148	904
148	970
148	988
148	998
149	573
149	708
149	844
149	885
149	961
149	978
150	507
150	533
150	854
150	968
150	972
150	974
151	350
151	730
151	870
151	934
151	951
151	969
152	67
152	87
152	221
152	418
152	866
152	937
153	6
153	216
153	533
153	549
153	694
153	879
154	32
154	576
154	605
154	673
154	776
154	970
155	187
155	266
155	516
155	660
155	790
155	868
156	505
156	566
156	574
156	596
156	715
156	882
157	523
157	681
157	755
157	908
157	926
157	929
158	610
158	648
158	672
158	758
158	770
158	817
159	129
159	476
159	712
159	768
159	772
159	874
160	4
160	212
160	587
160	627
160	781
160	959
161	46
161	259
161	335
161	404
161	410
161	956
162	386
162	481
162	665
162	837
162	897
162	963
163	411
163	434
163	843
163	890
163	982
163	999
164	13
164	74
164	842
164	922
164	936
164	962
165	13
165	42
165	53
165	106
165	245
165	307
166	526
166	611
166	636
166	807
166	863
166	864
167	121
167	352
167	443
167	461
167	523
167	601
168	300
168	337
168	533
168	543
168	549
168	694
169	173
169	787
169	790
169	932
169	939
169	989
170	299
170	475
170	504
170	511
170	743
170	749
171	88
171	280
171	329
171	446
171	509
171	548
172	566
172	655
172	693
172	836
172	953
172	991
173	169
173	657
173	669
173	828
173	829
173	907
174	146
174	548
174	638
174	670
174	782
174	791
175	595
175	800
175	870
175	931
175	949
175	968
176	115
176	267
176	716
176	750
176	943
176	952
177	680
177	744
177	787
177	814
177	939
177	989
178	516
178	650
178	680
178	893
178	922
178	932
179	20
179	352
179	509
179	547
179	629
179	783
180	20
180	303
180	710
180	713
180	926
180	929
181	225
181	318
181	550
181	686
181	944
181	997
182	194
182	539
182	714
182	839
182	922
182	939
183	667
183	737
183	909
183	935
183	961
183	995
184	258
184	408
184	597
184	636
184	685
184	819
185	60
185	336
185	399
185	412
185	506
185	628
186	19
186	42
186	617
186	671
186	752
186	947
187	155
187	364
187	502
187	788
187	835
187	997
188	742
188	827
188	903
188	931
188	968
188	992
189	606
189	629
189	832
189	873
189	941
189	957
190	100
190	589
190	712
190	834
190	920
190	955
191	41
191	223
191	234
191	592
191	652
191	885
192	297
192	324
192	359
192	486
192	883
192	999
193	605
193	673
193	722
193	776
193	830
193	845
194	182
194	548
194	593
194	714
194	839
194	948
195	5
195	62
195	308
195	379
195	485
195	874
196	52
196	134
196	521
196	643
196	690
196	928
197	136
197	205
197	291
197	421
197	899
197	966
198	3
198	240
198	473
198	682
198	771
198	1000
199	589
199	593
199	688
199	714
199	785
199	839
200	411
200	529
200	767
200	803
200	823
200	845
201	600
201	653
201	739
201	852
201	946
201	967
202	301
202	451
202	813
202	856
202	933
202	945
203	141
203	260
203	643
203	749
203	873
203	964
204	31
204	614
204	703
204	718
204	853
204	953
205	197
205	227
205	291
205	376
205	421
205	862
206	484
206	833
206	915
206	919
206	985
206	989
207	112
207	367
207	417
207	518
207	745
207	940
208	147
208	727
208	792
208	883
208	901
208	969
209	502
209	590
209	842
209	865
209	873
209	928
210	719
210	769
210	850
210	876
210	961
210	978
211	273
211	282
211	311
211	535
211	650
211	973
212	160
212	334
212	466
212	505
212	641
212	959
213	63
213	85
213	343
213	518
213	555
213	745
214	246
214	340
214	690
214	865
214	873
214	913
215	133
215	676
215	890
215	923
215	988
215	999
216	153
216	310
216	533
216	576
216	694
216	726
217	90
217	712
217	741
217	789
217	955
217	997
218	476
218	589
218	694
218	789
218	861
218	955
219	557
219	628
219	660
219	784
219	790
219	868
219	973
220	596
220	732
220	856
220	902
220	910
220	933
220	945
221	67
221	70
221	87
221	152
221	418
221	807
221	901
222	51
222	253
222	295
222	307
222	493
222	535
222	660
223	131
223	191
223	371
223	447
223	579
223	652
223	888
224	483
224	591
224	639
224	648
224	729
224	740
224	862
225	13
225	181
225	331
225	502
225	873
225	944
225	997
226	82
226	117
226	121
226	292
226	461
226	523
226	601
227	44
227	136
227	205
227	291
227	413
227	421
227	756
228	121
228	320
228	333
228	461
228	523
228	590
228	601
229	482
229	647
229	846
229	861
229	951
229	969
229	987
230	102
230	550
230	598
230	600
230	693
230	844
230	855
231	448
231	748
231	824
231	825
231	836
231	892
231	896
232	500
232	638
232	647
232	662
232	861
232	934
232	969
233	47
233	250
233	264
233	281
233	312
233	472
233	690
234	56
234	68
234	110
234	191
234	775
234	849
234	984
235	297
235	424
235	573
235	650
235	794
235	875
235	939
236	299
236	338
236	635
236	731
236	743
236	827
236	955
237	621
237	625
237	670
237	782
237	791
237	815
237	983
238	357
238	508
238	649
238	667
238	668
238	779
238	917
239	362
239	452
239	462
239	467
239	470
239	508
239	602
240	198
240	522
240	647
240	682
240	707
240	771
240	992
241	111
241	124
241	456
241	765
241	793
241	832
241	912
242	8
242	130
242	275
242	278
242	369
242	371
242	870
243	63
243	112
243	360
243	366
243	378
243	555
243	745
244	118
244	119
244	422
244	572
244	592
244	826
244	843
245	13
245	50
245	53
245	165
245	563
245	775
245	872
246	214
246	657
246	669
246	738
246	828
246	829
246	959
247	466
247	585
247	725
247	764
247	824
247	892
247	973
248	84
248	90
248	433
248	755
248	821
248	926
248	929
249	297
249	359
249	434
249	455
249	486
249	524
249	709
250	233
250	702
250	817
250	887
250	909
250	956
250	973
251	114
251	254
251	261
251	417
251	668
251	821
251	928
252	48
252	73
252	430
252	473
252	498
252	688
252	894
253	51
253	222
253	295
253	307
253	493
253	679
253	871
254	114
254	251
254	261
254	293
254	417
254	794
254	818
255	11
255	282
255	393
255	400
255	451
255	459
255	899
256	28
256	505
256	528
256	574
256	596
256	838
256	872
257	120
257	323
257	521
257	665
257	727
257	757
257	946
258	184
258	336
258	697
258	706
258	714
258	822
258	980
259	161
259	335
259	340
259	369
259	410
259	458
259	813
260	14
260	203
260	749
260	831
260	865
260	873
260	913
261	251
261	254
261	293
261	328
261	417
261	444
261	870
262	445
262	502
262	683
262	727
262	852
262	918
262	946
263	266
263	532
263	597
263	684
263	793
263	887
263	908
264	47
264	233
264	281
264	312
264	472
264	579
264	841
265	273
265	282
265	311
265	344
265	535
265	544
265	861
266	155
266	263
266	546
266	569
266	631
266	633
266	805
267	176
267	621
267	644
267	880
267	899
267	943
267	952
268	59
268	98
268	119
268	299
268	404
268	671
268	752
269	34
269	777
269	798
269	805
269	878
269	882
269	927
270	756
270	809
270	878
270	945
270	948
270	994
270	1000
271	276
271	289
271	320
271	332
271	626
271	901
271	980
272	486
272	812
272	904
272	938
272	970
272	979
272	998
273	211
273	265
273	311
273	535
273	589
273	779
273	849
274	66
274	435
274	761
274	798
274	820
274	837
274	847
275	8
275	130
275	242
275	278
275	369
275	375
275	963
276	271
276	289
276	320
276	332
276	420
276	516
276	539
277	127
277	520
277	678
277	736
277	888
277	927
277	933
278	130
278	242
278	275
278	313
278	328
278	369
278	900
279	58
279	92
279	465
279	679
279	866
279	899
279	952
280	171
280	317
280	727
280	749
280	900
280	907
280	979
281	47
281	233
281	264
281	312
281	472
281	480
281	949
282	211
282	255
282	265
282	344
282	448
282	535
282	952
283	104
283	656
283	702
283	795
283	817
283	876
283	995
284	113
284	334
284	477
284	683
284	711
284	808
284	977
285	108
285	135
285	407
285	415
285	419
285	428
285	936
286	35
286	608
286	638
286	802
286	804
286	831
286	869
287	44
287	111
287	134
287	722
287	760
287	765
287	912
288	41
288	574
288	749
288	766
288	873
288	913
288	928
289	1
289	271
289	276
289	332
289	420
289	445
289	887
290	562
290	621
290	625
290	670
290	782
290	791
290	926
291	136
291	197
291	205
291	227
291	421
291	458
291	849
292	105
292	123
292	226
292	382
292	429
292	795
292	841
293	114
293	254
293	261
293	417
293	940
293	981
293	989
294	371
294	677
294	827
294	889
294	949
294	950
294	968
295	51
295	222
295	253
295	493
295	520
295	874
295	964
296	437
296	698
296	717
296	772
296	884
296	924
296	967
297	192
297	235
297	249
297	324
297	455
297	939
297	978
298	39
298	515
298	744
298	890
298	923
298	982
298	999
299	133
299	170
299	236
299	268
299	511
299	562
299	635
300	116
300	168
300	416
300	489
300	729
300	740
300	834
301	202
301	583
301	645
301	673
301	826
301	855
301	916
302	553
302	610
302	815
302	853
302	877
302	985
302	991
303	180
303	744
303	861
303	890
303	923
303	982
303	999
304	31
304	725
304	812
304	874
304	953
304	963
304	991
305	64
305	85
305	437
305	717
305	800
305	917
305	967
306	131
306	334
306	413
306	781
306	913
306	940
306	959
307	51
307	165
307	222
307	253
307	436
307	493
307	748
308	5
308	74
308	195
308	379
308	423
308	485
308	917
309	15
309	88
309	453
309	458
309	658
309	849
309	931
310	6
310	216
310	337
310	549
310	694
310	856
310	993
311	211
311	265
311	273
311	344
311	455
311	535
311	634
312	47
312	233
312	264
312	281
312	341
312	472
312	895
313	278
313	333
313	441
313	515
313	788
313	923
313	997
314	124
314	659
314	689
314	840
314	901
314	917
314	945
315	384
315	569
315	631
315	638
315	699
315	793
315	804
316	541
316	684
316	735
316	771
316	856
316	933
316	945
317	76
317	280
317	814
317	900
317	939
317	970
317	979
318	75
318	181
318	512
318	651
318	797
318	944
318	997
319	14
319	78
319	599
319	734
319	800
319	884
319	967
320	1
320	228
320	271
320	276
320	420
320	632
320	967
321	508
321	564
321	767
321	792
321	823
321	845
321	927
322	464
322	713
322	821
322	889
322	918
322	926
322	929
323	16
323	257
323	521
323	602
323	666
323	852
323	946
324	98
324	192
324	297
324	434
324	486
324	591
324	978
325	58
325	60
325	97
325	326
325	339
325	444
325	506
326	25
326	325
326	399
326	506
326	818
326	837
326	912
327	672
327	693
327	762
327	763
327	841
327	852
327	860
328	261
328	278
328	632
328	846
328	861
328	969
328	994
329	16
329	171
329	363
329	509
329	548
329	619
329	675
330	94
330	601
330	638
330	784
330	831
330	869
330	908
331	225
331	512
331	615
331	788
331	912
331	944
331	997
332	1
332	271
332	276
332	289
332	333
332	420
332	969
333	69
333	228
333	313
333	332
333	441
333	515
333	735
334	212
334	284
334	306
334	465
334	679
334	959
334	990
335	161
335	259
335	340
335	393
335	410
335	458
335	871
336	185
336	258
336	360
336	620
336	751
336	822
336	855
337	168
337	310
337	533
337	694
337	781
337	808
337	886
338	68
338	236
338	457
338	504
338	511
338	725
338	743
339	25
339	325
339	340
339	399
339	444
339	886
339	944
340	214
340	259
340	335
340	339
340	410
340	458
340	927
341	35
341	312
341	521
341	768
341	910
341	980
341	987
342	61
342	95
342	139
342	145
342	389
342	552
342	991
343	213
343	652
343	746
343	801
343	832
343	941
343	996
344	265
344	282
344	311
344	535
344	594
344	631
344	831
345	354
345	397
345	492
345	507
345	644
345	854
345	882
346	509
346	858
346	904
346	915
346	918
346	919
346	985
347	415
347	438
347	725
347	876
347	880
347	936
347	962
348	36
348	72
348	472
348	502
348	512
348	616
348	997
349	77
349	489
349	538
349	634
349	728
349	924
349	990
350	65
350	151
350	387
350	760
350	765
350	769
350	912
351	147
351	365
351	479
351	559
351	622
351	753
351	757
352	136
352	167
352	179
352	662
352	803
352	981
352	988
353	362
353	452
353	462
353	467
353	470
353	862
353	914
354	54
354	345
354	681
354	700
354	821
354	926
354	929
355	373
355	468
355	635
355	648
355	758
355	770
355	897
356	120
356	144
356	531
356	583
356	709
356	855
356	906
357	23
357	238
357	559
357	622
357	753
357	757
357	804
358	7
358	633
358	659
358	804
358	831
358	836
358	908
359	192
359	249
359	434
359	455
359	759
359	832
359	902
360	83
360	243
360	336
360	620
360	706
360	726
360	822
361	621
361	625
361	670
361	782
361	791
361	798
361	877
362	239
362	353
362	462
362	467
362	470
362	620
362	836
363	16
363	329
363	446
363	509
363	548
363	697
363	907
364	69
364	187
364	616
364	625
364	799
364	944
364	997
365	23
365	351
365	598
365	617
365	753
365	757
365	981
366	86
366	243
366	518
366	555
366	745
366	847
366	873
367	207
367	390
367	524
367	561
367	699
367	708
367	853
368	421
368	721
368	765
368	909
368	935
368	973
368	995
369	8
369	84
369	242
369	259
369	275
369	278
369	478
370	386
370	514
370	606
370	849
370	960
370	982
370	984
371	20
371	223
371	242
371	294
371	447
371	592
371	652
372	38
372	562
372	719
372	925
372	942
372	958
372	986
373	38
373	355
373	648
373	672
373	737
373	758
373	902
374	511
374	626
374	689
374	911
374	930
374	972
374	974
375	77
375	275
375	464
375	659
375	779
375	840
375	917
376	205
376	661
376	719
376	750
376	809
376	958
376	986
377	10
377	101
377	585
377	599
377	800
377	884
377	967
378	243
378	409
378	469
378	575
378	893
378	939
378	989
379	5
379	74
379	195
379	308
379	485
379	533
379	747
380	487
380	617
380	851
380	867
380	871
380	882
380	954
381	109
381	540
381	597
381	636
381	685
381	820
381	827
382	105
382	123
382	139
382	292
382	429
382	484
382	852
383	753
383	856
383	896
383	902
383	933
383	945
383	961
384	112
384	315
384	559
384	622
384	753
384	757
384	911
385	739
385	783
385	910
385	951
385	954
385	980
385	987
386	162
386	370
386	596
386	780
386	963
386	971
386	975
387	350
387	439
387	501
387	760
387	765
387	912
387	975
388	57
388	103
388	119
388	593
388	688
388	714
388	839
389	7
389	11
389	61
389	95
389	139
389	145
389	342
389	929
390	367
390	392
390	395
390	524
390	561
390	614
390	699
390	839
391	395
391	445
391	793
391	886
391	948
391	966
391	983
391	1000
392	127
392	390
392	561
392	613
392	614
392	688
392	699
392	959
393	255
393	335
393	400
393	451
393	459
393	608
393	979
394	406
394	612
394	637
394	750
394	759
394	785
394	791
394	942
395	390
395	391
395	680
395	720
395	737
395	787
395	875
395	932
396	476
396	510
396	744
396	765
396	893
396	923
396	982
396	999
397	345
397	559
397	691
397	826
397	895
397	930
397	972
397	974
398	547
398	649
398	659
398	689
398	840
398	866
398	902
398	917
399	185
399	326
399	339
399	444
399	506
399	558
399	667
399	684
400	255
400	393
400	451
400	452
400	459
400	807
400	962
401	103
401	588
401	848
401	885
401	911
401	934
401	961
401	978
402	403
402	573
402	610
402	698
402	807
402	816
402	863
402	864
403	120
403	134
403	402
403	598
403	796
403	855
403	906
403	916
404	19
404	161
404	268
404	471
404	480
404	574
404	671
404	752
405	90
405	774
405	877
405	886
405	900
405	941
405	957
405	996
406	129
406	394
406	741
406	772
406	789
406	834
406	955
406	985
407	93
407	135
407	285
407	415
407	419
407	428
407	554
407	757
408	107
408	184
408	540
408	597
408	636
408	685
408	986
408	994
409	378
409	424
409	600
409	787
409	794
409	864
409	921
409	989
410	161
410	259
410	335
410	340
410	458
410	572
410	692
410	945
411	163
411	200
411	578
411	890
411	923
411	982
411	995
411	999
412	97
412	185
412	450
412	479
412	646
412	654
412	764
412	910
413	227
413	306
413	496
413	537
413	619
413	778
413	830
413	896
414	508
414	552
414	575
414	586
414	767
414	823
414	845
414	860
415	93
415	285
415	347
415	407
415	419
415	428
415	661
415	919
416	300
416	504
416	505
416	528
416	574
416	596
416	834
417	114
417	207
417	251
417	254
417	261
417	293
417	995
417	1000
418	67
418	70
418	87
418	152
418	221
418	522
418	570
418	649
419	93
419	135
419	285
419	407
419	415
419	428
419	537
419	978
420	1
420	106
420	276
420	289
420	320
420	332
420	825
420	941
421	136
421	197
421	205
421	227
421	291
421	368
421	673
421	752
422	26
422	118
422	119
422	132
422	244
422	572
422	756
422	962
423	308
423	482
423	691
423	835
423	895
423	911
423	947
423	974
424	235
424	409
424	598
424	720
424	875
424	939
424	989
424	993
425	583
425	612
425	833
425	858
425	915
425	918
425	919
425	985
426	33
426	54
426	463
426	525
426	563
426	568
426	640
426	964
427	499
427	536
427	864
427	894
427	944
427	963
427	988
427	992
428	93
428	135
428	285
428	407
428	415
428	419
428	726
428	835
429	105
429	123
429	292
429	382
429	484
429	707
429	833
429	1000
430	48
430	73
430	252
430	473
430	498
430	718
430	852
430	958
431	35
431	588
431	769
431	876
431	885
431	934
431	961
431	978
432	681
432	755
432	777
432	811
432	821
432	886
432	926
432	929
433	12
433	94
433	248
433	495
433	519
433	565
433	615
433	869
434	163
434	249
434	324
434	359
434	450
434	455
434	486
434	788
435	274
435	797
435	823
435	858
435	913
435	918
435	919
435	985
436	307
436	577
436	696
436	728
436	755
436	920
436	924
436	990
437	16
437	296
437	305
437	503
437	717
437	760
437	800
437	967
438	347
438	449
438	825
438	842
438	922
438	936
438	962
438	972
439	111
439	387
439	760
439	765
439	813
439	874
439	876
439	912
440	7
440	457
440	576
440	742
440	761
440	820
440	837
440	847
441	313
441	333
441	611
441	616
441	694
441	788
441	983
441	997
442	45
442	443
442	684
442	798
442	805
442	878
442	979
442	980
443	167
443	442
443	624
443	697
443	706
443	721
443	751
443	758
444	25
444	261
444	325
444	339
444	399
444	506
444	675
444	890
445	262
445	289
445	391
445	534
445	665
445	727
445	852
445	946
446	4
446	16
446	122
446	171
446	363
446	504
446	509
446	548
447	41
447	43
447	54
447	223
447	371
447	562
447	592
447	652
448	231
448	282
448	585
448	748
448	824
448	892
448	895
448	990
449	438
449	530
449	560
449	710
449	763
449	841
449	860
449	897
450	138
450	412
450	434
450	478
450	523
450	616
450	646
450	654
451	11
451	202
451	255
451	393
451	400
451	459
451	591
451	745
452	239
452	353
452	400
452	462
452	467
452	470
452	623
452	702
453	309
453	603
453	775
453	824
453	827
453	914
453	960
453	984
454	593
454	672
454	780
454	881
454	940
454	943
454	965
454	976
455	142
455	249
455	297
455	311
455	359
455	434
455	486
455	758
456	46
456	241
456	575
456	651
456	809
456	812
456	925
456	942
457	134
457	338
457	440
457	488
457	494
457	500
457	602
457	881
458	259
458	291
458	309
458	335
458	340
458	410
458	661
458	960
459	11
459	255
459	393
459	400
459	451
459	507
459	815
459	993
460	774
460	801
460	847
460	889
460	891
460	941
460	996
460	998
461	117
461	167
461	226
461	228
461	510
461	517
461	523
461	943
462	239
462	353
462	362
462	452
462	470
462	816
462	899
462	922
463	33
463	54
463	426
463	525
463	563
463	695
463	791
463	877
464	129
464	322
464	375
464	522
464	531
464	682
464	707
464	771
465	21
465	146
465	279
465	334
465	679
465	781
465	799
465	959
466	110
466	212
466	247
466	585
466	633
466	748
466	836
466	892
467	239
467	353
467	362
467	452
467	470
467	523
467	532
467	846
468	109
468	355
468	508
468	648
468	672
468	758
468	770
468	974
469	378
469	584
469	701
469	819
469	883
469	901
469	972
469	988
470	239
470	353
470	362
470	452
470	462
470	467
470	773
470	839
471	59
471	404
471	480
471	492
471	564
471	671
471	752
471	957
472	47
472	233
472	264
472	281
472	312
472	348
472	513
472	911
473	48
473	73
473	198
473	252
473	430
473	498
473	587
473	866
474	128
474	477
474	607
474	683
474	711
474	808
474	845
474	980
475	136
475	170
475	505
475	557
475	703
475	802
475	843
475	859
476	159
476	218
476	396
476	687
476	772
476	789
476	834
476	955
477	89
477	284
477	474
477	483
477	597
477	711
477	808
477	928
478	97
478	369
478	450
478	479
478	646
478	654
478	846
478	951
479	124
479	138
479	351
479	412
479	478
479	646
479	654
479	878
480	59
480	281
480	404
480	471
480	526
480	564
480	651
480	671
481	162
481	496
481	548
481	627
481	640
481	963
481	964
481	993
482	66
482	229
482	423
482	526
482	698
482	807
482	863
482	864
483	5
483	128
483	224
483	477
483	514
483	683
483	711
483	808
484	30
484	105
484	123
484	206
484	382
484	429
484	486
484	595
485	5
485	74
485	195
485	308
485	379
485	540
485	649
485	935
486	192
486	249
486	272
486	324
486	434
486	455
486	484
486	958
487	380
487	604
487	787
487	857
487	881
487	914
487	965
487	976
488	29
488	457
488	494
488	500
488	602
488	616
488	891
488	975
489	300
489	349
489	518
489	591
489	622
489	639
489	729
489	740
490	655
490	705
490	786
490	877
490	951
490	953
490	976
490	991
491	508
491	529
491	552
491	652
491	767
491	823
491	845
491	931
492	345
492	471
492	835
492	854
492	911
492	960
492	972
492	986
493	121
493	222
493	253
493	295
493	307
493	626
493	755
493	970
494	29
494	457
494	488
494	500
494	602
494	737
494	831
494	856
495	12
495	433
495	519
495	565
495	615
495	850
495	903
495	909
496	413
496	481
496	513
496	712
496	731
496	736
496	824
496	830
496	896
497	569
497	648
497	691
497	833
497	854
497	895
497	911
497	930
497	972
498	48
498	73
498	106
498	252
498	430
498	473
498	633
498	762
498	809
499	20
499	59
499	427
499	662
499	773
499	898
499	977
499	981
499	997
500	29
500	134
500	232
500	457
500	488
500	494
500	572
500	602
500	809
501	37
501	387
501	612
501	637
501	680
501	750
501	759
501	785
501	822
502	69
502	187
502	209
502	225
502	262
502	348
502	716
502	778
502	944
503	9
503	32
503	85
503	437
503	800
503	884
503	918
503	967
503	991
504	170
504	338
504	416
504	446
504	511
504	562
504	610
504	635
504	743
505	9
505	156
505	212
505	256
505	416
505	475
505	528
505	574
505	596
506	25
506	185
506	325
506	326
506	399
506	444
506	553
506	555
506	985
507	150
507	345
507	459
507	561
507	785
507	835
507	854
507	947
507	972
508	238
508	239
508	321
508	414
508	468
508	491
508	767
508	823
508	845
509	122
509	140
509	171
509	179
509	329
509	346
509	363
509	446
509	548
510	396
510	461
510	744
510	786
510	890
510	923
510	971
510	982
510	999
511	170
511	299
511	338
511	374
511	504
511	562
511	743
511	782
511	939
512	113
512	318
512	331
512	348
512	515
512	757
512	788
512	908
512	944
513	472
513	496
513	554
513	619
513	778
513	830
513	884
513	896
513	905
514	370
514	483
514	635
514	658
514	775
514	834
514	913
514	960
514	984
515	69
515	298
515	313
515	333
515	512
515	687
515	774
515	788
515	944
516	155
516	178
516	276
516	703
516	753
516	802
516	843
516	859
516	868
517	461
517	530
517	693
517	762
517	806
517	841
517	860
517	894
517	982
518	63
518	207
518	213
518	366
518	489
518	555
518	745
518	982
518	987
519	12
519	94
519	433
519	495
519	565
519	615
519	789
519	853
519	989
520	24
520	140
520	277
520	295
520	693
520	734
520	850
520	862
520	927
521	196
521	257
521	323
521	341
521	534
521	643
521	709
521	852
521	946
522	240
522	418
522	464
522	531
522	659
522	682
522	707
522	771
522	863
523	117
523	157
523	167
523	226
523	228
523	450
523	461
523	467
523	601
524	127
524	249
524	367
524	390
524	561
524	614
524	699
524	956
524	965
525	33
525	54
525	56
525	426
525	463
525	563
525	599
525	950
525	954
526	66
526	166
526	480
526	482
526	698
526	766
526	863
526	864
526	999
527	682
527	692
527	734
527	736
527	792
527	803
527	850
527	888
527	999
528	256
528	416
528	505
528	574
528	596
528	893
528	952
528	985
529	67
529	200
529	491
529	552
529	647
529	681
529	823
529	845
529	910
530	449
530	517
530	743
530	762
530	763
530	806
530	860
530	899
530	991
531	356
531	464
531	522
531	665
531	682
531	707
531	732
531	771
531	896
532	263
532	467
532	638
532	639
532	784
532	804
532	869
532	887
532	913
533	51
533	150
533	153
533	168
533	216
533	337
533	379
533	549
533	694
534	129
534	141
534	445
534	521
534	665
534	727
534	832
534	852
534	946
535	77
535	211
535	222
535	265
535	273
535	282
535	311
535	344
535	670
536	15
536	91
536	427
536	713
536	894
536	977
536	981
536	988
536	992
537	413
537	419
537	567
537	619
537	677
537	687
537	718
537	731
537	896
538	62
538	349
538	666
538	728
538	737
538	816
538	920
538	924
538	990
539	57
539	182
539	276
539	566
539	611
539	688
539	714
539	839
539	983
540	109
540	381
540	408
540	485
540	597
540	636
540	685
540	849
540	901
541	316
541	637
541	675
541	732
541	813
541	856
541	865
541	877
541	933
542	85
542	725
542	825
542	842
542	902
542	922
542	936
542	962
542	994
543	62
543	81
543	168
543	592
543	742
543	761
543	820
543	837
543	933
544	265
544	640
544	663
544	704
544	881
544	890
544	914
544	940
544	965
545	626
545	772
545	797
545	810
545	833
545	858
545	915
545	918
545	985
546	266
546	635
546	695
546	818
546	872
546	964
546	971
546	975
546	993
547	21
547	179
547	398
547	675
547	724
547	728
547	894
547	898
547	981
548	140
548	171
548	174
548	194
548	329
548	363
548	446
548	481
548	509
549	6
549	153
549	168
549	310
549	533
549	639
549	694
549	753
549	838
550	92
550	181
550	230
550	813
550	826
550	844
550	906
550	916
550	966
551	57
551	833
551	884
551	886
551	948
551	966
551	983
551	994
551	1000
552	342
552	414
552	491
552	529
552	767
552	823
552	845
552	917
552	957
553	81
553	302
553	506
553	700
553	742
553	761
553	820
553	837
553	847
554	407
554	513
554	619
554	640
554	687
554	778
554	830
554	896
554	965
555	112
555	213
555	243
555	366
555	506
555	518
555	563
555	745
555	938
556	36
556	676
556	886
556	894
556	948
556	963
556	983
556	994
556	1000
557	72
557	145
557	219
557	475
557	628
557	834
557	843
557	859
557	918
558	64
558	399
558	585
558	717
558	748
558	804
558	824
558	836
558	892
559	109
559	351
559	357
559	384
559	397
559	708
559	753
559	757
559	996
560	449
560	693
560	762
560	806
560	841
560	857
560	860
560	864
560	953
561	367
561	390
561	392
561	507
561	524
561	614
561	699
561	717
561	966
562	290
562	299
562	372
562	447
562	504
562	511
562	635
562	743
562	823
563	54
563	56
563	245
563	426
563	463
563	525
563	555
563	872
563	937
564	42
564	98
564	321
564	471
564	480
564	597
564	671
564	752
564	801
565	12
565	94
565	433
565	495
565	519
565	615
565	728
565	880
565	998
566	156
566	172
566	539
566	610
566	718
566	853
566	877
566	918
566	991
567	537
567	687
567	731
567	778
567	830
567	881
567	896
567	910
567	943
568	426
568	603
568	642
568	702
568	792
568	795
568	817
568	907
568	956
569	266
569	315
569	497
569	638
569	745
569	784
569	831
569	904
569	908
570	418
570	684
570	777
570	798
570	805
570	878
570	932
570	974
570	978
571	613
571	614
571	789
571	825
571	842
571	848
571	922
571	936
571	962
572	26
572	118
572	119
572	244
572	410
572	422
572	500
572	852
572	963
573	149
573	235
573	402
573	622
573	698
573	733
573	807
573	863
573	864
574	156
574	256
574	288
574	404
574	416
574	505
574	528
574	596
574	965
575	378
575	414
575	456
575	651
575	674
575	812
575	914
575	925
575	958
576	108
576	154
576	216
576	440
576	605
576	673
576	722
576	760
576	776
577	76
577	436
577	589
577	632
577	819
577	838
577	883
577	901
577	921
578	36
578	411
578	722
578	744
578	830
578	890
578	923
578	982
578	999
579	223
579	264
579	587
579	604
579	663
579	740
579	811
579	857
579	965
579	993
580	581
580	657
580	669
580	738
580	828
580	829
580	851
580	920
580	946
580	981
581	137
581	580
581	657
581	669
581	738
581	800
581	828
581	829
581	843
581	955
582	99
582	630
582	715
582	716
582	793
582	866
582	880
582	899
582	943
582	977
583	301
583	356
583	425
583	721
583	826
583	841
583	844
583	906
583	914
583	916
584	23
584	104
584	469
584	621
584	700
584	758
584	838
584	883
584	901
584	921
585	247
585	377
585	448
585	466
585	558
585	823
585	824
585	826
585	892
585	991
586	111
586	414
586	608
586	634
586	666
586	781
586	924
586	937
586	945
586	990
587	160
587	473
587	579
587	796
587	811
587	857
587	940
587	961
587	965
587	976
588	120
588	401
588	431
588	708
588	788
588	848
588	876
588	885
588	961
588	978
589	45
589	190
589	199
589	218
589	273
589	577
589	741
589	772
589	834
589	955
590	209
590	228
590	690
590	742
590	749
590	766
590	865
590	913
590	920
590	928
591	14
591	143
591	224
591	324
591	451
591	489
591	639
591	729
591	740
591	776
592	41
592	43
592	191
592	244
592	371
592	447
592	543
592	652
592	706
592	931
593	194
593	199
593	388
593	454
593	688
593	714
593	839
593	890
593	968
593	982
594	344
594	632
594	647
594	668
594	699
594	861
594	870
594	934
594	951
594	969
595	80
595	175
595	484
595	632
595	769
595	808
595	827
595	889
595	949
595	968
596	156
596	220
596	256
596	386
596	416
596	505
596	528
596	574
596	655
596	950
597	184
597	263
597	381
597	408
597	477
597	540
597	564
597	636
597	685
597	916
598	92
598	230
598	365
598	403
598	424
598	617
598	815
598	855
598	906
598	916
599	78
599	319
599	377
599	525
599	800
599	818
599	884
599	903
599	920
599	967
600	1
600	19
600	201
600	230
600	409
600	665
600	727
600	838
600	852
600	946
601	83
601	117
601	121
601	167
601	226
601	228
601	330
601	523
601	625
601	781
602	29
602	96
602	134
602	239
602	323
602	457
602	488
602	494
602	500
602	831
603	453
603	568
603	618
603	658
603	666
603	849
603	882
603	891
603	960
603	984
604	487
604	579
604	701
604	733
604	738
604	780
604	796
604	914
604	915
604	965
605	154
605	193
605	576
605	653
605	673
605	706
605	722
605	776
605	796
605	932
606	15
606	189
606	370
606	630
606	695
606	775
606	849
606	960
606	967
606	984
607	474
607	678
607	692
607	734
607	736
607	831
607	850
607	888
607	923
607	927
608	286
608	393
608	586
608	666
608	696
608	706
608	879
608	920
608	937
608	990
609	127
609	617
609	732
609	786
609	845
609	851
609	867
609	871
609	882
609	934
610	158
610	302
610	402
610	504
610	566
610	643
610	655
610	718
610	874
610	991
611	126
611	166
611	441
611	539
611	655
611	704
611	705
611	874
611	877
611	953
612	143
612	394
612	425
612	501
612	637
612	673
612	750
612	760
612	785
612	904
613	17
613	392
613	571
613	725
613	777
613	825
613	842
613	922
613	936
613	962
614	127
614	204
614	390
614	392
614	524
614	561
614	571
614	678
614	699
614	979
615	12
615	94
615	117
615	331
615	433
615	495
615	519
615	565
615	686
615	885
616	36
616	348
616	364
616	441
616	450
616	488
616	906
616	922
616	944
616	997
617	186
617	365
617	380
617	598
617	609
617	786
617	851
617	867
617	871
617	882
618	15
618	78
618	603
618	658
618	775
618	819
618	849
618	879
618	960
618	984
619	329
619	413
619	513
619	537
619	554
619	623
619	687
619	721
619	731
619	896
620	336
620	360
620	362
620	624
620	627
620	697
620	726
620	822
620	829
620	993
621	50
621	237
621	267
621	290
621	361
621	584
621	625
621	670
621	782
621	791
622	23
622	135
622	351
622	357
622	384
622	489
622	573
622	753
622	757
622	878
623	76
623	452
623	619
623	879
623	888
623	905
623	910
623	954
623	980
623	987
624	443
624	620
624	635
624	706
624	726
624	751
624	822
624	932
624	962
624	996
625	237
625	290
625	361
625	364
625	601
625	621
625	670
625	782
625	791
625	938
626	271
626	374
626	493
626	545
626	649
626	835
626	895
626	930
626	947
626	972
627	160
627	481
627	620
627	701
627	747
627	818
627	872
627	964
627	971
627	993
628	185
628	219
628	557
628	630
628	660
628	790
628	802
628	815
628	868
628	916
629	34
629	179
629	189
629	810
629	894
629	898
629	968
629	977
629	988
629	992
630	582
630	606
630	628
630	659
630	666
630	728
630	920
630	924
630	937
630	990
631	266
631	315
631	344
631	638
631	831
631	869
631	887
631	908
631	990
631	1000
632	320
632	328
632	577
632	594
632	595
632	664
632	870
632	934
632	951
632	969
633	266
633	358
633	466
633	498
633	753
633	793
633	831
633	869
633	887
633	908
634	46
634	311
634	349
634	586
634	657
634	790
634	920
634	924
634	937
634	990
635	236
635	299
635	355
635	504
635	514
635	546
635	562
635	624
635	743
635	898
636	109
636	166
636	184
636	381
636	408
636	540
636	597
636	678
636	685
636	714
637	104
637	394
637	501
637	541
637	612
637	683
637	750
637	759
637	785
637	950
638	174
638	232
638	286
638	315
638	330
638	532
638	569
638	631
638	793
638	832
639	14
639	116
639	224
639	489
639	532
639	549
639	591
639	729
639	740
639	830
640	426
640	481
640	544
640	554
640	822
640	897
640	963
640	971
640	975
640	993
641	212
641	646
641	669
641	739
641	798
641	889
641	903
641	931
641	950
641	968
642	21
642	568
642	713
642	773
642	817
642	858
642	935
642	956
642	973
642	985
643	196
643	203
643	521
643	610
643	749
643	766
643	865
643	873
643	895
643	913
644	93
644	267
644	345
644	657
644	835
644	854
644	917
644	947
644	972
644	974
645	301
645	756
645	853
645	877
645	916
645	948
645	966
645	983
645	994
645	1000
646	97
646	138
646	412
646	450
646	478
646	479
646	641
646	654
646	679
646	864
646	928
647	229
647	232
647	240
647	529
647	594
647	723
647	846
647	934
647	936
647	951
647	969
648	158
648	224
648	355
648	373
648	468
648	497
648	672
648	744
648	751
648	758
648	770
649	238
649	398
649	418
649	485
649	626
649	667
649	668
649	684
649	689
649	779
649	917
650	178
650	211
650	235
650	655
650	677
650	720
650	875
650	893
650	909
650	932
650	939
651	318
651	456
651	480
651	575
651	674
651	711
651	809
651	883
651	925
651	942
651	958
652	33
652	41
652	43
652	78
652	191
652	223
652	343
652	371
652	447
652	491
652	592
653	201
653	605
653	656
653	737
653	764
653	771
653	773
653	795
653	956
653	973
653	995
654	22
654	97
654	138
654	412
654	450
654	478
654	479
654	646
654	739
654	852
654	994
655	79
655	172
655	490
655	596
655	610
655	611
655	650
655	718
655	874
655	947
655	959
656	67
656	283
656	653
656	737
656	761
656	773
656	788
656	799
656	935
656	956
656	995
657	108
657	173
657	246
657	580
657	581
657	634
657	644
657	723
657	738
657	828
657	829
658	70
658	88
658	115
658	309
658	514
658	603
658	618
658	689
658	960
658	961
658	969
659	314
659	358
659	375
659	398
659	522
659	630
659	668
659	692
659	779
659	840
659	917
660	155
660	219
660	222
660	628
660	790
660	835
660	843
660	857
660	859
660	868
660	936
661	376
661	415
661	458
661	702
661	737
661	795
661	870
661	909
661	935
661	956
661	995
662	232
662	352
662	499
662	766
662	803
662	810
662	825
662	865
662	894
662	981
662	992
663	544
663	579
663	706
663	710
663	751
663	780
663	799
663	857
663	940
663	945
663	976
664	116
664	126
664	632
664	723
664	805
664	846
664	861
664	934
664	951
664	969
664	994
665	18
665	162
665	257
665	445
665	531
665	534
665	600
665	727
665	852
665	946
665	981
666	10
666	46
666	323
666	538
666	586
666	603
666	608
666	630
666	920
666	924
666	937
667	183
667	238
667	399
667	649
667	668
667	689
667	779
667	840
667	917
667	974
667	993
668	238
668	251
668	594
668	649
668	659
668	667
668	779
668	820
668	840
668	891
668	917
669	137
669	173
669	246
669	580
669	581
669	641
669	738
669	766
669	828
669	829
669	932
670	145
670	146
670	174
670	237
670	290
670	361
670	535
670	621
670	625
670	787
670	791
671	42
671	59
671	135
671	186
671	268
671	404
671	471
671	480
671	564
671	840
671	987
672	38
672	158
672	327
672	373
672	454
672	468
672	648
672	758
672	759
672	770
672	821
673	17
673	154
673	193
673	301
673	421
673	576
673	605
673	612
673	722
673	776
673	934
674	2
674	40
674	96
674	100
674	575
674	651
674	746
674	880
674	894
674	958
674	986
675	329
675	444
675	541
675	547
675	724
675	803
675	898
675	977
675	988
675	992
675	996
676	215
676	556
676	810
676	851
676	884
676	886
676	948
676	966
676	983
676	994
676	1000
677	294
677	537
677	650
677	751
677	816
677	900
677	904
677	907
677	938
677	970
677	979
678	24
678	277
678	607
678	614
678	636
678	740
678	850
678	862
678	888
678	927
678	930
679	21
679	131
679	141
679	253
679	279
679	334
679	465
679	646
679	776
679	781
679	959
680	22
680	177
680	178
680	395
680	501
680	691
680	787
680	794
680	932
680	959
680	986
681	157
681	354
681	432
681	529
681	713
681	755
681	765
681	821
681	905
681	926
681	929
682	3
682	48
682	198
682	240
682	464
682	522
682	527
682	531
682	687
682	707
682	771
683	28
683	89
683	128
683	262
683	284
683	474
683	483
683	637
683	778
683	808
683	965
684	263
684	316
684	399
684	442
684	570
684	649
684	712
684	777
684	798
684	805
684	878
685	109
685	184
685	381
685	408
685	540
685	597
685	636
685	895
685	962
685	979
685	996
686	138
686	181
686	615
686	768
686	879
686	905
686	910
686	936
686	954
686	980
686	987
687	476
687	515
687	537
687	554
687	567
687	619
687	682
687	731
687	778
687	830
687	896
688	57
688	199
688	252
688	388
688	392
688	539
688	593
688	714
688	736
688	808
688	839
689	61
689	314
689	374
689	398
689	649
689	658
689	667
689	779
689	840
689	857
689	917
690	196
690	214
690	233
690	590
690	728
690	865
690	873
690	913
690	928
690	958
690	973
691	397
691	423
691	497
691	680
691	886
691	895
691	911
691	933
691	947
691	956
691	974
692	410
692	527
692	607
692	659
692	736
692	850
692	862
692	888
692	927
692	937
692	941
693	172
693	230
693	327
693	517
693	520
693	560
693	763
693	806
693	841
693	850
693	860
694	6
694	153
694	168
694	216
694	218
694	310
694	337
694	441
694	533
694	549
694	829
695	463
695	546
695	606
695	697
695	708
695	769
695	848
695	876
695	885
695	961
695	978
696	32
696	436
696	608
696	728
696	791
696	901
696	920
696	937
696	942
696	972
696	990
697	102
697	125
697	258
697	363
697	443
697	620
697	695
697	706
697	751
697	822
697	949
698	19
698	296
698	402
698	482
698	526
698	573
698	699
698	807
698	821
698	863
698	864
699	127
699	315
699	367
699	390
699	392
699	524
699	561
699	594
699	614
699	698
699	906
700	27
700	354
700	553
700	584
700	701
700	792
700	819
700	838
700	865
700	878
700	921
701	469
701	604
701	627
701	700
701	792
701	810
701	819
701	838
701	883
701	921
701	955
702	250
702	283
702	452
702	568
702	661
702	721
702	905
702	915
702	935
702	956
702	980
703	72
703	204
703	475
703	516
703	802
703	843
703	848
703	859
703	867
703	868
703	975
704	544
704	611
704	799
704	854
704	857
704	881
704	914
704	916
704	940
704	943
704	976
705	31
705	63
705	126
705	490
705	611
705	874
705	877
705	904
705	912
705	953
705	991
706	91
706	258
706	360
706	443
706	592
706	605
706	608
706	624
706	663
706	697
706	726
707	3
707	240
707	429
707	464
707	522
707	531
707	682
707	771
707	892
707	918
707	992
708	148
708	149
708	367
708	559
708	588
708	695
708	842
708	876
708	885
708	961
708	978
709	92
709	120
709	249
709	356
709	521
709	779
709	815
709	826
709	844
709	855
709	967
710	91
710	180
710	449
710	663
710	814
710	816
710	900
710	907
710	938
710	979
710	998
711	28
711	89
711	284
711	474
711	477
711	483
711	651
711	723
711	808
711	968
711	984
712	159
712	190
712	217
712	496
712	684
712	741
712	772
712	789
712	810
712	834
712	955
713	180
713	322
713	536
713	642
713	681
713	755
713	777
713	821
713	909
713	926
713	929
714	182
714	194
714	199
714	258
714	388
714	539
714	593
714	636
714	688
714	768
714	839
715	18
715	58
715	156
715	582
715	807
715	866
715	899
715	905
715	943
715	952
715	978
716	18
716	176
716	502
716	582
716	827
716	839
716	866
716	880
716	899
716	943
716	952
717	9
717	296
717	305
717	437
717	558
717	561
717	718
717	800
717	884
717	951
717	967
718	204
718	430
718	537
718	566
718	610
718	655
718	717
718	853
718	870
718	953
718	991
719	210
719	372
719	376
719	755
719	772
719	809
719	812
719	914
719	925
719	942
719	986
720	395
720	424
720	650
720	734
720	783
720	784
720	794
720	875
720	893
720	989
720	995
721	368
721	443
721	583
721	619
721	702
721	817
721	909
721	925
721	956
721	973
721	995
722	9
722	17
722	108
722	193
722	287
722	576
722	578
722	605
722	673
722	773
722	776
723	48
723	647
723	657
723	664
723	711
723	846
723	861
723	870
723	896
723	934
723	951
724	133
724	547
724	675
724	745
724	803
724	810
724	829
724	898
724	966
724	988
724	992
725	83
725	247
725	304
725	338
725	347
725	542
725	613
725	779
725	825
725	922
725	936
725	962
726	33
726	91
726	125
726	216
726	360
726	428
726	620
726	624
726	706
726	751
726	822
726	869
727	208
727	257
727	262
727	280
727	445
727	534
727	600
727	665
727	767
727	852
727	946
727	976
728	349
728	436
728	538
728	547
728	565
728	630
728	690
728	696
728	920
728	924
728	937
728	990
729	14
729	116
729	126
729	224
729	300
729	489
729	591
729	639
729	735
729	740
729	892
729	955
730	151
730	746
730	774
730	801
730	832
730	891
730	895
730	912
730	941
730	957
730	990
730	996
731	236
731	496
731	537
731	567
731	619
731	687
731	747
731	778
731	795
731	830
731	871
731	896
732	125
732	144
732	220
732	531
732	541
732	609
732	735
732	813
732	902
732	933
732	945
732	974
733	52
733	142
733	573
733	604
733	761
733	796
733	799
733	811
733	857
733	881
733	940
733	976
734	319
734	520
734	527
734	607
734	720
734	736
734	830
734	850
734	862
734	888
734	899
734	927
735	71
735	316
735	333
735	729
735	732
735	798
735	802
735	813
735	856
735	902
735	933
735	945
736	277
736	496
736	527
736	607
736	688
736	692
736	734
736	746
736	850
736	862
736	875
736	888
737	183
737	373
737	395
737	494
737	538
737	653
737	656
737	661
737	867
737	956
737	973
737	995
738	246
738	580
738	581
738	604
738	657
738	669
738	783
738	828
738	829
738	881
738	941
738	985
739	201
739	385
739	641
739	654
739	827
739	828
739	889
739	903
739	931
739	949
739	950
739	968
740	14
740	116
740	224
740	300
740	489
740	579
740	591
740	639
740	678
740	729
740	778
740	782
741	217
741	406
741	589
741	712
741	772
741	789
741	795
741	796
741	834
741	935
741	955
741	960
742	62
742	188
742	440
742	543
742	553
742	590
742	761
742	820
742	837
742	847
742	915
742	980
743	58
743	170
743	236
743	338
743	504
743	511
743	530
743	562
743	635
743	784
743	876
743	973
744	177
744	298
744	303
744	396
744	510
744	578
744	648
744	902
744	923
744	977
744	982
744	999
745	63
745	112
745	207
745	213
745	243
745	366
745	451
745	518
745	555
745	569
745	724
745	994
746	38
746	343
746	674
746	730
746	736
746	801
746	832
746	891
746	923
746	941
746	957
746	996
747	32
747	379
747	627
747	731
747	872
747	903
747	927
747	963
747	964
747	971
747	975
747	993
748	1
748	64
748	231
748	307
748	448
748	466
748	558
748	763
748	824
748	836
748	846
748	892
749	170
749	203
749	260
749	280
749	288
749	590
749	643
749	865
749	873
749	879
749	913
749	928
750	37
750	104
750	176
750	376
750	394
750	501
750	612
750	637
750	759
750	785
750	796
750	800
751	91
751	125
751	336
751	443
751	624
751	648
751	663
751	677
751	697
751	726
751	822
751	929
752	19
752	42
752	98
752	186
752	268
752	404
752	421
752	471
752	564
752	865
752	949
752	973
753	351
753	357
753	365
753	383
753	384
753	516
753	549
753	559
753	622
753	633
753	757
753	900
754	143
754	814
754	816
754	898
754	904
754	907
754	935
754	938
754	942
754	970
754	994
754	998
755	157
755	248
755	432
755	436
755	493
755	681
755	713
755	719
755	821
755	926
755	929
755	999
756	227
756	270
756	422
756	645
756	886
756	891
756	948
756	952
756	966
756	983
756	994
756	1000
757	23
757	123
757	257
757	351
757	357
757	365
757	384
757	407
757	512
757	559
757	622
757	753
758	38
758	158
758	355
758	373
758	443
758	455
758	468
758	584
758	648
758	672
758	770
758	923
759	2
759	37
759	69
759	104
759	359
759	394
759	501
759	637
759	672
759	750
759	785
759	861
760	44
760	65
760	287
760	350
760	387
760	437
760	439
760	576
760	612
760	907
760	912
760	933
761	274
761	440
761	543
761	553
761	656
761	733
761	742
761	820
761	837
761	847
761	855
761	959
762	41
762	327
762	498
762	517
762	530
762	560
762	763
762	806
762	841
762	860
762	871
762	911
763	327
763	449
763	530
763	693
763	748
763	762
763	806
763	841
763	860
763	882
763	909
763	962
764	247
764	412
764	653
764	818
764	872
764	888
764	897
764	963
764	964
764	971
764	975
764	993
765	65
765	124
765	241
765	287
765	350
765	368
765	387
765	396
765	439
765	681
765	912
765	971
766	52
766	99
766	288
766	526
766	590
766	643
766	662
766	669
766	865
766	913
766	917
766	928
767	26
767	200
767	321
767	414
767	491
767	508
767	552
767	727
767	823
767	845
767	864
767	883
768	159
768	341
768	686
768	714
768	783
768	879
768	905
768	942
768	954
768	980
768	987
768	995
769	6
769	42
769	210
769	350
769	431
769	595
769	695
769	848
769	876
769	885
769	961
769	978
770	38
770	68
770	158
770	355
770	468
770	648
770	672
770	758
770	931
770	981
770	984
770	998
771	3
771	198
771	240
771	316
771	464
771	522
771	531
771	653
771	682
771	707
771	781
771	915
772	40
772	159
772	296
772	406
772	476
772	545
772	589
772	712
772	719
772	741
772	789
772	834
773	470
773	499
773	642
773	653
773	656
773	722
773	795
773	817
773	839
773	909
773	973
773	995
774	405
774	460
774	515
774	730
774	801
774	806
774	832
774	891
774	919
774	948
774	957
774	996
775	68
775	75
775	234
775	245
775	453
775	514
775	606
775	618
775	892
775	939
775	960
775	984
776	17
776	53
776	108
776	154
776	193
776	576
776	591
776	605
776	673
776	679
776	722
776	827
777	34
777	269
777	432
777	570
777	613
777	684
777	713
777	798
777	805
777	878
777	892
777	940
778	413
778	502
778	513
778	554
778	567
778	683
778	687
778	731
778	740
778	830
778	896
778	927
779	238
779	273
779	375
779	649
779	659
779	667
779	668
779	689
779	709
779	725
779	807
779	840
780	386
780	454
780	604
780	663
780	796
780	825
780	857
780	880
780	914
780	940
780	976
780	989
781	4
781	21
781	141
781	160
781	306
781	337
781	465
781	586
781	601
781	679
781	771
781	885
781	959
782	146
782	174
782	237
782	290
782	361
782	511
782	621
782	625
782	740
782	791
782	821
782	861
782	936
783	179
783	385
783	720
783	738
783	768
783	845
783	879
783	905
783	910
783	925
783	954
783	980
783	987
784	35
784	52
784	219
784	330
784	532
784	569
784	720
784	743
784	789
784	804
784	831
784	869
784	887
785	37
785	104
785	199
785	394
785	501
785	507
785	612
785	637
785	750
785	759
785	892
785	930
785	992
786	11
786	49
786	107
786	490
786	510
786	609
786	617
786	851
786	867
786	871
786	882
786	931
786	982
787	101
787	169
787	177
787	395
787	409
787	487
787	670
787	680
787	875
787	893
787	972
787	976
787	989
788	138
788	187
788	313
788	331
788	434
788	441
788	512
788	515
788	588
788	656
788	944
788	957
788	997
789	217
789	218
789	406
789	476
789	519
789	571
789	712
789	741
789	772
789	784
789	857
789	955
789	968
790	155
790	169
790	219
790	628
790	634
790	660
790	802
790	843
790	859
790	868
790	906
790	948
790	974
791	146
791	174
791	237
791	290
791	361
791	394
791	463
791	621
791	625
791	670
791	696
791	782
791	826
792	76
792	88
792	208
792	321
792	527
792	568
792	700
792	701
792	819
792	838
792	841
792	901
792	921
793	35
793	241
793	263
793	315
793	391
793	582
793	633
793	638
793	804
793	824
793	869
793	887
793	908
794	235
794	254
794	409
794	680
794	720
794	819
794	893
794	921
794	932
794	939
794	972
794	975
794	989
795	283
795	292
795	568
795	653
795	661
795	731
795	741
795	773
795	884
795	909
795	935
795	973
795	995
796	403
796	587
796	604
796	605
796	733
796	741
796	750
796	780
796	914
796	938
796	940
796	965
796	976
797	24
797	318
797	435
797	545
797	833
797	858
797	915
797	918
797	919
797	953
797	957
797	983
797	985
798	31
798	45
798	269
798	274
798	361
798	442
798	570
798	641
798	684
798	735
798	777
798	805
798	878
799	364
799	465
799	656
799	663
799	704
799	733
799	836
799	857
799	881
799	914
799	965
799	976
799	996
800	175
800	305
800	319
800	377
800	437
800	503
800	581
800	599
800	717
800	750
800	884
800	954
800	967
801	87
801	113
801	343
801	460
801	564
801	730
801	746
801	774
801	844
801	891
801	933
801	957
801	996
802	27
802	72
802	286
802	475
802	516
802	628
802	703
802	735
802	790
802	836
802	843
802	859
802	868
803	200
803	352
803	527
803	662
803	675
803	724
803	811
803	894
803	932
803	977
803	981
803	988
803	992
804	286
804	315
804	357
804	358
804	532
804	558
804	784
804	793
804	869
804	887
804	906
804	941
804	997
805	34
805	45
805	266
805	269
805	442
805	570
805	664
805	684
805	777
805	798
805	820
805	851
805	878
806	80
806	517
806	530
806	560
806	693
806	762
806	763
806	774
806	840
806	841
806	860
806	906
806	913
807	66
807	166
807	221
807	400
807	402
807	482
807	573
807	698
807	715
807	779
807	818
807	863
807	864
808	28
808	56
808	89
808	128
808	284
808	337
808	474
808	477
808	483
808	595
808	683
808	688
808	711
809	107
809	270
809	376
809	456
809	498
809	500
809	651
809	719
809	812
809	925
809	942
809	958
809	986
810	545
810	629
810	662
810	676
810	701
810	712
810	724
810	898
810	977
810	981
810	988
810	992
810	998
811	432
811	579
811	587
811	733
811	803
811	857
811	881
811	914
811	939
811	940
811	957
811	965
811	976
812	40
812	71
812	272
812	304
812	456
812	575
812	719
812	809
812	925
812	942
812	958
812	970
812	986
813	202
813	259
813	439
813	541
813	550
813	732
813	735
813	856
813	902
813	933
813	945
813	948
813	969
814	40
814	177
814	317
814	710
814	754
814	883
814	900
814	904
814	907
814	938
814	955
814	970
814	998
815	102
815	237
815	302
815	459
815	598
815	628
815	709
815	826
815	844
815	855
815	906
815	916
815	947
816	402
816	462
816	538
816	677
816	710
816	754
816	833
816	859
816	907
816	938
816	970
816	979
816	998
817	158
817	250
817	283
817	568
817	642
817	721
817	773
817	868
817	929
817	935
817	949
817	965
817	973
818	254
818	326
818	546
818	599
818	627
818	764
818	807
818	854
818	872
818	897
818	964
818	975
818	993
819	27
819	184
819	469
819	577
819	618
819	700
819	701
819	792
819	794
819	838
819	883
819	921
819	981
820	81
820	274
820	381
820	440
820	543
820	553
820	668
820	742
820	761
820	805
820	837
820	847
820	910
821	248
821	251
821	322
821	354
821	432
821	672
821	681
821	698
821	713
821	755
821	782
821	926
821	929
822	71
822	91
822	116
822	125
822	258
822	336
822	360
822	501
822	620
822	624
822	640
822	697
822	726
822	751
823	200
823	321
823	414
823	435
823	491
823	508
823	529
823	552
823	562
823	585
823	767
823	845
823	875
823	960
824	11
824	110
824	231
824	247
824	448
824	453
824	496
824	558
824	585
824	748
824	793
824	836
824	892
824	1000
825	231
825	420
825	438
825	542
825	571
825	613
825	662
825	725
825	780
825	842
825	898
825	922
825	936
825	962
826	102
826	244
826	301
826	397
826	550
826	583
826	585
826	709
826	791
826	815
826	844
826	906
826	916
826	944
827	188
827	236
827	294
827	381
827	453
827	595
827	716
827	739
827	776
827	889
827	903
827	949
827	950
827	968
828	39
828	89
828	137
828	173
828	246
828	580
828	581
828	657
828	669
828	738
828	739
828	829
828	957
828	969
829	137
829	173
829	246
829	580
829	581
829	620
829	657
829	669
829	694
829	724
829	738
829	828
829	940
829	951
830	193
830	413
830	496
830	513
830	554
830	567
830	578
830	639
830	687
830	731
830	734
830	778
830	896
830	990
831	260
831	286
831	330
831	344
831	358
831	494
831	569
831	602
831	607
831	631
831	633
831	784
831	887
831	908
832	90
832	113
832	189
832	241
832	343
832	359
832	534
832	638
832	730
832	746
832	774
832	891
832	894
832	996
833	206
833	425
833	429
833	497
833	545
833	551
833	797
833	816
833	858
833	859
833	915
833	918
833	919
833	985
834	129
834	190
834	300
834	406
834	416
834	476
834	514
834	557
834	589
834	712
834	741
834	772
834	867
834	955
835	53
835	81
835	99
835	187
835	423
835	428
835	492
835	507
835	626
835	644
835	660
835	930
835	947
835	974
836	64
836	110
836	172
836	231
836	358
836	362
836	466
836	558
836	748
836	799
836	802
836	824
836	869
836	892
837	50
837	62
837	162
837	274
837	326
837	440
837	543
837	553
837	742
837	761
837	820
837	847
837	971
837	976
838	147
838	256
838	549
838	577
838	584
838	600
838	700
838	701
838	792
838	819
838	883
838	901
838	921
838	977
839	57
839	182
839	194
839	199
839	388
839	390
839	470
839	539
839	593
839	688
839	714
839	716
839	773
839	862
840	77
840	101
840	314
840	375
840	398
840	659
840	667
840	668
840	671
840	689
840	779
840	806
840	872
840	917
841	264
841	292
841	327
841	449
841	517
841	560
841	583
841	693
841	762
841	763
841	792
841	806
841	860
841	975
842	10
842	164
842	209
842	438
842	542
842	571
842	613
842	708
842	825
842	922
842	923
842	936
842	962
842	997
843	6
843	163
843	244
843	475
843	516
843	557
843	581
843	660
843	703
843	790
843	802
843	859
843	868
843	948
844	27
844	149
844	230
844	550
844	583
844	709
844	801
844	815
844	826
844	855
844	906
844	916
844	964
844	976
845	193
845	200
845	321
845	414
845	474
845	491
845	508
845	529
845	552
845	609
845	767
845	783
845	823
845	954
846	117
846	229
846	328
846	467
846	478
846	647
846	664
846	723
846	748
846	870
846	934
846	949
846	951
846	969
847	62
847	65
847	81
847	102
847	274
847	366
847	440
847	460
847	553
847	742
847	761
847	820
847	837
847	948
848	112
848	142
848	401
848	571
848	588
848	695
848	703
848	769
848	876
848	885
848	921
848	961
848	978
848	991
849	115
849	132
849	234
849	273
849	291
849	309
849	370
849	540
849	603
849	606
849	618
849	873
849	960
849	984
850	39
850	118
850	210
850	495
850	520
850	527
850	607
850	678
850	692
850	693
850	734
850	736
850	888
850	913
850	927
851	84
851	107
851	380
851	580
851	609
851	617
851	676
851	786
851	805
851	867
851	871
851	882
851	908
851	963
851	1000
852	201
852	262
852	323
852	327
852	382
852	430
852	445
852	521
852	534
852	572
852	600
852	654
852	665
852	727
852	946
853	31
853	93
853	126
853	204
853	302
853	367
853	519
853	566
853	645
853	718
853	874
853	877
853	953
853	975
853	991
854	70
854	150
854	345
854	492
854	497
854	507
854	644
854	704
854	818
854	911
854	930
854	947
854	953
854	962
854	974
855	230
855	301
855	336
855	356
855	403
855	598
855	709
855	761
855	815
855	844
855	897
855	903
855	906
855	916
855	941
856	202
856	220
856	310
856	316
856	383
856	494
856	541
856	735
856	813
856	890
856	902
856	945
856	971
856	976
856	1000
857	8
857	487
857	560
857	579
857	587
857	660
857	663
857	689
857	704
857	733
857	780
857	789
857	799
857	811
857	881
858	346
858	425
858	435
858	545
858	642
858	797
858	833
858	860
858	883
858	898
858	915
858	918
858	919
858	984
858	985
859	72
859	475
859	516
859	557
859	660
859	703
859	790
859	802
859	816
859	833
859	843
859	868
859	879
859	928
859	996
860	327
860	414
860	449
860	517
860	530
860	560
860	693
860	762
860	763
860	806
860	841
860	858
860	879
860	956
860	960
861	218
861	229
861	232
861	265
861	303
861	328
861	594
861	664
861	723
861	759
861	782
861	870
861	934
861	951
861	969
862	22
862	24
862	39
862	205
862	224
862	353
862	520
862	678
862	692
862	734
862	736
862	839
862	888
862	927
862	944
863	66
863	69
863	166
863	402
863	482
863	522
863	526
863	573
863	698
863	807
863	864
863	878
863	897
863	978
863	986
864	51
864	66
864	166
864	402
864	409
864	427
864	482
864	526
864	560
864	573
864	646
864	698
864	767
864	807
864	863
865	209
865	214
865	260
865	541
865	590
865	643
865	662
865	690
865	700
865	749
865	752
865	766
865	913
865	922
865	928
866	99
866	152
866	279
866	398
866	473
866	582
866	715
866	716
866	880
866	899
866	926
866	930
866	943
866	952
866	997
867	49
867	84
867	380
867	609
867	617
867	703
867	737
867	786
867	834
867	851
867	871
867	880
867	882
867	970
867	973
868	155
868	219
868	516
868	628
868	660
868	703
868	790
868	802
868	817
868	843
868	859
868	910
868	988
868	992
868	995
869	286
869	330
869	433
869	532
869	631
869	633
869	726
869	784
869	793
869	804
869	836
869	887
869	908
869	952
869	999
870	151
870	175
870	242
870	261
870	594
870	632
870	661
870	718
870	723
870	846
870	861
870	877
870	934
870	951
870	969
871	49
871	84
871	107
871	137
871	253
871	335
871	380
871	609
871	617
871	731
871	762
871	786
871	851
871	867
871	882
872	245
872	256
872	546
872	563
872	627
872	747
872	764
872	818
872	840
872	897
872	963
872	964
872	975
872	977
872	993
873	92
873	189
873	203
873	209
873	214
873	225
873	260
873	288
873	366
873	643
873	690
873	749
873	849
873	902
873	928
874	79
874	159
874	195
874	295
874	304
874	439
874	610
874	611
874	655
874	705
874	853
874	877
874	930
874	988
874	991
875	101
875	235
875	395
875	424
875	650
875	720
875	736
875	787
875	823
875	889
875	893
875	932
875	954
875	982
875	989
876	142
876	210
876	283
876	347
876	431
876	439
876	588
876	695
876	708
876	743
876	769
876	848
876	961
876	978
876	982
877	302
877	361
877	405
877	463
877	490
877	541
877	566
877	611
877	645
877	705
877	853
877	870
877	874
877	953
877	991
878	34
878	45
878	269
878	270
878	442
878	479
878	570
878	622
878	684
878	700
878	777
878	798
878	805
878	863
878	909
879	153
879	608
879	618
879	623
879	686
879	749
879	768
879	783
879	859
879	860
879	905
879	910
879	954
879	980
879	987
880	18
880	81
880	86
880	99
880	267
880	347
880	565
880	582
880	674
880	716
880	780
880	866
880	867
880	899
880	943
880	952
881	132
881	454
881	457
881	487
881	544
881	567
881	704
881	733
881	738
881	799
881	811
881	857
881	914
881	940
881	953
881	965
882	49
882	84
882	107
882	156
882	269
882	345
882	380
882	603
882	609
882	617
882	763
882	786
882	851
882	867
882	871
882	944
883	76
883	147
883	192
883	208
883	469
883	577
883	584
883	651
883	701
883	767
883	814
883	819
883	838
883	858
883	901
883	921
884	9
884	78
884	85
884	296
884	319
884	377
884	503
884	513
884	551
884	599
884	676
884	717
884	795
884	800
884	887
884	967
885	55
885	95
885	142
885	149
885	191
885	401
885	431
885	588
885	615
885	695
885	708
885	769
885	781
885	848
885	961
885	978
886	96
886	337
886	339
886	391
886	405
886	432
886	551
886	556
886	676
886	691
886	756
886	948
886	966
886	983
886	984
886	994
887	3
887	250
887	263
887	289
887	532
887	631
887	633
887	784
887	793
887	804
887	831
887	869
887	884
887	908
887	920
887	989
888	39
888	223
888	277
888	527
888	607
888	623
888	678
888	692
888	734
888	736
888	764
888	850
888	862
888	916
888	927
888	952
889	55
889	294
889	322
889	460
889	595
889	641
889	739
889	827
889	875
889	903
889	921
889	923
889	931
889	949
889	950
889	968
890	121
890	133
890	163
890	215
890	298
890	303
890	411
890	444
890	510
890	544
890	578
890	593
890	856
890	923
890	982
890	999
891	82
891	147
891	460
891	488
891	603
891	668
891	730
891	746
891	756
891	774
891	801
891	832
891	941
891	955
891	957
891	996
892	64
892	110
892	231
892	247
892	448
892	466
892	558
892	585
892	707
892	729
892	748
892	775
892	777
892	785
892	824
892	836
893	37
893	178
893	378
893	396
893	528
893	650
893	720
893	787
893	794
893	875
893	914
893	926
893	932
893	939
893	945
893	989
894	252
894	427
894	517
894	536
894	547
894	556
894	629
894	662
894	674
894	803
894	832
894	898
894	977
894	981
894	988
894	992
895	312
895	397
895	423
895	448
895	497
895	626
895	643
895	685
895	691
895	730
895	911
895	930
895	947
895	971
895	972
895	974
896	140
896	231
896	383
896	413
896	496
896	513
896	531
896	537
896	554
896	567
896	619
896	687
896	723
896	731
896	778
896	830
897	10
897	162
897	355
897	449
897	640
897	764
897	818
897	855
897	863
897	872
897	940
897	963
897	964
897	971
897	975
897	993
898	499
898	547
898	629
898	635
898	675
898	724
898	754
898	810
898	825
898	858
898	894
898	920
898	947
898	977
898	981
898	992
899	28
899	86
899	197
899	255
899	267
899	279
899	462
899	530
899	582
899	715
899	716
899	734
899	866
899	880
899	943
899	952
900	148
900	278
900	280
900	317
900	405
900	677
900	710
900	753
900	814
900	907
900	938
900	950
900	970
900	975
900	979
900	998
901	27
901	147
901	208
901	221
901	271
901	314
901	469
901	540
901	577
901	584
901	696
901	792
901	838
901	883
901	912
901	921
902	71
902	144
902	220
902	359
902	373
902	383
902	398
902	542
902	732
902	735
902	744
902	813
902	856
902	873
902	933
902	945
903	73
903	103
903	188
903	495
903	599
903	641
903	739
903	747
903	827
903	855
903	889
903	931
903	949
903	950
903	966
903	968
904	60
904	148
904	272
904	346
904	569
904	612
904	677
904	705
904	754
904	814
904	907
904	938
904	958
904	970
904	979
904	998
905	75
905	513
905	623
905	681
905	686
905	702
905	715
905	768
905	783
905	879
905	910
905	934
905	954
905	977
905	980
905	987
906	102
906	356
906	403
906	550
906	583
906	598
906	616
906	699
906	790
906	804
906	806
906	815
906	826
906	844
906	855
906	916
907	173
907	280
907	363
907	568
907	677
907	710
907	754
907	760
907	814
907	816
907	900
907	904
907	932
907	938
907	979
907	998
908	35
908	64
908	141
908	157
908	263
908	330
908	358
908	512
908	569
908	631
908	633
908	793
908	831
908	851
908	869
908	887
909	183
909	250
909	368
909	495
909	650
909	661
909	713
909	721
909	763
909	773
909	795
909	878
909	935
909	956
909	973
909	995
910	220
910	341
910	385
910	412
910	529
910	567
910	623
910	686
910	783
910	820
910	868
910	879
910	905
910	954
910	980
910	987
911	374
911	384
911	401
911	423
911	472
911	492
911	497
911	691
911	762
911	854
911	895
911	915
911	930
911	947
911	950
911	972
911	974
912	44
912	65
912	111
912	124
912	241
912	287
912	326
912	331
912	350
912	387
912	439
912	705
912	730
912	760
912	765
912	901
912	999
913	52
913	214
913	260
913	288
913	306
913	435
913	514
913	532
913	590
913	643
913	690
913	749
913	766
913	806
913	850
913	865
913	928
914	353
914	453
914	487
914	544
914	575
914	583
914	604
914	704
914	719
914	780
914	796
914	799
914	811
914	881
914	893
914	965
914	976
915	30
915	68
915	206
915	346
915	425
915	545
915	604
915	702
915	742
915	771
915	797
915	833
915	858
915	911
915	918
915	919
915	985
916	105
916	120
916	301
916	403
916	550
916	583
916	597
916	598
916	628
916	645
916	704
916	815
916	826
916	844
916	855
916	888
916	906
917	77
917	238
917	305
917	308
917	314
917	375
917	398
917	552
917	644
917	649
917	659
917	667
917	668
917	689
917	766
917	840
917	961
918	30
918	262
918	322
918	346
918	425
918	435
918	503
918	545
918	557
918	566
918	707
918	797
918	833
918	858
918	915
918	919
918	985
919	30
919	110
919	206
919	346
919	415
919	425
919	435
919	774
919	797
919	833
919	858
919	915
919	918
919	943
919	947
919	985
919	986
920	190
920	436
920	538
920	580
920	590
920	599
920	608
920	630
920	634
920	666
920	696
920	728
920	887
920	898
920	924
920	937
920	990
921	27
921	76
921	139
921	409
921	577
921	584
921	700
921	701
921	792
921	794
921	819
921	838
921	848
921	883
921	889
921	901
921	987
922	83
922	164
922	178
922	182
922	438
922	462
922	542
922	571
922	613
922	616
922	725
922	825
922	842
922	865
922	936
922	962
922	969
923	215
923	298
923	303
923	313
923	396
923	411
923	510
923	578
923	607
923	744
923	746
923	758
923	842
923	889
923	890
923	982
923	999
924	46
924	95
924	296
924	349
924	436
924	538
924	586
924	630
924	634
924	666
924	728
924	920
924	925
924	935
924	937
924	958
924	990
925	100
925	372
925	456
925	575
925	651
925	719
925	721
925	783
925	809
925	812
925	924
925	937
925	942
925	958
925	968
925	986
925	987
926	5
926	60
926	137
926	157
926	180
926	248
926	290
926	322
926	354
926	432
926	681
926	713
926	755
926	821
926	866
926	893
926	929
927	24
927	25
927	39
927	269
927	277
927	321
927	340
927	520
927	607
927	678
927	692
927	734
927	747
927	778
927	850
927	862
927	888
928	52
928	196
928	209
928	251
928	288
928	477
928	590
928	646
928	690
928	749
928	766
928	859
928	865
928	873
928	913
928	984
928	999
929	61
929	157
929	180
929	248
929	322
929	354
929	389
929	432
929	681
929	713
929	751
929	755
929	817
929	821
929	926
929	977
929	987
930	18
930	374
930	397
930	497
930	626
930	678
930	785
930	835
930	854
930	866
930	874
930	895
930	911
930	947
930	968
930	972
930	974
931	55
931	80
931	103
931	105
931	175
931	188
931	309
931	491
931	592
931	641
931	739
931	770
931	786
931	889
931	903
931	949
931	950
932	101
932	169
932	178
932	395
932	570
932	605
932	624
932	650
932	669
932	680
932	794
932	803
932	875
932	893
932	907
932	939
932	989
933	71
933	144
933	202
933	220
933	277
933	316
933	383
933	541
933	543
933	691
933	732
933	735
933	760
933	801
933	813
933	902
933	945
934	74
934	151
934	232
934	401
934	431
934	594
934	609
934	632
934	647
934	664
934	673
934	723
934	846
934	861
934	870
934	905
934	951
935	73
935	183
935	368
935	485
935	642
935	656
935	661
935	702
935	741
935	754
935	795
935	817
935	909
935	924
935	956
935	967
935	995
936	83
936	164
936	285
936	347
936	438
936	542
936	571
936	613
936	647
936	660
936	686
936	725
936	782
936	825
936	842
936	922
936	962
936	970
937	32
937	46
937	152
937	563
937	586
937	608
937	630
937	634
937	666
937	692
937	696
937	728
937	920
937	924
937	925
937	966
937	971
937	990
938	114
938	143
938	272
938	555
938	625
938	677
938	710
938	754
938	796
938	814
938	816
938	900
938	904
938	907
938	970
938	979
938	984
938	998
939	22
939	49
939	169
939	177
939	182
939	235
939	297
939	317
939	378
939	424
939	511
939	650
939	775
939	794
939	811
939	893
939	932
939	989
940	207
940	293
940	306
940	454
940	544
940	587
940	663
940	704
940	733
940	777
940	780
940	796
940	811
940	829
940	881
940	897
940	965
940	976
941	30
941	82
941	90
941	113
941	189
941	343
941	405
941	420
941	460
941	692
941	730
941	738
941	746
941	804
941	855
941	891
941	957
941	996
942	2
942	17
942	40
942	372
942	394
942	456
942	651
942	696
942	719
942	754
942	768
942	809
942	812
942	925
942	958
942	986
942	996
942	998
943	2
943	58
943	86
943	99
943	176
943	267
943	454
943	461
943	567
943	582
943	704
943	715
943	716
943	866
943	880
943	899
943	919
943	952
944	24
944	36
944	181
944	225
944	318
944	331
944	339
944	364
944	427
944	502
944	512
944	515
944	616
944	788
944	826
944	862
944	882
944	997
945	71
945	144
945	202
945	220
945	270
945	314
945	316
945	383
945	410
945	586
945	663
945	732
945	735
945	813
945	856
945	893
945	902
945	933
946	44
946	45
946	94
946	201
946	257
946	262
946	323
946	445
946	521
946	534
946	580
946	600
946	665
946	727
946	852
946	959
946	964
946	985
947	186
947	423
947	507
947	626
947	644
947	655
947	691
947	815
947	835
947	854
947	895
947	898
947	911
947	919
947	930
947	970
947	972
947	974
948	194
948	270
948	391
948	551
948	556
948	645
948	676
948	756
948	774
948	790
948	813
948	843
948	847
948	886
948	966
948	983
948	994
948	1000
949	80
949	103
949	175
949	281
949	294
949	595
949	697
949	739
949	752
949	817
949	827
949	846
949	889
949	903
949	931
949	950
949	968
949	974
950	37
950	55
950	80
950	103
950	294
950	525
950	596
950	637
950	641
950	739
950	827
950	889
950	900
950	903
950	911
950	931
950	949
950	968
951	151
951	229
951	385
951	478
951	490
951	594
951	632
951	647
951	664
951	717
951	723
951	829
951	846
951	861
951	870
951	934
951	969
951	986
952	18
952	58
952	86
952	176
952	267
952	279
952	282
952	528
952	715
952	716
952	756
952	866
952	869
952	880
952	888
952	899
952	943
952	981
953	79
953	126
953	172
953	204
953	304
953	490
953	560
953	611
953	705
953	718
953	797
953	853
953	854
953	877
953	881
953	990
953	991
953	997
954	65
954	75
954	380
954	385
954	525
954	623
954	686
954	768
954	783
954	800
954	845
954	875
954	879
954	905
954	910
954	979
954	980
954	987
955	129
955	190
955	217
955	218
955	236
955	406
955	476
955	581
955	589
955	701
955	712
955	729
955	741
955	789
955	814
955	834
955	891
955	964
956	4
956	92
956	161
956	250
956	524
956	568
956	642
956	653
956	656
956	661
956	691
956	702
956	721
956	737
956	860
956	909
956	935
956	973
957	79
957	82
957	90
957	189
957	405
957	471
957	552
957	730
957	746
957	774
957	788
957	797
957	801
957	811
957	828
957	891
957	941
957	996
958	2
958	100
958	372
958	376
958	430
958	486
958	575
958	651
958	674
958	690
958	809
958	812
958	904
958	924
958	925
958	942
958	983
958	986
959	4
959	21
959	131
959	141
959	160
959	212
959	246
959	306
959	334
959	392
959	465
959	655
959	679
959	680
959	761
959	781
959	946
959	963
960	68
960	88
960	115
960	370
960	453
960	458
960	492
960	514
960	603
960	606
960	618
960	658
960	741
960	775
960	823
960	849
960	860
960	961
960	984
961	149
961	183
961	210
961	383
961	401
961	431
961	587
961	588
961	658
961	695
961	708
961	769
961	848
961	876
961	885
961	917
961	960
961	978
961	980
962	83
962	164
962	347
962	400
962	422
962	438
962	542
962	571
962	613
962	624
962	685
962	725
962	763
962	825
962	842
962	854
962	922
962	936
962	988
963	162
963	275
963	304
963	386
963	427
963	481
963	556
963	572
963	640
963	747
963	764
963	851
963	872
963	897
963	959
963	964
963	971
963	975
963	993
964	10
964	203
964	295
964	426
964	481
964	546
964	627
964	747
964	764
964	818
964	844
964	872
964	897
964	946
964	955
964	963
964	971
964	975
964	993
965	59
965	454
965	487
965	524
965	544
965	554
965	574
965	579
965	587
965	604
965	683
965	796
965	799
965	811
965	817
965	881
965	914
965	940
965	976
966	96
966	122
966	197
966	391
966	550
966	551
966	561
966	645
966	676
966	724
966	756
966	886
966	903
966	937
966	948
966	983
966	992
966	994
966	1000
967	9
967	72
967	78
967	85
967	201
967	296
967	305
967	319
967	320
967	377
967	437
967	503
967	599
967	606
967	709
967	717
967	800
967	884
967	935
968	55
968	150
968	175
968	188
968	294
968	593
968	595
968	629
968	641
968	711
968	739
968	789
968	827
968	889
968	903
968	925
968	930
968	949
968	950
969	77
969	151
969	208
969	229
969	232
969	328
969	332
969	594
969	632
969	647
969	658
969	664
969	813
969	828
969	846
969	861
969	870
969	922
969	951
970	115
970	148
970	154
970	272
970	317
970	493
970	677
970	754
970	812
970	814
970	816
970	867
970	900
970	904
970	936
970	938
970	947
970	979
970	998
971	10
971	80
971	386
971	510
971	546
971	627
971	640
971	747
971	764
971	765
971	837
971	856
971	895
971	897
971	937
971	963
971	964
971	975
971	993
972	23
972	150
972	374
972	397
972	438
972	469
972	492
972	497
972	507
972	626
972	644
972	696
972	787
972	794
972	895
972	911
972	930
972	947
972	974
973	211
973	219
973	247
973	250
973	368
973	642
973	653
973	690
973	721
973	737
973	743
973	752
973	773
973	795
973	817
973	867
973	909
973	956
973	995
974	150
974	374
974	397
974	423
974	468
974	570
974	644
974	667
974	691
974	732
974	790
974	835
974	854
974	895
974	911
974	930
974	947
974	949
974	972
975	386
975	387
975	488
975	546
975	640
975	703
975	747
975	764
975	794
975	818
975	841
975	853
975	872
975	897
975	900
975	963
975	964
975	971
975	993
976	454
976	487
976	490
976	587
976	663
976	704
976	727
976	733
976	780
976	787
976	796
976	799
976	811
976	837
976	844
976	856
976	914
976	940
976	965
977	20
977	284
977	499
977	536
977	582
977	629
977	675
977	744
977	803
977	810
977	838
977	872
977	894
977	898
977	905
977	929
977	981
977	988
977	992
978	142
978	149
978	210
978	297
978	324
978	401
978	419
978	431
978	570
978	588
978	695
978	708
978	715
978	769
978	848
978	863
978	876
978	885
978	961
979	143
979	272
979	280
979	317
979	393
979	442
979	614
979	677
979	685
979	710
979	816
979	900
979	904
979	907
979	938
979	954
979	970
979	990
979	998
980	75
980	258
980	271
980	341
980	385
980	442
980	474
980	623
980	686
980	702
980	742
980	768
980	783
980	879
980	905
980	910
980	954
980	961
980	987
981	293
981	352
981	365
981	499
981	536
981	547
981	580
981	662
981	665
981	770
981	803
981	810
981	819
981	894
981	898
981	952
981	977
981	988
981	992
982	133
982	163
982	298
982	303
982	370
982	396
982	411
982	510
982	517
982	518
982	578
982	593
982	744
982	786
982	875
982	876
982	890
982	923
982	999
983	29
983	122
983	144
983	237
983	391
983	441
983	539
983	551
983	556
983	645
983	676
983	756
983	797
983	886
983	948
983	958
983	966
983	994
983	1000
984	15
984	88
984	115
984	234
984	370
984	453
984	514
984	603
984	606
984	618
984	711
984	770
984	775
984	849
984	858
984	886
984	928
984	938
984	960
985	30
985	206
985	302
985	346
985	406
985	425
985	435
985	506
985	528
985	545
985	642
985	738
985	797
985	833
985	858
985	915
985	918
985	919
985	946
986	2
986	40
986	98
986	100
986	372
986	376
986	408
986	492
986	674
986	680
986	719
986	809
986	812
986	863
986	919
986	925
986	942
986	951
986	958
987	75
987	97
987	229
987	341
987	385
987	518
987	623
987	671
987	686
987	768
987	783
987	879
987	905
987	910
987	921
987	925
987	929
987	954
987	980
988	15
988	20
988	148
988	215
988	352
988	427
988	469
988	536
988	629
988	675
988	724
988	803
988	810
988	868
988	874
988	894
988	962
988	977
988	981
988	992
989	22
989	47
989	49
989	169
989	177
989	206
989	293
989	378
989	409
989	424
989	519
989	720
989	780
989	787
989	794
989	875
989	887
989	893
989	932
989	939
990	32
990	334
990	349
990	436
990	448
990	538
990	586
990	608
990	630
990	631
990	634
990	696
990	728
990	730
990	830
990	920
990	924
990	937
990	953
990	979
991	79
991	172
991	302
991	304
991	342
991	490
991	503
991	530
991	566
991	585
991	610
991	705
991	718
991	848
991	853
991	874
991	877
991	953
991	993
991	998
992	130
992	188
992	240
992	427
992	536
992	629
992	662
992	675
992	707
992	724
992	785
992	803
992	810
992	868
992	894
992	898
992	966
992	977
992	981
992	988
993	310
993	424
993	459
993	481
993	546
993	579
993	620
993	627
993	640
993	667
993	747
993	764
993	818
993	872
993	897
993	963
993	964
993	971
993	975
993	991
994	96
994	122
994	270
994	328
994	408
994	542
994	551
994	556
994	645
994	654
994	664
994	676
994	745
994	754
994	756
994	886
994	948
994	966
994	983
994	1000
995	7
995	87
995	183
995	283
995	368
995	411
995	417
995	653
995	656
995	661
995	720
995	721
995	737
995	768
995	773
995	795
995	868
995	909
995	935
995	973
996	82
996	113
996	343
996	405
996	460
996	559
996	624
996	675
996	685
996	730
996	746
996	774
996	799
996	801
996	832
996	859
996	891
996	941
996	942
996	957
997	36
997	123
997	181
997	187
997	217
997	225
997	313
997	318
997	331
997	348
997	364
997	441
997	499
997	616
997	788
997	804
997	842
997	866
997	944
997	953
998	143
998	146
998	148
998	272
998	460
998	565
998	710
998	754
998	770
998	810
998	814
998	816
998	900
998	904
998	907
998	938
998	942
998	970
998	979
998	991
999	133
999	163
999	192
999	215
999	298
999	303
999	396
999	411
999	510
999	526
999	527
999	578
999	744
999	755
999	869
999	890
999	912
999	923
999	928
999	982
1000	96
1000	122
1000	198
1000	270
1000	391
1000	417
1000	429
1000	551
1000	556
1000	631
1000	645
1000	676
1000	756
1000	824
1000	851
1000	856
1000	948
1000	966
1000	983
1000	994
