1	355
1	697
1	868
1	872
1	923
1	968
2	211
2	212
2	245
2	496
2	589
2	971
3	352
3	563
3	667
3	747
3	907
3	915
4	220
4	613
4	622
4	642
4	878
4	979
5	571
5	741
5	746
5	792
5	871
5	956
6	235
6	252
6	468
6	675
6	679
6	822
7	20
7	242
7	455
7	726
7	947
7	957
8	288
8	415
8	421
8	550
8	848
8	988
9	140
9	219
9	486
9	748
9	927
9	999
10	37
10	735
10	886
10	904
10	919
10	935
11	361
11	437
11	738
11	779
11	917
11	969
12	59
12	452
12	590
12	771
12	842
12	909
13	129
13	179
13	553
13	741
13	827
13	861
14	60
14	213
14	561
14	641
14	811
14	992
15	268
15	542
15	641
15	653
15	758
15	835
16	298
16	317
16	657
16	739
16	781
16	876
17	621
17	728
17	908
17	963
17	975
17	995
18	177
18	280
18	574
18	648
18	745
18	977
19	395
19	573
19	593
19	603
19	871
19	970
20	7
20	22
20	141
20	185
20	338
20	346
21	23
21	162
21	238
21	261
21	481
21	947
22	20
22	62
22	721
22	910
22	959
22	978
23	21
23	540
23	593
23	658
23	806
23	942
24	455
24	473
24	512
24	930
24	944
24	965
25	305
25	804
25	854
25	859
25	871
25	972
26	262
26	538
26	595
26	795
26	895
26	964
27	105
27	359
27	372
27	698
27	730
27	824
28	130
28	261
28	472
28	510
28	576
28	590
29	271
29	464
29	663
29	899
29	977
29	992
30	688
30	705
30	800
30	898
30	966
30	976
31	62
31	68
31	353
31	658
31	882
31	921
32	339
32	498
32	544
32	598
32	724
32	875
33	239
33	272
33	514
33	585
33	772
33	804
34	124
34	216
34	287
34	433
34	892
34	921
35	549
35	630
35	705
35	815
35	855
35	975
36	112
36	411
36	708
36	772
36	811
36	967
37	10
37	351
37	504
37	722
37	731
37	738
38	125
38	419
38	577
38	671
38	704
38	805
39	79
39	106
39	371
39	792
39	839
39	961
40	208
40	210
40	281
40	300
40	479
40	811
41	46
41	525
41	704
41	864
41	940
41	987
42	241
42	447
42	575
42	643
42	735
42	858
43	588
43	602
43	616
43	783
43	839
43	975
44	114
44	603
44	664
44	727
44	743
44	765
45	67
45	157
45	325
45	588
45	831
45	862
46	41
46	124
46	275
46	696
46	708
46	780
47	457
47	502
47	699
47	760
47	774
47	878
48	373
48	682
48	807
48	842
48	846
48	929
49	127
49	188
49	223
49	437
49	456
49	893
50	96
50	331
50	604
50	618
50	756
50	955
51	534
51	542
51	737
51	793
51	802
51	922
52	350
52	360
52	414
52	514
52	803
52	883
53	262
53	581
53	809
53	866
53	933
53	991
54	71
54	399
54	516
54	796
54	839
54	889
55	272
55	387
55	662
55	880
55	982
55	990
56	636
56	639
56	655
56	830
56	834
56	875
57	456
57	514
57	667
57	822
57	881
57	953
58	116
58	227
58	248
58	298
58	409
58	874
59	12
59	855
59	856
59	887
59	946
59	995
60	14
60	247
60	372
60	610
60	848
60	870
61	98
61	131
61	322
61	483
61	490
61	525
62	22
62	31
62	168
62	550
62	722
62	849
63	176
63	815
63	825
63	950
63	952
63	978
64	139
64	230
64	359
64	774
64	920
64	965
65	122
65	516
65	674
65	703
65	722
65	850
66	294
66	456
66	649
66	659
66	743
66	770
67	45
67	84
67	311
67	799
67	947
67	987
68	31
68	204
68	225
68	389
68	497
68	572
69	100
69	180
69	211
69	801
69	884
69	941
70	81
70	184
70	318
70	409
70	468
70	969
71	54
71	113
71	150
71	561
71	672
71	926
72	229
72	563
72	644
72	778
72	791
72	841
73	122
73	218
73	564
73	607
73	781
73	783
74	221
74	337
74	354
74	539
74	637
74	645
75	127
75	393
75	458
75	644
75	896
75	959
76	189
76	330
76	387
76	588
76	631
76	639
77	396
77	584
77	615
77	913
77	927
77	994
78	436
78	663
78	698
78	895
78	923
78	973
79	39
79	191
79	239
79	514
79	593
79	617
80	100
80	327
80	553
80	735
80	758
80	790
81	70
81	388
81	608
81	879
81	903
81	949
82	301
82	610
82	617
82	766
82	820
82	871
83	195
83	210
83	358
83	381
83	817
83	950
84	67
84	717
84	735
84	894
84	991
84	993
85	217
85	447
85	564
85	663
85	956
85	967
86	442
86	558
86	743
86	825
86	886
86	990
87	252
87	537
87	592
87	654
87	963
87	973
88	253
88	320
88	357
88	581
88	665
88	838
89	619
89	769
89	832
89	869
89	892
89	1000
90	156
90	295
90	356
90	421
90	929
90	967
91	283
91	361
91	429
91	807
91	918
91	987
92	313
92	331
92	602
92	757
92	903
92	921
93	245
93	467
93	475
93	540
93	797
93	803
94	203
94	354
94	375
94	727
94	923
94	974
95	353
95	427
95	449
95	511
95	758
95	862
96	50
96	701
96	860
96	874
96	962
96	972
97	120
97	124
97	322
97	683
97	822
97	919
98	61
98	598
98	799
98	846
98	994
98	997
99	462
99	577
99	692
99	844
99	864
99	935
100	69
100	80
100	308
100	511
100	877
100	927
101	333
101	476
101	528
101	656
101	825
101	968
102	315
102	333
102	438
102	892
102	919
102	991
103	167
103	228
103	646
103	745
103	867
103	989
104	445
104	464
104	523
104	809
104	918
104	971
105	27
105	115
105	314
105	373
105	817
105	913
106	39
106	347
106	526
106	848
106	857
106	945
107	330
107	470
107	716
107	916
107	928
107	979
108	533
108	704
108	779
108	804
108	844
108	911
109	123
109	409
109	463
109	511
109	833
109	1000
110	475
110	533
110	718
110	786
110	826
110	858
111	289
111	308
111	335
111	353
111	377
111	889
112	36
112	358
112	362
112	540
112	666
112	992
113	71
113	766
113	897
113	941
113	964
113	980
114	44
114	241
114	285
114	528
114	669
114	897
115	105
115	384
115	715
115	740
115	881
115	916
116	58
116	712
116	727
116	751
116	777
116	938
117	534
117	623
117	784
117	828
117	973
117	988
118	258
118	517
118	739
118	890
118	963
118	968
119	458
119	554
119	721
119	853
119	858
119	987
120	97
120	383
120	536
120	538
120	569
120	936
121	140
121	225
121	611
121	645
121	713
121	724
122	65
122	73
122	332
122	411
122	899
122	998
123	109
123	324
123	339
123	788
123	844
123	925
124	34
124	46
124	97
124	654
124	694
124	824
125	38
125	354
125	382
125	555
125	873
125	942
126	271
126	390
126	528
126	625
126	742
126	811
127	49
127	75
127	257
127	445
127	679
127	871
128	176
128	287
128	736
128	818
128	882
128	906
129	13
129	277
129	280
129	559
129	623
129	650
130	28
130	223
130	366
130	586
130	749
130	991
131	61
131	160
131	583
131	739
131	777
131	845
132	163
132	219
132	292
132	864
132	991
132	997
133	196
133	348
133	361
133	416
133	756
133	804
134	234
134	404
134	809
134	939
134	966
134	969
135	349
135	460
135	735
135	843
135	891
135	903
136	339
136	635
136	817
136	838
136	989
136	994
137	223
137	546
137	844
137	851
137	859
137	995
138	516
138	526
138	657
138	694
138	794
138	936
139	64
139	210
139	232
139	592
139	848
139	967
140	9
140	121
140	148
140	230
140	686
140	948
141	20
141	342
141	399
141	448
141	827
141	963
142	560
142	600
142	741
142	853
142	948
142	956
143	259
143	462
143	625
143	706
143	746
143	806
144	196
144	465
144	654
144	859
144	901
144	955
145	399
145	413
145	597
145	692
145	710
145	777
146	244
146	357
146	784
146	846
146	911
146	949
147	192
147	264
147	443
147	496
147	940
147	960
148	140
148	547
148	658
148	753
148	807
148	829
149	457
149	761
149	889
149	950
149	975
149	985
150	71
150	212
150	231
150	536
150	859
150	949
151	440
151	523
151	604
151	613
151	837
151	958
152	216
152	415
152	433
152	469
152	474
152	942
153	547
153	566
153	625
153	690
153	701
153	950
154	523
154	609
154	689
154	785
154	965
154	973
155	247
155	313
155	539
155	551
155	749
155	909
156	90
156	207
156	456
156	654
156	846
156	991
157	45
157	232
157	368
157	576
157	753
157	927
158	250
158	378
158	702
158	723
158	800
158	985
159	495
159	549
159	595
159	620
159	631
159	832
160	131
160	186
160	335
160	727
160	760
160	995
161	184
161	710
161	828
161	921
161	992
161	998
162	21
162	347
162	695
162	778
162	920
162	976
163	132
163	363
163	566
163	682
163	929
163	947
164	344
164	744
164	750
164	838
164	861
164	878
165	177
165	789
165	792
165	936
165	948
165	969
166	542
166	584
166	601
166	833
166	845
166	902
167	103
167	372
167	417
167	741
167	976
167	977
168	62
168	594
168	639
168	744
168	874
168	922
169	596
169	673
169	753
169	861
169	980
169	1000
170	394
170	522
170	626
170	649
170	725
170	917
171	384
171	603
171	737
171	754
171	796
171	863
172	280
172	343
172	433
172	752
172	914
172	998
173	433
173	524
173	530
173	688
173	811
173	877
174	401
174	488
174	497
174	531
174	565
174	957
175	396
175	584
175	714
175	758
175	890
175	918
176	63
176	128
176	251
176	261
176	859
176	978
177	18
177	165
177	244
177	649
177	796
177	887
178	449
178	612
178	702
178	775
178	857
178	996
179	13
179	354
179	559
179	633
179	729
179	879
180	69
180	400
180	414
180	643
180	921
180	957
181	580
181	750
181	772
181	841
181	903
181	925
182	397
182	524
182	642
182	766
182	886
182	911
183	407
183	734
183	836
183	850
183	963
183	964
184	70
184	161
184	223
184	658
184	773
184	927
185	20
185	646
185	680
185	683
185	877
185	979
186	160
186	466
186	598
186	884
186	945
186	970
187	572
187	736
187	759
187	863
187	955
187	982
188	49
188	367
188	681
188	801
188	826
188	968
189	76
189	400
189	776
189	846
189	914
189	962
190	300
190	306
190	679
190	684
190	845
190	851
191	79
191	597
191	657
191	829
191	868
191	928
192	147
192	395
192	452
192	652
192	665
192	946
193	363
193	519
193	527
193	818
193	827
193	856
194	445
194	539
194	605
194	794
194	834
194	948
195	83
195	244
195	401
195	506
195	926
195	935
196	133
196	144
196	408
196	484
196	549
196	730
197	333
197	459
197	498
197	589
197	915
197	981
198	312
198	486
198	794
198	795
198	900
198	948
199	541
199	676
199	751
199	798
199	924
199	969
200	598
200	822
200	863
200	887
200	986
200	997
201	736
201	814
201	896
201	904
201	931
201	976
202	395
202	615
202	617
202	684
202	700
202	748
203	94
203	335
203	472
203	666
203	808
203	982
204	68
204	304
204	395
204	494
204	673
204	735
205	401
205	576
205	595
205	615
205	712
205	732
206	562
206	636
206	742
206	820
206	831
206	834
207	156
207	340
207	804
207	812
207	818
207	959
208	40
208	244
208	297
208	364
208	836
208	946
209	374
209	428
209	629
209	677
209	697
209	883
210	40
210	83
210	139
210	363
210	805
210	872
211	2
211	69
211	441
211	796
211	972
211	989
212	2
212	150
212	433
212	529
212	619
212	984
213	14
213	272
213	335
213	653
213	821
213	888
214	221
214	450
214	754
214	786
214	860
214	970
214	999
215	298
215	641
215	699
215	718
215	786
215	824
215	946
216	34
216	152
216	365
216	465
216	492
216	554
216	907
217	85
217	293
217	583
217	632
217	633
217	681
217	957
218	73
218	241
218	378
218	594
218	640
218	722
218	887
219	9
219	132
219	633
219	665
219	687
219	744
219	828
220	4
220	407
220	426
220	720
220	833
220	883
220	990
221	74
221	214
221	227
221	349
221	532
221	624
221	999
222	331
222	345
222	546
222	774
222	808
222	939
222	988
223	49
223	130
223	137
223	184
223	699
223	937
223	973
224	379
224	683
224	709
224	784
224	816
224	826
224	963
225	68
225	121
225	299
225	434
225	645
225	741
225	966
226	255
226	364
226	407
226	501
226	703
226	811
226	818
227	58
227	221
227	439
227	713
227	818
227	953
227	988
228	103
228	284
228	814
228	958
228	971
228	990
228	997
229	72
229	247
229	626
229	742
229	743
229	775
229	1000
230	64
230	140
230	265
230	516
230	579
230	966
230	971
231	150
231	537
231	761
231	809
231	863
231	875
231	983
232	139
232	157
232	244
232	804
232	816
232	819
232	973
233	366
233	553
233	598
233	707
233	884
233	885
233	997
234	134
234	423
234	590
234	669
234	759
234	797
234	922
235	6
235	323
235	371
235	734
235	851
235	897
235	996
236	345
236	569
236	721
236	828
236	916
236	935
236	955
237	274
237	493
237	625
237	729
237	733
237	889
237	900
238	21
238	383
238	410
238	538
238	667
238	819
238	841
239	33
239	79
239	673
239	799
239	802
239	804
239	822
240	470
240	566
240	711
240	910
240	939
240	960
240	967
241	42
241	114
241	218
241	254
241	369
241	779
241	922
242	7
242	309
242	343
242	448
242	810
242	879
242	882
243	415
243	724
243	727
243	864
243	889
243	979
243	983
244	146
244	177
244	195
244	208
244	232
244	461
244	724
245	2
245	93
245	379
245	653
245	693
245	870
245	964
246	271
246	407
246	409
246	635
246	675
246	725
246	836
247	60
247	155
247	229
247	636
247	771
247	777
247	980
248	58
248	267
248	340
248	611
248	615
248	923
248	940
249	300
249	643
249	664
249	686
249	893
249	934
249	987
250	158
250	397
250	431
250	562
250	569
250	768
250	896
251	176
251	444
251	696
251	762
251	795
251	918
251	985
252	6
252	87
252	415
252	431
252	534
252	686
252	879
253	88
253	347
253	385
253	620
253	800
253	835
253	919
254	241
254	392
254	393
254	487
254	769
254	887
254	980
255	226
255	473
255	643
255	678
255	847
255	918
255	966
256	487
256	511
256	599
256	617
256	731
256	839
256	894
257	127
257	417
257	565
257	668
257	875
257	900
257	949
258	118
258	433
258	492
258	578
258	726
258	807
258	813
259	143
259	378
259	388
259	475
259	681
259	851
259	908
260	574
260	631
260	780
260	853
260	876
260	941
260	985
261	21
261	28
261	176
261	419
261	737
261	740
261	922
262	26
262	53
262	328
262	568
262	693
262	803
262	934
263	273
263	355
263	413
263	434
263	557
263	629
263	899
264	147
264	278
264	532
264	635
264	830
264	965
264	974
265	230
265	346
265	453
265	632
265	843
265	932
265	960
266	438
266	494
266	629
266	684
266	685
266	906
266	921
267	248
267	494
267	597
267	678
267	870
267	892
267	907
268	15
268	378
268	589
268	611
268	915
268	971
268	1000
269	454
269	486
269	514
269	522
269	863
269	867
269	894
270	286
270	296
270	487
270	586
270	759
270	883
270	940
271	29
271	126
271	246
271	351
271	735
271	909
271	945
272	33
272	55
272	213
272	354
272	412
272	862
272	991
273	263
273	634
273	648
273	842
273	869
273	880
273	893
274	237
274	382
274	626
274	826
274	931
274	970
274	973
275	46
275	279
275	523
275	603
275	626
275	671
275	764
276	457
276	582
276	775
276	886
276	899
276	960
276	989
277	129
277	325
277	353
277	445
277	839
277	962
277	997
278	264
278	365
278	373
278	426
278	685
278	713
278	843
279	275
279	303
279	717
279	786
279	864
279	957
279	980
280	18
280	129
280	172
280	364
280	739
280	740
280	801
281	40
281	493
281	524
281	801
281	855
281	903
281	990
282	350
282	663
282	692
282	743
282	795
282	961
282	995
283	91
283	481
283	651
283	711
283	853
283	951
283	963
284	228
284	424
284	454
284	462
284	714
284	728
284	830
285	114
285	442
285	528
285	567
285	818
285	827
285	925
286	270
286	451
286	485
286	889
286	902
286	963
286	980
287	34
287	128
287	654
287	671
287	762
287	856
287	900
288	8
288	291
288	557
288	714
288	833
288	951
288	988
289	111
289	460
289	517
289	560
289	656
289	824
289	856
290	378
290	805
290	863
290	921
290	925
290	938
290	995
291	288
291	305
291	340
291	533
291	689
291	755
291	816
292	132
292	384
292	480
292	486
292	587
292	829
292	953
293	217
293	474
293	515
293	690
293	720
293	933
293	969
294	66
294	543
294	592
294	732
294	733
294	899
294	967
295	90
295	405
295	746
295	832
295	854
295	871
295	907
296	270
296	520
296	705
296	728
296	892
296	939
296	965
297	208
297	298
297	310
297	422
297	584
297	591
297	814
298	16
298	58
298	215
298	297
298	306
298	417
298	456
299	225
299	330
299	508
299	782
299	804
299	986
299	997
300	40
300	190
300	249
300	444
300	703
300	947
300	967
301	82
301	421
301	609
301	706
301	749
301	900
301	922
302	386
302	627
302	754
302	769
302	851
302	905
302	994
303	279
303	454
303	572
303	574
303	606
303	720
303	976
304	204
304	311
304	451
304	626
304	654
304	846
304	897
305	25
305	291
305	609
305	718
305	831
305	869
305	872
306	190
306	298
306	323
306	463
306	543
306	707
306	801
307	388
307	464
307	640
307	739
307	863
307	958
307	961
308	100
308	111
308	646
308	650
308	691
308	950
308	958
309	242
309	399
309	533
309	738
309	758
309	806
309	879
310	297
310	385
310	386
310	708
310	711
310	850
310	1000
311	67
311	304
311	632
311	648
311	912
311	919
311	987
312	198
312	457
312	527
312	687
312	760
312	868
312	890
313	92
313	155
313	368
313	493
313	565
313	727
313	919
314	105
314	573
314	775
314	815
314	836
314	864
314	945
315	102
315	427
315	434
315	443
315	619
315	821
315	881
316	584
316	684
316	782
316	791
316	823
316	898
316	961
317	16
317	377
317	407
317	465
317	553
317	818
317	957
318	70
318	389
318	537
318	714
318	785
318	839
318	958
319	381
319	401
319	467
319	574
319	680
319	688
319	719
320	88
320	431
320	525
320	609
320	752
320	911
320	984
321	526
321	583
321	599
321	644
321	717
321	857
321	974
322	61
322	97
322	396
322	559
322	615
322	745
322	982
323	235
323	306
323	484
323	905
323	929
323	951
323	970
324	123
324	365
324	449
324	505
324	593
324	682
324	945
325	45
325	277
325	541
325	544
325	771
325	845
325	930
326	345
326	435
326	516
326	648
326	736
326	858
326	976
327	80
327	466
327	722
327	814
327	832
327	923
327	941
328	262
328	406
328	459
328	730
328	780
328	797
328	992
329	331
329	374
329	618
329	690
329	781
329	793
329	830
330	76
330	107
330	299
330	536
330	828
330	874
330	960
331	50
331	92
331	222
331	329
331	444
331	517
331	983
332	122
332	406
332	638
332	694
332	799
332	894
332	932
333	101
333	102
333	197
333	521
333	543
333	892
333	911
334	434
334	468
334	713
334	737
334	835
334	839
334	883
335	111
335	160
335	203
335	213
335	688
335	725
335	962
336	419
336	651
336	744
336	789
336	795
336	810
336	815
337	74
337	351
337	507
337	570
337	672
337	767
337	984
338	20
338	479
338	660
338	753
338	866
338	898
338	954
339	32
339	123
339	136
339	357
339	435
339	841
339	965
340	207
340	248
340	291
340	500
340	624
340	662
340	797
341	558
341	619
341	631
341	687
341	768
341	921
341	999
342	141
342	374
342	436
342	563
342	688
342	804
342	945
343	172
343	242
343	698
343	770
343	783
343	791
343	879
344	164
344	579
344	666
344	708
344	857
344	915
344	940
345	222
345	236
345	326
345	621
345	672
345	725
345	851
346	20
346	265
346	545
346	553
346	587
346	670
346	788
347	106
347	162
347	253
347	589
347	722
347	772
347	977
348	133
348	409
348	836
348	870
348	930
348	948
348	965
349	135
349	221
349	652
349	724
349	835
349	896
349	935
350	52
350	282
350	360
350	518
350	525
350	885
350	993
351	37
351	271
351	337
351	384
351	767
351	807
351	886
352	3
352	526
352	528
352	558
352	758
352	837
352	888
353	31
353	95
353	111
353	277
353	681
353	720
353	918
354	74
354	94
354	125
354	179
354	272
354	482
354	775
355	1
355	263
355	578
355	698
355	714
355	821
355	910
356	90
356	366
356	487
356	587
356	823
356	919
356	963
357	88
357	146
357	339
357	857
357	887
357	924
357	932
357	996
358	83
358	112
358	381
358	507
358	651
358	814
358	897
358	981
359	27
359	64
359	430
359	649
359	741
359	795
359	847
359	890
360	52
360	350
360	455
360	605
360	699
360	913
360	987
360	999
361	11
361	91
361	133
361	400
361	448
361	522
361	539
361	866
362	112
362	404
362	557
362	601
362	870
362	915
362	918
362	994
363	163
363	193
363	210
363	385
363	732
363	772
363	954
363	981
364	208
364	226
364	280
364	797
364	842
364	916
364	953
364	989
365	216
365	278
365	324
365	380
365	578
365	687
365	764
365	858
366	130
366	233
366	356
366	535
366	609
366	819
366	832
366	860
367	188
367	487
367	518
367	532
367	905
367	935
367	968
367	972
368	157
368	313
368	582
368	629
368	743
368	893
368	895
368	970
369	241
369	445
369	542
369	675
369	684
369	790
369	901
369	943
370	374
370	696
370	749
370	837
370	905
370	951
370	956
370	968
371	39
371	235
371	531
371	536
371	605
371	653
371	732
371	934
372	27
372	60
372	167
372	671
372	887
372	903
372	984
372	998
373	48
373	105
373	278
373	444
373	451
373	836
373	839
373	853
374	209
374	329
374	342
374	370
374	546
374	772
374	828
374	849
375	94
375	408
375	652
375	703
375	706
375	737
375	750
375	940
376	410
376	559
376	632
376	759
376	777
376	786
376	836
376	976
377	111
377	317
377	562
377	591
377	667
377	884
377	949
377	957
378	158
378	218
378	259
378	268
378	290
378	514
378	725
378	859
379	224
379	245
379	397
379	418
379	455
379	678
379	850
379	878
380	365
380	595
380	664
380	740
380	810
380	846
380	853
380	904
381	83
381	319
381	358
381	498
381	548
381	893
381	901
381	991
382	125
382	274
382	548
382	587
382	635
382	845
382	885
382	948
383	120
383	238
383	406
383	540
383	719
383	810
383	903
383	959
384	115
384	171
384	292
384	351
384	680
384	815
384	889
384	975
385	253
385	310
385	363
385	503
385	517
385	624
385	857
385	902
386	302
386	310
386	415
386	520
386	630
386	736
386	806
386	926
387	55
387	76
387	682
387	768
387	801
387	901
387	938
387	941
388	81
388	259
388	307
388	509
388	588
388	718
388	923
388	929
389	68
389	318
389	610
389	613
389	698
389	747
389	765
389	878
390	126
390	538
390	569
390	669
390	775
390	835
390	936
390	958
391	443
391	470
391	745
391	834
391	859
391	873
391	898
391	914
392	254
392	438
392	494
392	805
392	811
392	888
392	952
392	965
393	75
393	254
393	444
393	556
393	607
393	608
393	711
393	944
394	170
394	568
394	575
394	709
394	752
394	763
394	773
394	881
395	19
395	192
395	202
395	204
395	882
395	919
395	942
395	980
396	77
396	175
396	322
396	412
396	501
396	809
396	867
396	919
397	182
397	250
397	379
397	404
397	477
397	523
397	599
397	835
398	561
398	564
398	605
398	660
398	720
398	885
398	902
398	943
399	54
399	141
399	145
399	309
399	413
399	614
399	662
399	756
400	180
400	189
400	361
400	563
400	699
400	717
400	773
400	897
401	174
401	195
401	205
401	319
401	766
401	879
401	888
401	903
402	469
402	489
402	534
402	898
402	924
402	956
402	972
402	981
403	425
403	573
403	856
403	897
403	913
403	915
403	928
403	962
404	134
404	362
404	397
404	478
404	579
404	620
404	708
404	869
405	295
405	660
405	668
405	727
405	927
405	928
405	939
405	989
406	328
406	332
406	383
406	517
406	706
406	716
406	934
406	958
407	183
407	220
407	226
407	246
407	317
407	432
407	736
407	758
408	196
408	375
408	603
408	742
408	766
408	851
408	938
408	951
409	58
409	70
409	109
409	246
409	348
409	657
409	772
409	850
410	238
410	376
410	507
410	555
410	766
410	786
410	859
410	938
411	36
411	122
411	547
411	612
411	793
411	813
411	956
411	966
412	272
412	396
412	728
412	836
412	837
412	875
412	980
412	988
413	145
413	263
413	399
413	445
413	776
413	784
413	854
413	896
414	52
414	180
414	595
414	612
414	677
414	782
414	807
414	884
415	8
415	152
415	243
415	252
415	386
415	578
415	869
415	968
416	133
416	542
416	698
416	760
416	853
416	902
416	950
416	978
417	167
417	257
417	298
417	580
417	675
417	775
417	901
417	996
418	379
418	428
418	597
418	641
418	661
418	848
418	980
418	992
419	38
419	261
419	336
419	538
419	794
419	844
419	890
419	951
420	450
420	554
420	606
420	622
420	763
420	848
420	882
420	889
421	8
421	90
421	301
421	581
421	642
421	644
421	670
421	950
422	297
422	432
422	456
422	510
422	549
422	812
422	948
422	951
423	234
423	531
423	552
423	572
423	628
423	814
423	937
423	994
424	284
424	633
424	634
424	817
424	833
424	845
424	874
424	997
425	403
425	656
425	742
425	773
425	875
425	898
425	954
425	959
426	220
426	278
426	495
426	584
426	597
426	629
426	685
426	732
427	95
427	315
427	550
427	608
427	721
427	858
427	873
427	975
428	209
428	418
428	439
428	668
428	816
428	910
428	937
428	959
429	91
429	458
429	489
429	497
429	612
429	634
429	960
429	979
430	359
430	469
430	703
430	768
430	769
430	844
430	907
430	934
431	250
431	252
431	320
431	459
431	537
431	606
431	771
431	859
432	407
432	422
432	529
432	536
432	627
432	797
432	805
432	859
433	34
433	152
433	172
433	173
433	212
433	258
433	952
433	981
434	225
434	263
434	315
434	334
434	692
434	829
434	843
434	868
435	326
435	339
435	531
435	538
435	553
435	873
435	891
435	999
436	78
436	342
436	603
436	614
436	642
436	678
436	683
436	765
437	11
437	49
437	463
437	613
437	798
437	895
437	926
437	1000
438	102
438	266
438	392
438	620
438	704
438	731
438	734
438	900
439	227
439	428
439	471
439	659
439	812
439	821
439	888
439	947
440	151
440	468
440	473
440	702
440	794
440	810
440	878
440	914
441	211
441	509
441	582
441	789
441	847
441	849
441	937
441	986
442	86
442	285
442	480
442	532
442	655
442	661
442	752
442	980
443	147
443	315
443	391
443	461
443	480
443	504
443	587
443	676
444	251
444	300
444	331
444	373
444	393
444	738
444	931
444	952
445	104
445	127
445	194
445	277
445	369
445	413
445	611
445	701
446	567
446	596
446	877
446	886
446	892
446	908
446	924
446	943
447	42
447	85
447	455
447	483
447	486
447	822
447	924
447	995
448	141
448	242
448	361
448	747
448	886
448	914
448	956
448	984
449	95
449	178
449	324
449	455
449	489
449	616
449	677
449	876
450	214
450	420
450	565
450	596
450	733
450	870
450	898
450	970
451	286
451	304
451	373
451	671
451	735
451	794
451	852
451	963
452	12
452	192
452	552
452	808
452	871
452	921
452	942
452	957
453	265
453	570
453	585
453	707
453	728
453	752
453	785
453	949
454	269
454	284
454	303
454	496
454	535
454	622
454	675
454	902
455	7
455	24
455	360
455	379
455	447
455	449
455	690
455	830
456	49
456	57
456	66
456	156
456	298
456	422
456	684
456	750
457	47
457	149
457	276
457	312
457	460
457	756
457	825
457	855
458	75
458	119
458	429
458	518
458	699
458	776
458	834
458	981
459	197
459	328
459	431
459	505
459	660
459	765
459	825
459	839
460	135
460	289
460	457
460	600
460	619
460	672
460	754
460	956
461	244
461	443
461	604
461	621
461	648
461	842
461	860
461	901
462	99
462	143
462	284
462	521
462	766
462	869
462	912
462	938
463	109
463	306
463	437
463	515
463	748
463	783
463	815
463	831
464	29
464	104
464	307
464	677
464	874
464	915
464	968
464	969
465	144
465	216
465	317
465	816
465	852
465	866
465	944
465	973
466	186
466	327
466	696
466	726
466	846
466	862
466	881
466	926
467	93
467	319
467	469
467	522
467	600
467	812
467	884
467	914
468	6
468	70
468	334
468	440
468	664
468	722
468	842
468	981
469	152
469	402
469	430
469	467
469	640
469	642
469	894
469	981
470	107
470	240
470	391
470	523
470	629
470	646
470	788
470	924
471	439
471	753
471	857
471	885
471	934
471	946
471	979
471	993
472	28
472	203
472	489
472	663
472	852
472	888
472	977
472	989
473	24
473	255
473	440
473	501
473	667
473	823
473	835
473	942
474	152
474	293
474	607
474	759
474	794
474	928
474	932
474	999
475	93
475	110
475	259
475	869
475	945
475	980
475	984
475	993
476	101
476	556
476	917
476	932
476	938
476	945
476	946
476	991
477	397
477	622
477	689
477	721
477	791
477	896
477	949
477	960
478	404
478	647
478	685
478	781
478	858
478	865
478	902
478	966
479	40
479	338
479	499
479	502
479	510
479	592
479	609
479	956
480	292
480	442
480	443
480	642
480	693
480	790
480	915
480	977
481	21
481	283
481	775
481	894
481	946
481	950
481	961
481	996
482	354
482	583
482	678
482	679
482	776
482	889
482	950
482	979
483	61
483	447
483	590
483	659
483	823
483	841
483	937
483	978
484	196
484	323
484	554
484	579
484	860
484	892
484	975
484	985
485	286
485	647
485	656
485	751
485	771
485	830
485	846
485	937
486	9
486	198
486	269
486	292
486	447
486	797
486	914
486	984
487	254
487	256
487	270
487	356
487	367
487	937
487	964
487	985
488	174
488	502
488	508
488	663
488	842
488	893
488	972
488	982
489	402
489	429
489	449
489	472
489	702
489	867
489	884
489	916
489	917
490	61
490	574
490	619
490	674
490	733
490	749
490	817
490	960
490	985
491	525
491	528
491	628
491	637
491	680
491	702
491	795
491	884
491	988
492	216
492	258
492	662
492	849
492	901
492	922
492	941
492	970
492	982
493	237
493	281
493	313
493	699
493	826
493	873
493	915
493	937
493	972
494	204
494	266
494	267
494	392
494	498
494	588
494	837
494	920
494	950
495	159
495	426
495	547
495	580
495	631
495	716
495	744
495	757
495	844
496	2
496	147
496	454
496	784
496	856
496	887
496	926
496	949
496	974
497	68
497	174
497	429
497	720
497	725
497	727
497	740
497	862
497	988
498	32
498	197
498	381
498	494
498	673
498	679
498	691
498	824
498	925
499	479
499	548
499	618
499	780
499	812
499	831
499	910
499	924
499	986
500	340
500	553
500	595
500	799
500	803
500	838
500	904
500	994
500	1000
501	226
501	396
501	473
501	747
501	771
501	809
501	884
501	911
501	951
502	47
502	479
502	488
502	520
502	555
502	841
502	916
502	969
502	996
503	385
503	532
503	555
503	700
503	793
503	807
503	855
503	876
503	994
504	37
504	443
504	645
504	667
504	709
504	722
504	812
504	844
504	880
505	324
505	459
505	676
505	717
505	738
505	764
505	843
505	870
505	965
506	195
506	597
506	601
506	691
506	693
506	829
506	852
506	925
506	979
507	337
507	358
507	410
507	606
507	700
507	868
507	877
507	930
507	968
508	299
508	488
508	640
508	715
508	770
508	896
508	897
508	943
508	973
509	388
509	441
509	522
509	569
509	638
509	747
509	941
509	979
509	980
510	28
510	422
510	479
510	649
510	693
510	746
510	778
510	906
510	995
511	95
511	100
511	109
511	256
511	700
511	835
511	965
511	983
511	987
512	24
512	574
512	592
512	738
512	837
512	895
512	922
512	940
512	992
513	559
513	603
513	688
513	746
513	764
513	794
513	887
513	949
513	996
514	33
514	52
514	57
514	79
514	269
514	378
514	536
514	701
514	758
515	293
515	463
515	636
515	822
515	832
515	895
515	913
515	915
515	991
516	54
516	65
516	138
516	230
516	326
516	695
516	710
516	910
516	959
517	118
517	289
517	331
517	385
517	406
517	650
517	681
517	700
517	995
518	350
518	367
518	458
518	597
518	606
518	729
518	899
518	937
518	961
519	193
519	527
519	618
519	629
519	646
519	723
519	827
519	915
519	922
520	296
520	386
520	502
520	635
520	725
520	729
520	792
520	964
520	977
521	333
521	462
521	628
521	644
521	773
521	795
521	803
521	898
521	963
522	170
522	269
522	361
522	467
522	509
522	734
522	803
522	832
522	880
523	104
523	151
523	154
523	275
523	397
523	470
523	537
523	676
523	901
524	173
524	182
524	281
524	720
524	747
524	793
524	814
524	869
524	870
525	41
525	61
525	320
525	350
525	491
525	696
525	735
525	777
525	914
526	106
526	138
526	321
526	352
526	753
526	769
526	782
526	868
526	941
527	193
527	312
527	519
527	571
527	593
527	671
527	722
527	874
527	913
528	101
528	114
528	126
528	285
528	352
528	491
528	744
528	963
528	977
529	212
529	432
529	550
529	567
529	614
529	713
529	885
529	916
529	925
530	173
530	638
530	719
530	731
530	749
530	915
530	923
530	984
530	999
531	174
531	371
531	423
531	435
531	674
531	739
531	910
531	951
531	993
532	221
532	264
532	367
532	442
532	503
532	786
532	866
532	940
532	956
533	108
533	110
533	291
533	309
533	651
533	674
533	820
533	826
533	919
534	51
534	117
534	252
534	402
534	602
534	801
534	883
534	931
534	995
535	366
535	454
535	551
535	643
535	659
535	684
535	748
535	760
535	817
536	120
536	150
536	330
536	371
536	432
536	514
536	754
536	814
536	877
537	87
537	231
537	318
537	431
537	523
537	723
537	752
537	781
537	979
538	26
538	120
538	238
538	390
538	419
538	435
538	716
538	761
538	948
539	74
539	155
539	194
539	361
539	552
539	671
539	862
539	928
539	967
540	23
540	93
540	112
540	383
540	595
540	644
540	726
540	847
540	978
541	199
541	325
541	615
541	887
541	923
541	926
541	928
541	947
541	972
542	15
542	51
542	166
542	369
542	416
542	565
542	763
542	977
542	990
543	294
543	306
543	333
543	622
543	681
543	690
543	878
543	974
543	998
544	32
544	325
544	610
544	729
544	759
544	918
544	922
544	943
544	962
545	346
545	739
545	781
545	792
545	868
545	911
545	928
545	951
545	984
546	137
546	222
546	374
546	590
546	749
546	779
546	802
546	820
546	894
547	148
547	153
547	411
547	495
547	584
547	604
547	888
547	942
547	993
548	381
548	382
548	499
548	608
548	705
548	716
548	775
548	861
548	971
549	35
549	159
549	196
549	422
549	652
549	654
549	657
549	830
549	883
550	8
550	62
550	427
550	529
550	822
550	908
550	940
550	964
550	969
551	155
551	535
551	605
551	626
551	882
551	898
551	911
551	954
551	966
552	423
552	452
552	539
552	683
552	726
552	819
552	877
552	951
552	993
553	13
553	80
553	233
553	317
553	346
553	435
553	500
553	754
553	828
554	119
554	216
554	420
554	484
554	617
554	665
554	733
554	820
554	987
555	125
555	410
555	502
555	503
555	558
555	582
555	596
555	847
555	899
556	393
556	476
556	723
556	732
556	782
556	800
556	843
556	855
556	882
557	263
557	288
557	362
557	626
557	771
557	784
557	839
557	898
557	909
558	86
558	341
558	352
558	555
558	645
558	723
558	792
558	808
558	819
559	129
559	179
559	322
559	376
559	513
559	660
559	685
559	777
559	944
560	142
560	289
560	592
560	628
560	751
560	761
560	826
560	867
560	881
561	14
561	71
561	398
561	765
561	835
561	865
561	909
561	939
561	961
562	206
562	250
562	377
562	789
562	941
562	943
562	976
562	980
562	982
563	3
563	72
563	342
563	400
563	613
563	737
563	841
563	917
563	932
564	73
564	85
564	398
564	661
564	841
564	859
564	884
564	920
564	948
565	174
565	257
565	313
565	450
565	542
565	629
565	649
565	769
565	949
566	153
566	163
566	240
566	630
566	741
566	745
566	806
566	830
566	984
567	285
567	446
567	529
567	606
567	627
567	644
567	692
567	991
567	996
568	262
568	394
568	761
568	765
568	873
568	920
568	922
568	967
568	969
569	120
569	236
569	250
569	390
569	509
569	890
569	897
569	958
569	968
570	337
570	453
570	595
570	604
570	783
570	870
570	966
570	969
570	994
571	5
571	527
571	620
571	650
571	745
571	827
571	875
571	919
571	944
572	68
572	187
572	303
572	423
572	578
572	601
572	663
572	711
572	833
573	19
573	314
573	403
573	708
573	757
573	883
573	891
573	909
573	976
574	18
574	260
574	303
574	319
574	490
574	512
574	774
574	894
574	910
575	42
575	394
575	620
575	695
575	878
575	895
575	922
575	985
575	991
576	28
576	157
576	205
576	706
576	760
576	779
576	802
576	965
576	998
577	38
577	99
577	661
577	731
577	787
577	822
577	840
577	949
577	950
577	961
578	258
578	355
578	365
578	415
578	572
578	885
578	953
578	957
578	983
578	996
579	230
579	344
579	404
579	484
579	588
579	673
579	739
579	754
579	871
579	930
580	181
580	417
580	495
580	647
580	861
580	925
580	926
580	932
580	959
580	998
581	53
581	88
581	421
581	602
581	747
581	786
581	871
581	922
581	928
581	943
582	276
582	368
582	441
582	555
582	640
582	654
582	790
582	800
582	883
582	908
583	131
583	217
583	321
583	482
583	747
583	762
583	820
583	975
583	982
583	1000
584	77
584	166
584	175
584	297
584	316
584	426
584	547
584	647
584	840
584	961
585	33
585	453
585	635
585	658
585	706
585	728
585	820
585	904
585	937
585	983
586	130
586	270
586	669
586	678
586	796
586	807
586	813
586	832
586	885
586	929
587	292
587	346
587	356
587	382
587	443
587	655
587	668
587	676
587	874
587	998
588	43
588	45
588	76
588	388
588	494
588	579
588	612
588	926
588	947
588	960
589	2
589	197
589	268
589	347
589	674
589	685
589	716
589	790
589	940
589	943
590	12
590	28
590	234
590	483
590	546
590	653
590	809
590	827
590	884
590	890
591	297
591	377
591	694
591	746
591	748
591	820
591	838
591	852
591	900
591	985
592	87
592	139
592	294
592	479
592	512
592	560
592	604
592	745
592	863
592	993
593	19
593	23
593	79
593	324
593	527
593	809
593	873
593	888
593	953
593	979
594	168
594	218
594	621
594	659
594	692
594	693
594	753
594	869
594	878
594	916
595	26
595	159
595	205
595	380
595	414
595	500
595	540
595	570
595	783
595	874
596	169
596	446
596	450
596	555
596	600
596	626
596	684
596	880
596	954
596	983
597	145
597	191
597	267
597	418
597	426
597	506
597	518
597	649
597	752
597	899
598	32
598	98
598	186
598	200
598	233
598	661
598	693
598	720
598	866
598	990
599	256
599	321
599	397
599	759
599	797
599	801
599	925
599	954
599	973
599	979
600	142
600	460
600	467
600	596
600	773
600	847
600	864
600	925
600	990
600	1000
601	166
601	362
601	506
601	572
601	669
601	719
601	733
601	803
601	989
601	992
602	43
602	92
602	534
602	581
602	616
602	618
602	675
602	685
602	728
602	736
603	19
603	44
603	171
603	275
603	408
603	436
603	513
603	687
603	750
603	947
604	50
604	151
604	461
604	547
604	570
604	592
604	774
604	912
604	933
604	940
605	194
605	360
605	371
605	398
605	551
605	770
605	781
605	879
605	928
605	995
606	303
606	420
606	431
606	507
606	518
606	567
606	675
606	758
606	813
606	989
607	73
607	393
607	474
607	622
607	709
607	753
607	851
607	860
607	955
607	995
608	81
608	393
608	427
608	548
608	697
608	747
608	869
608	920
608	948
608	952
609	154
609	301
609	305
609	320
609	366
609	479
609	828
609	852
609	897
609	905
610	60
610	82
610	389
610	544
610	695
610	755
610	814
610	870
610	901
610	964
611	121
611	248
611	268
611	445
611	616
611	633
611	813
611	891
611	897
611	961
612	178
612	411
612	414
612	429
612	588
612	679
612	795
612	913
612	942
612	969
613	4
613	151
613	389
613	437
613	563
613	724
613	785
613	810
613	846
613	973
614	399
614	436
614	529
614	618
614	690
614	829
614	839
614	956
614	968
614	997
615	77
615	202
615	205
615	248
615	322
615	541
615	787
615	930
615	938
615	1000
616	43
616	449
616	602
616	611
616	701
616	709
616	717
616	854
616	861
616	934
617	79
617	82
617	202
617	256
617	554
617	638
617	733
617	754
617	825
617	879
618	50
618	329
618	499
618	519
618	602
618	614
618	625
618	661
618	746
618	770
619	89
619	212
619	315
619	341
619	460
619	490
619	668
619	740
619	924
619	989
620	159
620	253
620	404
620	438
620	571
620	575
620	817
620	853
620	955
620	985
621	17
621	345
621	461
621	594
621	639
621	713
621	729
621	781
621	917
621	961
622	4
622	420
622	454
622	477
622	543
622	607
622	631
622	655
622	830
622	992
623	117
623	129
623	734
623	755
623	823
623	826
623	869
623	908
623	972
623	985
624	221
624	340
624	385
624	687
624	744
624	835
624	853
624	862
624	865
624	915
625	126
625	143
625	153
625	237
625	618
625	645
625	675
625	874
625	880
625	988
626	170
626	229
626	274
626	275
626	304
626	551
626	557
626	596
626	628
626	830
627	302
627	432
627	567
627	697
627	709
627	715
627	845
627	959
627	967
627	975
628	423
628	491
628	521
628	560
628	626
628	672
628	813
628	949
628	954
628	976
629	209
629	263
629	266
629	368
629	426
629	470
629	519
629	565
629	657
629	945
630	35
630	386
630	566
630	704
630	710
630	887
630	918
630	921
630	938
630	998
631	76
631	159
631	260
631	341
631	495
631	622
631	925
631	943
631	949
631	969
632	217
632	265
632	311
632	376
632	751
632	776
632	904
632	923
632	954
632	994
633	179
633	217
633	219
633	424
633	611
633	671
633	717
633	766
633	958
633	970
634	273
634	424
634	429
634	640
634	693
634	731
634	795
634	816
634	916
634	958
635	136
635	246
635	264
635	382
635	520
635	585
635	705
635	819
635	877
635	983
636	56
636	206
636	247
636	515
636	674
636	741
636	783
636	888
636	906
636	907
637	74
637	491
637	698
637	745
637	799
637	819
637	846
637	864
637	960
637	987
638	332
638	509
638	530
638	617
638	780
638	842
638	905
638	917
638	953
638	976
639	56
639	76
639	168
639	621
639	680
639	788
639	854
639	883
639	914
639	946
640	218
640	307
640	469
640	508
640	582
640	634
640	726
640	779
640	913
640	997
641	14
641	15
641	215
641	418
641	665
641	806
641	876
641	891
641	988
641	990
642	4
642	182
642	421
642	436
642	469
642	480
642	813
642	825
642	915
642	979
643	42
643	180
643	249
643	255
643	535
643	717
643	791
643	821
643	880
643	950
644	72
644	75
644	321
644	421
644	521
644	540
644	567
644	682
644	713
644	931
645	74
645	121
645	225
645	504
645	558
645	625
645	663
645	782
645	910
645	996
646	103
646	185
646	308
646	470
646	519
646	690
646	701
646	766
646	905
646	944
647	478
647	485
647	580
647	584
647	656
647	730
647	827
647	867
647	926
647	971
648	18
648	273
648	311
648	326
648	461
648	652
648	708
648	785
648	826
648	935
648	975
649	66
649	170
649	177
649	359
649	510
649	565
649	597
649	705
649	864
649	911
649	987
650	129
650	308
650	517
650	571
650	675
650	682
650	718
650	853
650	865
650	941
650	999
651	283
651	336
651	358
651	533
651	721
651	723
651	838
651	857
651	860
651	974
651	993
652	192
652	349
652	375
652	549
652	648
652	685
652	750
652	807
652	861
652	893
652	920
653	15
653	213
653	245
653	371
653	590
653	706
653	721
653	753
653	767
653	931
653	999
654	87
654	124
654	144
654	156
654	287
654	304
654	549
654	582
654	664
654	768
654	959
655	56
655	442
655	587
655	622
655	678
655	753
655	763
655	781
655	788
655	962
655	991
656	101
656	289
656	425
656	485
656	647
656	763
656	808
656	831
656	866
656	893
656	953
657	16
657	138
657	191
657	409
657	549
657	629
657	724
657	746
657	962
657	992
657	997
658	23
658	31
658	148
658	184
658	585
658	735
658	761
658	772
658	866
658	876
658	962
659	66
659	439
659	483
659	535
659	594
659	723
659	850
659	855
659	879
659	970
659	978
660	338
660	398
660	405
660	459
660	559
660	718
660	819
660	903
660	916
660	919
660	972
661	418
661	442
661	564
661	577
661	598
661	618
661	756
661	875
661	942
661	974
661	981
662	55
662	340
662	399
662	492
662	665
662	668
662	754
662	831
662	837
662	895
662	966
663	29
663	78
663	85
663	282
663	472
663	488
663	572
663	645
663	864
663	964
663	974
664	44
664	249
664	380
664	468
664	654
664	667
664	799
664	884
664	892
664	908
664	943
665	88
665	192
665	219
665	554
665	641
665	662
665	726
665	732
665	906
665	991
665	993
666	112
666	203
666	344
666	818
666	850
666	911
666	953
666	966
666	972
666	983
666	999
667	3
667	57
667	238
667	377
667	473
667	504
667	664
667	772
667	778
667	895
667	922
668	257
668	405
668	428
668	587
668	619
668	662
668	677
668	776
668	891
668	929
668	938
669	114
669	234
669	390
669	586
669	601
669	730
669	794
669	815
669	819
669	906
669	992
670	346
670	421
670	683
670	710
670	756
670	806
670	837
670	860
670	962
670	963
670	993
671	38
671	275
671	287
671	372
671	451
671	527
671	539
671	633
671	692
671	792
671	912
672	71
672	337
672	345
672	460
672	628
672	710
672	740
672	865
672	950
672	977
672	985
673	169
673	204
673	239
673	498
673	579
673	696
673	701
673	829
673	833
673	907
673	933
674	65
674	490
674	531
674	533
674	589
674	636
674	725
674	840
674	854
674	882
674	945
675	6
675	246
675	369
675	417
675	454
675	602
675	606
675	625
675	650
675	762
675	938
676	199
676	443
676	505
676	523
676	587
676	688
676	783
676	827
676	868
676	870
676	939
677	209
677	414
677	449
677	464
677	668
677	872
677	890
677	905
677	968
677	983
677	988
678	255
678	267
678	379
678	436
678	482
678	586
678	655
678	751
678	792
678	912
678	999
679	6
679	127
679	190
679	482
679	498
679	612
679	716
679	777
679	796
679	871
679	939
680	185
680	319
680	384
680	491
680	639
680	696
680	802
680	859
680	864
680	948
680	957
681	188
681	217
681	259
681	353
681	517
681	543
681	716
681	784
681	910
681	924
681	960
682	48
682	163
682	324
682	387
682	644
682	650
682	689
682	766
682	835
682	867
682	881
683	97
683	185
683	224
683	436
683	552
683	670
683	716
683	868
683	870
683	933
683	978
684	190
684	202
684	266
684	316
684	369
684	456
684	535
684	596
684	770
684	858
684	994
685	266
685	278
685	426
685	478
685	559
685	589
685	602
685	652
685	760
685	831
685	894
686	140
686	249
686	252
686	747
686	762
686	805
686	828
686	881
686	893
686	903
686	981
687	219
687	312
687	341
687	365
687	603
687	624
687	783
687	798
687	900
687	926
687	962
688	30
688	173
688	319
688	335
688	342
688	513
688	676
688	809
688	843
688	851
688	900
689	154
689	291
689	477
689	682
689	704
689	754
689	834
689	890
689	952
689	983
689	986
690	153
690	293
690	329
690	455
690	543
690	614
690	646
690	774
690	902
690	962
690	964
691	308
691	498
691	506
691	718
691	773
691	823
691	867
691	876
691	963
691	967
691	984
692	99
692	145
692	282
692	434
692	567
692	594
692	671
692	767
692	833
692	945
692	981
693	245
693	262
693	480
693	506
693	510
693	594
693	598
693	634
693	793
693	893
693	913
694	124
694	138
694	332
694	591
694	746
694	765
694	797
694	903
694	929
694	950
694	955
695	162
695	516
695	575
695	610
695	739
695	836
695	840
695	891
695	901
695	911
695	989
696	46
696	251
696	370
696	466
696	525
696	673
696	680
696	787
696	820
696	971
696	974
697	1
697	209
697	608
697	627
697	700
697	707
697	737
697	742
697	827
697	856
697	972
698	27
698	78
698	343
698	355
698	389
698	416
698	637
698	773
698	921
698	967
698	974
699	47
699	215
699	223
699	360
699	400
699	458
699	493
699	941
699	952
699	973
699	999
700	202
700	503
700	507
700	511
700	517
700	697
700	712
700	900
700	908
700	916
700	997
701	96
701	153
701	445
701	514
701	616
701	646
701	673
701	826
701	912
701	971
701	992
702	158
702	178
702	440
702	489
702	491
702	793
702	861
702	896
702	936
702	952
702	989
703	65
703	226
703	300
703	375
703	430
703	706
703	755
703	863
703	882
703	936
703	945
704	38
704	41
704	108
704	438
704	630
704	689
704	760
704	788
704	893
704	929
704	978
705	30
705	35
705	296
705	548
705	635
705	649
705	762
705	847
705	886
705	955
705	973
706	143
706	301
706	375
706	406
706	576
706	585
706	653
706	703
706	856
706	932
706	997
707	233
707	306
707	453
707	697
707	741
707	821
707	846
707	860
707	964
707	979
707	982
708	36
708	46
708	310
708	344
708	404
708	573
708	648
708	723
708	817
708	966
708	978
709	224
709	394
709	504
709	607
709	616
709	627
709	719
709	892
709	901
709	930
709	951
710	145
710	161
710	516
710	630
710	670
710	672
710	715
710	816
710	940
710	967
710	981
711	240
711	283
711	310
711	393
711	572
711	848
711	856
711	860
711	878
711	974
711	985
712	116
712	205
712	700
712	726
712	774
712	816
712	926
712	935
712	937
712	976
712	985
713	121
713	227
713	278
713	334
713	529
713	621
713	644
713	808
713	880
713	910
713	959
713	974
714	175
714	284
714	288
714	318
714	355
714	778
714	843
714	888
714	927
714	950
714	957
714	966
715	115
715	508
715	627
715	710
715	724
715	744
715	790
715	857
715	906
715	924
715	969
715	990
716	107
716	406
716	495
716	538
716	548
716	589
716	679
716	681
716	683
716	744
716	803
716	913
717	84
717	279
717	321
717	400
717	505
717	616
717	633
717	643
717	755
717	796
717	850
717	884
718	110
718	215
718	305
718	388
718	650
718	660
718	691
718	734
718	890
718	940
718	960
718	975
719	319
719	383
719	530
719	601
719	709
719	769
719	810
719	860
719	927
719	943
719	968
719	981
720	220
720	293
720	303
720	353
720	398
720	497
720	524
720	598
720	736
720	896
720	934
720	990
721	22
721	119
721	236
721	427
721	477
721	651
721	653
721	893
721	912
721	920
721	956
721	999
722	37
722	62
722	65
722	218
722	327
722	347
722	468
722	504
722	527
722	866
722	946
722	965
723	158
723	519
723	537
723	556
723	558
723	651
723	659
723	708
723	869
723	901
723	935
723	990
724	32
724	121
724	243
724	244
724	349
724	613
724	657
724	715
724	739
724	798
724	843
724	946
725	170
725	246
725	335
725	345
725	378
725	497
725	520
725	674
725	750
725	753
725	924
725	956
726	7
726	258
726	466
726	540
726	552
726	640
726	665
726	712
726	761
726	788
726	825
726	845
727	44
727	94
727	116
727	160
727	243
727	313
727	405
727	497
727	767
727	805
727	875
727	900
728	17
728	284
728	296
728	412
728	453
728	585
728	602
728	793
728	882
728	892
728	905
728	995
729	179
729	237
729	518
729	520
729	544
729	621
729	785
729	788
729	819
729	845
729	932
729	952
730	27
730	196
730	328
730	647
730	669
730	750
730	806
730	816
730	844
730	867
730	902
730	993
731	37
731	256
731	438
731	530
731	577
731	634
731	769
731	817
731	865
731	891
731	970
731	990
732	205
732	294
732	363
732	371
732	426
732	556
732	665
732	905
732	916
732	946
732	956
732	994
733	237
733	294
733	450
733	490
733	554
733	601
733	617
733	770
733	832
733	897
733	903
733	907
734	183
734	235
734	438
734	522
734	623
734	718
734	761
734	765
734	802
734	887
734	942
734	967
735	10
735	42
735	80
735	84
735	135
735	204
735	271
735	451
735	525
735	658
735	752
735	941
736	128
736	187
736	201
736	326
736	386
736	407
736	602
736	720
736	878
736	893
736	907
736	925
737	51
737	171
737	261
737	334
737	375
737	563
737	697
737	777
737	787
737	860
737	876
737	968
738	11
738	37
738	309
738	444
738	505
738	512
738	868
738	899
738	929
738	962
738	982
738	997
739	16
739	118
739	131
739	280
739	307
739	531
739	545
739	579
739	695
739	724
739	759
739	913
740	115
740	261
740	280
740	380
740	497
740	619
740	672
740	780
740	865
740	931
740	933
740	947
741	5
741	13
741	142
741	167
741	225
741	359
741	566
741	636
741	707
741	821
741	843
741	953
742	126
742	206
742	229
742	408
742	425
742	697
742	779
742	803
742	865
742	898
742	963
742	995
743	44
743	66
743	86
743	229
743	282
743	368
743	748
743	800
743	857
743	933
743	974
743	980
744	164
744	168
744	219
744	336
744	495
744	528
744	624
744	715
744	716
744	764
744	954
744	985
745	18
745	103
745	322
745	391
745	566
745	571
745	592
745	637
745	824
745	831
745	921
745	986
746	5
746	143
746	295
746	510
746	513
746	591
746	618
746	657
746	694
746	828
746	848
746	914
747	3
747	389
747	448
747	501
747	509
747	524
747	581
747	583
747	608
747	686
747	913
747	937
748	9
748	202
748	463
748	535
748	591
748	743
748	784
748	793
748	807
748	846
748	904
748	989
749	130
749	155
749	301
749	370
749	490
749	530
749	546
749	803
749	903
749	920
749	958
749	999
750	164
750	181
750	375
750	456
750	603
750	652
750	725
750	730
750	761
750	799
750	926
750	942
751	116
751	199
751	485
751	560
751	632
751	678
751	885
751	899
751	903
751	908
751	941
751	983
752	172
752	320
752	394
752	442
752	453
752	537
752	597
752	735
752	767
752	893
752	955
752	994
753	148
753	157
753	169
753	338
753	471
753	526
753	594
753	607
753	653
753	655
753	725
753	947
754	171
754	214
754	302
754	460
754	536
754	553
754	579
754	617
754	662
754	689
754	802
754	916
755	291
755	610
755	623
755	703
755	717
755	787
755	838
755	854
755	916
755	975
755	992
755	993
756	50
756	133
756	399
756	457
756	661
756	670
756	778
756	791
756	821
756	874
756	922
756	992
757	92
757	495
757	573
757	790
757	798
757	801
757	808
757	930
757	944
757	957
757	993
757	999
758	15
758	80
758	95
758	175
758	309
758	352
758	407
758	514
758	606
758	817
758	935
758	961
759	187
759	234
759	270
759	376
759	474
759	544
759	599
759	739
759	814
759	842
759	951
759	984
760	47
760	160
760	312
760	416
760	535
760	576
760	685
760	704
760	779
760	786
760	827
760	877
761	149
761	231
761	538
761	560
761	568
761	658
761	726
761	734
761	750
761	854
761	965
761	996
762	251
762	287
762	583
762	675
762	686
762	705
762	840
762	876
762	936
762	952
762	953
762	973
763	394
763	420
763	542
763	655
763	656
763	841
763	869
763	885
763	894
763	896
763	940
763	942
763	994
764	275
764	365
764	505
764	513
764	744
764	859
764	881
764	914
764	915
764	931
764	955
764	979
764	980
765	44
765	389
765	436
765	459
765	561
765	568
765	694
765	734
765	871
765	901
765	907
765	924
765	963
766	82
766	113
766	182
766	401
766	408
766	410
766	462
766	633
766	646
766	682
766	849
766	942
766	964
767	337
767	351
767	653
767	692
767	727
767	752
767	822
767	868
767	904
767	936
767	971
767	975
767	987
768	250
768	341
768	387
768	430
768	654
768	842
768	850
768	861
768	884
768	899
768	922
768	973
768	978
769	89
769	254
769	302
769	430
769	526
769	565
769	719
769	731
769	778
769	810
769	888
769	960
769	989
770	66
770	343
770	508
770	605
770	618
770	684
770	733
770	867
770	881
770	934
770	936
770	950
770	1000
771	12
771	247
771	325
771	431
771	485
771	501
771	557
771	861
771	865
771	891
771	918
771	979
771	994
772	33
772	36
772	181
772	347
772	363
772	374
772	409
772	658
772	667
772	790
772	815
772	832
772	892
773	184
773	394
773	400
773	425
773	521
773	600
773	691
773	698
773	790
773	840
773	891
773	907
773	914
774	47
774	64
774	222
774	574
774	604
774	690
774	712
774	789
774	791
774	809
774	848
774	849
774	923
775	178
775	229
775	276
775	314
775	354
775	390
775	417
775	481
775	548
775	817
775	847
775	855
775	909
776	189
776	413
776	458
776	482
776	632
776	668
776	822
776	836
776	919
776	940
776	948
776	951
776	959
777	116
777	131
777	145
777	247
777	376
777	525
777	559
777	679
777	737
777	837
777	852
777	887
777	942
778	72
778	162
778	510
778	667
778	714
778	756
778	769
778	810
778	855
778	901
778	922
778	963
778	982
779	11
779	108
779	241
779	546
779	576
779	640
779	742
779	760
779	800
779	835
779	858
779	962
779	986
780	46
780	260
780	328
780	499
780	638
780	740
780	826
780	841
780	919
780	930
780	962
780	976
780	989
781	16
781	73
781	329
781	478
781	537
781	545
781	605
781	621
781	655
781	879
781	894
781	974
781	982
782	299
782	316
782	414
782	526
782	556
782	645
782	792
782	840
782	847
782	902
782	983
782	998
782	1000
783	43
783	73
783	343
783	463
783	570
783	595
783	636
783	676
783	687
783	790
783	817
783	912
783	986
784	117
784	146
784	224
784	413
784	496
784	557
784	681
784	748
784	865
784	880
784	930
784	968
784	999
785	154
785	318
785	453
785	613
785	648
785	729
785	848
785	912
785	927
785	932
785	959
785	978
785	993
786	110
786	214
786	215
786	279
786	376
786	410
786	532
786	581
786	760
786	875
786	923
786	965
786	994
787	577
787	615
787	696
787	737
787	755
787	790
787	804
787	820
787	853
787	887
787	908
787	920
787	924
788	123
788	346
788	470
788	639
788	655
788	704
788	726
788	729
788	851
788	901
788	935
788	939
788	941
789	165
789	336
789	441
789	562
789	774
789	794
789	806
789	830
789	881
789	900
789	938
789	961
789	970
790	80
790	369
790	480
790	582
790	589
790	715
790	757
790	772
790	773
790	783
790	787
790	811
790	853
791	72
791	316
791	343
791	477
791	643
791	756
791	774
791	821
791	838
791	860
791	906
791	935
791	946
792	5
792	39
792	165
792	520
792	545
792	558
792	671
792	678
792	782
792	833
792	852
792	934
792	944
793	51
793	329
793	411
793	503
793	524
793	693
793	702
793	728
793	748
793	849
793	861
793	967
793	977
794	138
794	194
794	198
794	419
794	440
794	451
794	474
794	513
794	669
794	789
794	865
794	948
794	958
795	26
795	198
795	251
795	282
795	336
795	359
795	491
795	521
795	612
795	634
795	802
795	908
795	970
796	54
796	171
796	177
796	211
796	586
796	679
796	717
796	823
796	888
796	903
796	939
796	986
796	995
797	93
797	234
797	328
797	340
797	364
797	432
797	486
797	599
797	694
797	836
797	886
797	890
797	933
798	199
798	437
798	687
798	724
798	757
798	810
798	858
798	878
798	880
798	896
798	938
798	953
798	975
799	67
799	98
799	239
799	332
799	500
799	637
799	664
799	750
799	893
799	928
799	936
799	948
799	953
800	30
800	158
800	253
800	556
800	582
800	743
800	779
800	845
800	849
800	861
800	889
800	902
800	984
801	69
801	188
801	280
801	281
801	306
801	387
801	534
801	599
801	757
801	818
801	905
801	921
801	984
802	51
802	239
802	546
802	576
802	680
802	734
802	754
802	795
802	809
802	927
802	933
802	972
802	976
803	52
803	93
803	262
803	500
803	521
803	522
803	601
803	716
803	742
803	749
803	815
803	823
803	961
804	25
804	33
804	108
804	133
804	207
804	232
804	239
804	299
804	342
804	787
804	854
804	988
804	998
805	38
805	210
805	290
805	392
805	432
805	686
805	727
805	816
805	855
805	876
805	939
805	946
805	969
806	23
806	143
806	309
806	386
806	566
806	641
806	670
806	730
806	789
806	900
806	923
806	936
806	953
807	48
807	91
807	148
807	258
807	351
807	414
807	503
807	586
807	652
807	748
807	937
807	947
807	985
808	203
808	222
808	452
808	558
808	656
808	713
808	757
808	912
808	920
808	928
808	930
808	971
808	983
809	53
809	104
809	134
809	231
809	396
809	501
809	590
809	593
809	688
809	774
809	802
809	824
809	830
810	242
810	336
810	380
810	383
810	440
810	613
810	719
810	769
810	778
810	798
810	896
810	916
810	931
811	14
811	36
811	40
811	126
811	173
811	226
811	392
811	790
811	841
811	850
811	890
811	964
811	985
812	207
812	422
812	439
812	467
812	499
812	504
812	813
812	843
812	844
812	853
812	917
812	932
812	969
813	258
813	411
813	586
813	606
813	611
813	628
813	642
813	812
813	896
813	956
813	959
813	968
813	984
814	201
814	228
814	297
814	327
814	358
814	423
814	524
814	536
814	610
814	759
814	834
814	958
814	971
815	35
815	63
815	314
815	336
815	384
815	463
815	669
815	772
815	803
815	831
815	850
815	894
815	977
816	224
816	232
816	291
816	428
816	465
816	634
816	710
816	712
816	730
816	805
816	852
816	949
816	977
817	83
817	105
817	136
817	424
817	490
817	535
817	620
817	708
817	731
817	758
817	775
817	783
817	907
818	128
818	193
818	207
818	226
818	227
818	285
818	317
818	666
818	801
818	834
818	891
818	935
818	955
819	232
819	238
819	366
819	552
819	558
819	635
819	637
819	660
819	669
819	729
819	895
819	905
819	942
819	943
820	82
820	206
820	533
820	546
820	554
820	583
820	585
820	591
820	696
820	787
820	938
820	946
820	960
820	964
821	213
821	315
821	355
821	439
821	643
821	707
821	741
821	756
821	791
821	889
821	895
821	910
821	938
821	972
822	6
822	57
822	97
822	200
822	239
822	447
822	515
822	550
822	577
822	767
822	776
822	918
822	944
822	975
823	316
823	356
823	473
823	483
823	623
823	691
823	796
823	803
823	857
823	874
823	933
823	941
823	982
823	986
824	27
824	124
824	215
824	289
824	498
824	745
824	809
824	838
824	882
824	886
824	894
824	936
824	981
824	998
825	63
825	86
825	101
825	457
825	459
825	617
825	642
825	726
825	837
825	862
825	889
825	912
825	943
825	982
826	110
826	188
826	224
826	274
826	493
826	533
826	560
826	623
826	648
826	701
826	780
826	836
826	862
826	926
827	13
827	141
827	193
827	285
827	519
827	571
827	590
827	647
827	676
827	697
827	760
827	838
827	880
827	966
828	117
828	161
828	219
828	236
828	330
828	374
828	553
828	609
828	686
828	746
828	865
828	872
828	985
828	992
829	148
829	191
829	292
829	434
829	506
829	614
829	673
829	859
829	880
829	896
829	935
829	978
829	985
829	986
830	56
830	264
830	284
830	329
830	455
830	485
830	549
830	566
830	622
830	626
830	789
830	809
830	841
830	938
831	45
831	206
831	305
831	463
831	499
831	656
831	662
831	685
831	745
831	815
831	854
831	895
831	940
831	980
832	89
832	159
832	295
832	327
832	366
832	515
832	522
832	586
832	733
832	772
832	842
832	872
832	924
832	952
833	109
833	166
833	220
833	288
833	424
833	572
833	673
833	692
833	792
833	843
833	895
833	901
833	953
833	978
834	56
834	194
834	206
834	391
834	458
834	689
834	814
834	818
834	844
834	852
834	873
834	909
834	927
834	929
835	15
835	253
835	334
835	349
835	390
835	397
835	473
835	511
835	561
835	624
835	682
835	779
835	906
835	979
836	183
836	208
836	246
836	314
836	348
836	373
836	376
836	412
836	695
836	776
836	797
836	826
836	896
836	971
837	151
837	352
837	370
837	412
837	494
837	512
837	662
837	670
837	777
837	825
837	890
837	965
837	979
837	991
838	88
838	136
838	164
838	500
838	591
838	651
838	755
838	791
838	824
838	827
838	877
838	906
838	917
838	977
839	39
839	43
839	54
839	256
839	277
839	318
839	334
839	373
839	459
839	557
839	614
839	905
839	932
839	977
840	577
840	584
840	674
840	695
840	762
840	773
840	782
840	854
840	857
840	924
840	940
840	965
840	992
840	1000
841	72
841	181
841	238
841	339
841	483
841	502
841	563
841	564
841	763
841	780
841	811
841	830
841	914
841	948
842	12
842	48
842	273
842	364
842	461
842	468
842	488
842	638
842	759
842	768
842	832
842	919
842	931
842	986
843	135
843	265
843	278
843	434
843	505
843	556
843	688
843	714
843	724
843	741
843	812
843	833
843	880
843	943
844	99
844	108
844	123
844	137
844	419
844	430
844	495
844	504
844	730
844	812
844	834
844	897
844	937
844	947
845	131
845	166
845	190
845	325
845	382
845	424
845	627
845	726
845	729
845	800
845	868
845	979
845	990
845	997
846	48
846	98
846	146
846	156
846	189
846	304
846	380
846	466
846	485
846	613
846	637
846	707
846	748
846	864
847	255
847	359
847	441
847	540
847	555
847	600
847	705
847	775
847	782
847	883
847	936
847	937
847	938
847	968
848	8
848	60
848	106
848	139
848	418
848	420
848	711
848	746
848	774
848	785
848	867
848	898
848	899
848	935
849	62
849	374
849	441
849	492
849	766
849	774
849	793
849	800
849	906
849	907
849	912
849	934
849	949
849	955
850	65
850	183
850	310
850	379
850	409
850	659
850	666
850	717
850	768
850	811
850	815
850	906
850	907
850	935
850	957
851	137
851	190
851	235
851	259
851	302
851	345
851	408
851	607
851	688
851	788
851	929
851	933
851	934
851	986
851	996
852	451
852	465
852	472
852	506
852	591
852	609
852	777
852	792
852	816
852	834
852	871
852	889
852	916
852	932
852	941
853	119
853	142
853	260
853	283
853	373
853	380
853	416
853	620
853	624
853	650
853	787
853	790
853	812
853	872
853	989
854	25
854	295
854	413
854	616
854	639
854	674
854	755
854	761
854	804
854	831
854	840
854	857
854	871
854	978
854	993
855	35
855	59
855	281
855	457
855	503
855	556
855	659
855	775
855	778
855	805
855	872
855	896
855	932
855	947
855	961
856	59
856	193
856	287
856	289
856	403
856	496
856	697
856	706
856	711
856	858
856	864
856	895
856	918
856	921
856	952
857	106
857	178
857	321
857	344
857	357
857	385
857	471
857	651
857	715
857	743
857	823
857	840
857	854
857	879
857	952
858	42
858	110
858	119
858	326
858	365
858	427
858	478
858	684
858	779
858	798
858	856
858	868
858	875
858	920
858	937
859	25
859	137
859	144
859	150
859	176
859	378
859	391
859	410
859	431
859	432
859	564
859	680
859	764
859	829
859	965
860	96
860	214
860	366
860	461
860	484
860	607
860	651
860	670
860	707
860	711
860	719
860	737
860	791
860	902
860	911
861	13
861	164
861	169
861	548
861	580
861	616
861	652
861	702
861	768
861	771
861	793
861	800
861	870
861	925
861	989
862	45
862	95
862	272
862	466
862	497
862	539
862	624
862	825
862	826
862	939
862	949
862	963
862	969
862	970
862	988
863	171
863	187
863	200
863	231
863	269
863	290
863	307
863	592
863	703
863	874
863	886
863	927
863	978
863	988
863	1000
864	41
864	99
864	132
864	243
864	279
864	314
864	600
864	637
864	649
864	663
864	680
864	846
864	856
864	885
864	991
865	478
865	561
865	624
865	650
865	672
865	731
865	740
865	742
865	771
865	784
865	794
865	828
865	872
865	913
865	996
866	53
866	338
866	361
866	465
866	532
866	598
866	656
866	658
866	722
866	883
866	927
866	934
866	939
866	954
866	986
867	103
867	269
867	396
867	489
867	560
867	647
867	682
867	691
867	730
867	770
867	848
867	927
867	939
867	958
867	984
868	1
868	191
868	312
868	434
868	507
868	526
868	545
868	676
868	683
868	738
868	767
868	845
868	858
868	890
868	943
869	89
869	273
869	305
869	404
869	415
869	462
869	475
869	524
869	594
869	608
869	623
869	723
869	763
869	909
869	954
870	60
870	245
870	267
870	348
870	362
870	450
870	505
870	524
870	570
870	610
870	676
870	683
870	861
870	885
870	969
871	5
871	19
871	25
871	82
871	127
871	295
871	452
871	579
871	581
871	679
871	765
871	852
871	854
871	918
871	1000
872	1
872	210
872	305
872	677
872	828
872	832
872	853
872	855
872	865
872	933
872	970
872	983
872	991
872	993
872	996
873	125
873	391
873	427
873	435
873	493
873	568
873	593
873	834
873	875
873	885
873	910
873	936
873	947
873	958
873	986
874	58
874	96
874	168
874	330
874	424
874	464
874	527
874	587
874	595
874	625
874	756
874	823
874	863
874	929
874	975
875	32
875	56
875	231
875	257
875	412
875	425
875	571
875	661
875	727
875	786
875	858
875	873
875	960
875	987
875	988
876	16
876	260
876	449
876	503
876	641
876	658
876	691
876	737
876	762
876	805
876	886
876	891
876	900
876	962
876	987
877	100
877	173
877	185
877	446
877	507
877	536
877	552
877	635
877	760
877	838
877	905
877	913
877	982
877	988
877	996
878	4
878	47
878	164
878	379
878	389
878	440
878	543
878	575
878	594
878	711
878	736
878	798
878	887
878	893
878	946
879	81
879	179
879	242
879	252
879	309
879	343
879	401
879	605
879	617
879	659
879	781
879	857
879	972
879	991
879	998
880	55
880	273
880	504
880	522
880	596
880	625
880	643
880	713
880	784
880	798
880	827
880	829
880	843
880	911
880	982
881	57
881	115
881	315
881	394
881	466
881	560
881	682
881	686
881	764
881	770
881	789
881	917
881	931
881	952
881	973
882	31
882	128
882	242
882	395
882	420
882	551
882	556
882	674
882	703
882	728
882	824
882	889
882	905
882	992
882	998
883	52
883	209
883	220
883	270
883	334
883	534
883	549
883	573
883	582
883	639
883	847
883	866
883	936
883	944
883	957
883	966
884	69
884	186
884	233
884	377
884	414
884	467
884	489
884	491
884	501
884	564
884	590
884	664
884	717
884	768
884	968
884	974
885	233
885	350
885	382
885	398
885	471
885	529
885	578
885	586
885	751
885	763
885	864
885	870
885	873
885	931
885	956
885	971
886	10
886	86
886	182
886	276
886	351
886	446
886	448
886	705
886	797
886	824
886	863
886	876
886	920
886	943
886	954
886	961
887	59
887	177
887	200
887	218
887	254
887	357
887	372
887	496
887	513
887	541
887	630
887	734
887	777
887	787
887	878
887	912
888	213
888	352
888	392
888	401
888	439
888	472
888	547
888	593
888	636
888	714
888	769
888	796
888	890
888	910
888	977
888	997
889	54
889	111
889	149
889	237
889	243
889	286
889	384
889	420
889	482
889	800
889	821
889	825
889	852
889	882
889	904
889	959
890	118
890	175
890	312
890	359
890	419
890	569
890	590
890	677
890	689
890	718
890	797
890	811
890	837
890	868
890	888
890	939
891	135
891	435
891	573
891	611
891	641
891	668
891	695
891	731
891	771
891	773
891	818
891	876
891	929
891	944
891	950
891	989
892	34
892	89
892	102
892	267
892	296
892	333
892	446
892	484
892	664
892	709
892	728
892	772
892	952
892	981
892	986
892	995
893	49
893	249
893	273
893	368
893	381
893	488
893	652
893	656
893	686
893	693
893	704
893	721
893	736
893	752
893	799
893	878
894	84
894	256
894	269
894	332
894	469
894	481
894	546
894	574
894	685
894	763
894	781
894	815
894	824
894	917
894	971
894	997
895	26
895	78
895	368
895	437
895	512
895	515
895	575
895	662
895	667
895	819
895	821
895	831
895	833
895	856
895	912
895	982
896	75
896	201
896	250
896	349
896	413
896	477
896	508
896	702
896	720
896	763
896	798
896	810
896	813
896	829
896	836
896	855
897	113
897	114
897	235
897	304
897	358
897	400
897	403
897	508
897	569
897	609
897	611
897	733
897	844
897	930
897	933
897	962
898	30
898	316
898	338
898	391
898	402
898	425
898	450
898	521
898	551
898	557
898	742
898	848
898	937
898	966
898	971
898	975
899	29
899	122
899	263
899	276
899	294
899	518
899	555
899	597
899	738
899	751
899	768
899	848
899	917
899	934
899	944
899	971
900	198
900	237
900	257
900	287
900	301
900	438
900	591
900	687
900	688
900	700
900	727
900	789
900	806
900	876
900	995
900	1000
901	144
901	369
901	381
901	387
901	417
901	461
901	492
901	523
901	610
901	695
901	709
901	723
901	765
901	778
901	788
901	833
902	166
902	286
902	385
902	398
902	416
902	454
902	478
902	690
902	730
902	782
902	800
902	860
902	909
902	929
902	945
902	990
903	81
903	92
903	135
903	181
903	281
903	372
903	383
903	401
903	660
903	686
903	694
903	733
903	749
903	751
903	796
903	956
904	10
904	201
904	380
904	500
904	585
904	632
904	748
904	767
904	889
904	908
904	914
904	945
904	959
904	970
904	984
904	1000
905	302
905	323
905	367
905	370
905	609
905	638
905	646
905	677
905	728
905	732
905	801
905	819
905	839
905	877
905	882
905	943
906	128
906	266
906	510
906	636
906	665
906	669
906	715
906	791
906	835
906	838
906	849
906	850
906	918
906	929
906	934
906	976
907	3
907	216
907	267
907	295
907	430
907	636
907	673
907	733
907	736
907	765
907	773
907	817
907	849
907	850
907	948
907	977
908	17
908	259
908	446
908	550
908	582
908	623
908	664
908	700
908	751
908	787
908	795
908	904
908	923
908	929
908	992
908	997
909	12
909	155
909	271
909	557
909	561
909	573
909	775
909	834
909	869
909	902
909	913
909	942
909	961
909	969
909	981
909	982
909	983
910	22
910	240
910	355
910	428
910	499
910	516
910	531
910	574
910	645
910	681
910	713
910	821
910	873
910	888
910	926
910	951
910	954
911	108
911	146
911	182
911	320
911	333
911	501
911	545
911	551
911	649
911	666
911	695
911	860
911	880
911	932
911	952
911	955
911	972
912	311
912	462
912	604
912	671
912	678
912	701
912	721
912	783
912	785
912	808
912	825
912	849
912	887
912	895
912	957
912	983
912	987
913	77
913	105
913	360
913	403
913	515
913	527
913	612
913	640
913	693
913	716
913	739
913	747
913	865
913	877
913	909
913	987
913	990
914	172
914	189
914	391
914	440
914	448
914	467
914	486
914	525
914	639
914	746
914	764
914	773
914	841
914	904
914	930
914	960
914	984
915	3
915	197
915	268
915	344
915	362
915	403
915	464
915	480
915	493
915	515
915	519
915	530
915	624
915	642
915	764
915	918
915	945
916	107
916	115
916	236
916	364
916	489
916	502
916	529
916	594
916	634
916	660
916	700
916	732
916	754
916	755
916	810
916	852
916	975
917	11
917	170
917	476
917	489
917	563
917	621
917	638
917	812
917	838
917	881
917	894
917	899
917	919
917	947
917	954
917	981
917	991
918	91
918	104
918	175
918	251
918	255
918	353
918	362
918	544
918	630
918	771
918	822
918	856
918	871
918	906
918	915
918	981
918	983
919	10
919	97
919	102
919	253
919	311
919	313
919	356
919	395
919	396
919	533
919	571
919	660
919	776
919	780
919	842
919	917
919	955
920	64
920	162
920	494
920	564
920	568
920	608
920	652
920	721
920	749
920	787
920	808
920	858
920	886
920	923
920	947
920	967
920	999
921	31
921	34
921	92
921	161
921	180
921	266
921	290
921	341
921	452
921	630
921	698
921	745
921	801
921	856
921	933
921	938
921	952
922	51
922	168
922	234
922	241
922	261
922	301
922	492
922	512
922	519
922	544
922	568
922	575
922	581
922	667
922	756
922	768
922	778
923	1
923	78
923	94
923	248
923	327
923	388
923	530
923	541
923	632
923	774
923	786
923	806
923	908
923	920
923	925
923	937
923	984
924	199
924	357
924	402
924	446
924	447
924	470
924	499
924	619
924	681
924	715
924	725
924	765
924	787
924	832
924	840
924	965
924	980
925	123
925	181
925	285
925	290
925	498
925	506
925	529
925	580
925	599
925	600
925	631
925	736
925	861
925	923
925	926
925	933
925	998
926	71
926	195
926	386
926	437
926	466
926	496
926	541
926	580
926	588
926	647
926	687
926	712
926	750
926	826
926	910
926	925
926	931
927	9
927	77
927	100
927	157
927	184
927	405
927	714
927	719
927	785
927	802
927	834
927	863
927	866
927	867
927	970
927	982
927	986
928	107
928	191
928	403
928	405
928	474
928	539
928	541
928	545
928	581
928	605
928	799
928	808
928	935
928	945
928	954
928	976
928	980
929	48
929	90
929	163
929	323
929	388
929	586
929	668
929	694
929	704
929	738
929	834
929	851
929	874
929	891
929	902
929	906
929	908
930	24
930	325
930	348
930	507
930	579
930	615
930	709
930	757
930	780
930	784
930	808
930	897
930	914
930	936
930	973
930	978
930	980
931	201
931	274
931	444
931	534
931	644
931	653
931	740
931	764
931	810
931	842
931	881
931	885
931	926
931	957
931	963
931	970
931	994
932	265
932	332
932	357
932	474
932	476
932	563
932	580
932	706
932	729
932	785
932	812
932	839
932	852
932	855
932	911
932	964
932	998
933	53
933	293
933	604
933	673
933	683
933	740
933	743
933	797
933	802
933	823
933	851
933	872
933	897
933	921
933	925
933	936
933	964
934	249
934	262
934	371
934	406
934	430
934	471
934	616
934	720
934	770
934	792
934	849
934	851
934	866
934	899
934	906
934	973
934	995
935	10
935	99
935	195
935	236
935	349
935	367
935	648
935	712
935	723
935	758
935	788
935	791
935	818
935	829
935	848
935	850
935	928
935	981
936	120
936	138
936	165
936	390
936	702
936	703
936	762
936	767
936	770
936	799
936	806
936	824
936	847
936	873
936	883
936	930
936	933
936	967
937	223
937	423
937	428
937	441
937	483
937	485
937	487
937	493
937	518
937	585
937	712
937	747
937	807
937	844
937	847
937	858
937	898
937	923
938	116
938	290
938	387
938	408
938	410
938	462
938	476
938	615
938	630
938	668
938	675
938	789
938	798
938	820
938	821
938	830
938	847
938	921
939	134
939	222
939	240
939	296
939	405
939	561
939	676
939	679
939	788
939	796
939	805
939	862
939	866
939	867
939	890
939	955
939	974
939	992
940	41
940	147
940	248
940	270
940	344
940	375
940	512
940	532
940	550
940	589
940	604
940	710
940	718
940	763
940	776
940	831
940	840
940	967
941	69
941	113
941	260
941	327
941	387
941	492
941	509
941	526
941	562
941	650
941	699
941	735
941	751
941	788
941	823
941	852
941	944
941	998
942	23
942	125
942	152
942	395
942	452
942	473
942	547
942	612
942	661
942	734
942	750
942	763
942	766
942	777
942	819
942	909
942	986
942	997
943	369
943	398
943	446
943	508
943	544
943	562
943	581
943	589
943	631
943	664
943	719
943	819
943	825
943	843
943	868
943	886
943	905
943	951
944	24
944	393
944	465
944	559
944	571
944	646
944	757
944	792
944	822
944	883
944	891
944	899
944	941
944	951
944	965
944	988
944	996
944	1000
945	106
945	186
945	271
945	314
945	324
945	342
945	475
945	476
945	629
945	674
945	692
945	703
945	902
945	904
945	915
945	928
945	964
945	988
946	59
946	192
946	208
946	215
946	471
946	476
946	481
946	639
946	722
946	724
946	732
946	791
946	805
946	820
946	878
946	948
946	953
946	996
947	7
947	21
947	67
947	163
947	300
947	439
947	541
947	588
947	603
947	740
947	753
947	807
947	844
947	855
947	873
947	917
947	920
947	958
948	140
948	142
948	165
948	194
948	198
948	348
948	382
948	422
948	538
948	564
948	608
948	680
948	776
948	794
948	799
948	841
948	907
948	946
949	81
949	146
949	150
949	257
949	377
949	453
949	477
949	496
949	513
949	565
949	577
949	628
949	631
949	816
949	849
949	862
949	966
949	978
950	63
950	83
950	149
950	153
950	308
950	416
950	421
950	481
950	482
950	494
950	577
950	643
950	672
950	694
950	714
950	770
950	891
950	997
951	283
951	288
951	323
951	370
951	408
951	419
951	422
951	501
951	531
951	545
951	552
951	709
951	759
951	776
951	910
951	943
951	944
951	990
952	63
952	392
952	433
952	444
952	608
952	689
952	699
952	702
952	729
952	762
952	832
952	856
952	857
952	881
952	892
952	911
952	921
952	993
953	57
953	227
953	292
953	364
953	578
953	593
953	638
953	656
953	666
953	741
953	762
953	798
953	799
953	806
953	833
953	946
953	977
953	984
954	338
954	363
954	425
954	551
954	596
954	599
954	628
954	632
954	744
954	866
954	869
954	886
954	910
954	917
954	928
954	970
954	993
954	994
955	50
955	144
955	187
955	236
955	607
955	620
955	694
955	705
955	752
955	764
955	818
955	849
955	911
955	919
955	939
955	960
955	971
955	981
956	5
956	85
956	142
956	370
956	402
956	411
956	448
956	460
956	479
956	532
956	614
956	721
956	725
956	732
956	813
956	885
956	903
956	966
957	7
957	174
957	180
957	217
957	279
957	317
957	377
957	452
957	578
957	680
957	714
957	757
957	850
957	883
957	912
957	931
957	958
957	993
958	151
958	228
958	307
958	308
958	318
958	390
958	406
958	569
958	633
958	634
958	749
958	794
958	814
958	867
958	873
958	947
958	957
958	960
959	22
959	75
959	207
959	383
959	425
959	428
959	516
959	580
959	627
959	654
959	713
959	776
959	785
959	813
959	889
959	904
959	987
959	992
960	147
960	240
960	265
960	276
960	330
960	429
960	477
960	490
960	588
960	637
960	681
960	718
960	769
960	820
960	875
960	914
960	955
960	958
961	39
961	282
961	307
961	316
961	481
961	518
961	561
961	577
961	584
961	611
961	621
961	758
961	789
961	803
961	855
961	886
961	909
961	966
961	994
962	96
962	189
962	277
962	335
962	403
962	544
962	655
962	657
962	658
962	670
962	687
962	690
962	738
962	779
962	780
962	876
962	897
962	974
962	976
963	17
963	87
963	118
963	141
963	183
963	224
963	283
963	286
963	356
963	451
963	521
963	528
963	670
963	691
963	742
963	765
963	778
963	862
963	931
964	26
964	113
964	183
964	245
964	487
964	520
964	550
964	610
964	663
964	690
964	707
964	766
964	811
964	820
964	932
964	933
964	945
964	975
964	996
965	24
965	64
965	154
965	264
965	296
965	339
965	348
965	392
965	505
965	511
965	576
965	722
965	761
965	786
965	837
965	840
965	859
965	924
965	944
966	30
966	134
966	225
966	230
966	255
966	411
966	478
966	551
966	570
966	662
966	666
966	708
966	714
966	827
966	883
966	898
966	949
966	956
966	961
967	36
967	85
967	90
967	139
967	240
967	294
967	300
967	539
967	568
967	627
967	691
967	698
967	710
967	734
967	793
967	920
967	936
967	940
967	983
968	1
968	101
968	118
968	188
968	367
968	370
968	415
968	464
968	507
968	569
968	614
968	677
968	719
968	737
968	784
968	813
968	847
968	884
968	988
969	11
969	70
969	134
969	165
969	199
969	293
969	464
969	502
969	550
969	568
969	570
969	612
969	631
969	715
969	805
969	812
969	862
969	870
969	909
970	19
970	186
970	214
970	274
970	323
970	368
970	450
970	492
970	633
970	659
970	731
970	789
970	795
970	862
970	872
970	904
970	927
970	931
970	954
971	2
971	104
971	228
971	230
971	268
971	548
971	647
971	696
971	701
971	767
971	808
971	814
971	836
971	885
971	894
971	898
971	899
971	955
971	974
972	25
972	96
972	211
972	367
972	402
972	488
972	493
972	541
972	623
972	660
972	666
972	697
972	802
972	821
972	879
972	911
972	978
972	986
972	996
973	78
973	87
973	117
973	154
973	223
973	232
973	274
973	465
973	508
973	599
973	613
973	699
973	705
973	762
973	768
973	881
973	930
973	934
973	976
974	94
974	264
974	321
974	496
974	543
974	651
974	661
974	663
974	696
974	698
974	711
974	713
974	743
974	781
974	884
974	939
974	962
974	971
974	985
975	17
975	35
975	43
975	149
975	384
975	427
975	484
975	583
975	627
975	648
975	718
975	755
975	767
975	798
975	822
975	874
975	898
975	916
975	964
976	30
976	162
976	167
976	201
976	303
976	326
976	376
976	562
976	573
976	628
976	638
976	712
976	780
976	802
976	906
976	928
976	962
976	973
976	998
977	18
977	29
977	167
977	347
977	472
977	480
977	520
977	528
977	542
977	672
977	793
977	815
977	816
977	838
977	839
977	888
977	907
977	953
977	983
978	22
978	63
978	176
978	416
978	483
978	540
978	659
978	683
978	704
978	708
978	768
978	785
978	829
978	833
978	854
978	863
978	930
978	949
978	972
978	987
979	4
979	107
979	185
979	243
979	429
979	471
979	482
979	506
979	509
979	537
979	593
979	599
979	642
979	707
979	764
979	771
979	835
979	837
979	845
979	982
980	113
980	169
980	247
980	254
980	279
980	286
980	395
980	412
980	418
980	442
980	475
980	509
980	562
980	743
980	764
980	831
980	924
980	928
980	930
980	987
981	197
981	358
981	363
981	402
981	433
981	458
981	468
981	469
981	661
981	686
981	692
981	710
981	719
981	824
981	892
981	909
981	917
981	918
981	935
981	955
982	55
982	187
982	203
982	322
982	488
982	492
982	562
982	583
982	707
982	738
982	778
982	781
982	823
982	825
982	877
982	880
982	895
982	909
982	927
982	979
983	231
983	243
983	331
983	511
983	578
983	585
983	596
983	635
983	666
983	677
983	689
983	751
983	782
983	808
983	872
983	909
983	912
983	918
983	967
983	977
984	212
984	320
984	337
984	372
984	448
984	475
984	486
984	530
984	545
984	566
984	691
984	759
984	800
984	801
984	813
984	867
984	904
984	914
984	923
984	953
985	149
985	158
985	251
985	260
985	484
985	487
985	490
985	575
985	591
985	620
985	623
985	672
985	711
985	712
985	744
985	807
985	811
985	828
985	829
985	974
986	200
986	299
986	441
986	499
986	689
986	745
986	779
986	783
986	796
986	823
986	829
986	842
986	851
986	866
986	873
986	892
986	927
986	942
986	972
986	998
987	41
987	67
987	91
987	119
987	249
987	311
987	360
987	511
987	554
987	637
987	649
987	767
987	875
987	876
987	912
987	913
987	959
987	978
987	980
987	989
988	8
988	117
988	222
988	227
988	288
988	412
988	491
988	497
988	625
988	641
988	677
988	804
988	862
988	863
988	875
988	877
988	944
988	945
988	968
988	998
989	103
989	136
989	211
989	276
989	364
989	405
989	472
989	601
989	606
989	619
989	695
989	702
989	748
989	769
989	780
989	853
989	861
989	891
989	987
989	999
990	55
990	86
990	220
990	228
990	281
990	542
990	598
990	600
990	641
990	715
990	720
990	723
990	731
990	845
990	902
990	913
990	951
990	991
990	994
990	999
991	53
991	84
991	102
991	130
991	132
991	156
991	272
991	381
991	476
991	515
991	567
991	575
991	655
991	665
991	837
991	864
991	872
991	879
991	917
991	990
992	14
992	29
992	112
992	161
992	328
992	418
992	512
992	601
992	622
992	657
992	669
992	701
992	755
992	756
992	828
992	840
992	882
992	908
992	939
992	959
993	84
993	350
993	471
993	475
993	531
993	547
993	552
993	592
993	651
993	665
993	670
993	730
993	755
993	757
993	785
993	854
993	872
993	952
993	954
993	957
994	77
994	98
994	136
994	302
994	362
994	423
994	500
994	503
994	570
994	632
994	684
994	732
994	752
994	763
994	771
994	786
994	931
994	954
994	961
994	990
995	17
995	59
995	137
995	160
995	282
995	290
995	447
995	510
995	517
995	534
995	605
995	607
995	728
995	742
995	796
995	892
995	900
995	934
995	996
995	1000
996	178
996	235
996	357
996	417
996	481
996	502
996	513
996	567
996	578
996	645
996	761
996	851
996	865
996	872
996	877
996	944
996	946
996	964
996	972
996	995
997	98
997	132
997	200
997	228
997	233
997	277
997	299
997	424
997	614
997	640
997	657
997	700
997	706
997	738
997	845
997	888
997	894
997	908
997	942
997	950
998	122
998	161
998	172
998	372
998	543
998	576
998	580
998	587
998	630
998	782
998	804
998	824
998	879
998	882
998	925
998	932
998	941
998	976
998	986
998	988
999	9
999	214
999	221
999	341
999	360
999	435
999	474
999	530
999	650
999	653
999	666
999	678
999	699
999	721
999	749
999	757
999	784
999	920
999	989
999	990
1000	89
1000	109
1000	169
1000	229
1000	268
1000	310
1000	437
1000	500
1000	583
1000	600
1000	615
1000	770
1000	782
1000	840
1000	863
1000	871
1000	900
1000	904
1000	944
1000	995
