1	18
2	8
3	18
4	18
5	18
6	18
7	32
8	18
9	18
10	15
11	34
12	15
13	18
14	18
15	18
16	17
17	18
18	18
19	19
20	18
21	35
22	15
23	1
24	31
25	18
26	18
27	18
28	33
29	18
30	18
31	17
32	18
33	21
34	18
35	28
36	18
37	16
38	22
39	18
40	17
41	0
42	0
43	30
44	18
45	33
46	18
47	18
48	4
49	15
50	35
51	18
52	26
53	32
54	30
55	0
56	30
57	18
58	28
59	26
60	17
61	28
62	25
63	18
64	12
65	24
66	18
67	1
68	12
69	23
70	10
71	18
72	18
73	12
74	22
75	18
76	30
77	4
78	15
79	16
80	4
81	16
82	32
83	18
84	18
85	2
86	31
87	18
88	4
89	22
90	27
91	8
92	21
93	18
94	24
95	18
96	26
97	33
98	1
99	26
100	23
101	18
102	8
103	21
104	18
105	2
106	18
107	18
108	18
109	12
110	17
111	12
112	33
113	31
114	17
115	27
116	12
117	24
118	24
119	18
120	0
121	18
122	27
123	16
124	21
125	22
126	28
127	13
128	5
129	27
130	15
131	2
132	0
133	18
134	24
135	32
136	16
137	14
138	18
139	18
140	18
141	26
142	18
143	18
144	13
145	4
146	0
147	17
148	2
149	8
150	33
151	18
152	28
153	32
154	35
155	21
156	10
157	25
158	15
159	13
160	18
161	14
162	12
163	2
164	3
165	12
166	16
167	18
168	14
169	18
170	33
171	18
172	18
173	1
174	31
175	21
176	18
177	4
178	35
179	18
180	19
181	23
182	31
183	22
184	18
185	24
186	31
187	4
188	30
189	24
190	35
191	18
192	21
193	21
194	19
195	18
196	1
197	26
198	18
199	15
200	23
201	22
202	23
203	22
204	34
205	12
206	32
207	0
208	22
209	13
210	3
211	21
212	27
213	18
214	24
215	32
216	25
217	18
218	18
219	26
220	18
221	18
222	1
223	18
224	18
225	8
226	23
227	22
228	18
229	18
230	26
231	18
232	18
233	25
234	10
235	25
236	25
237	3
238	2
239	13
240	18
241	0
242	24
243	30
244	25
245	13
246	3
247	21
248	5
249	33
250	19
251	16
252	18
253	18
254	3
255	3
256	21
257	4
258	10
259	12
260	1
261	4
262	13
263	3
264	2
265	13
266	10
267	13
268	28
269	18
270	25
271	3
272	4
273	32
274	31
275	15
276	4
277	18
278	2
279	31
280	14
281	34
282	8
283	32
284	18
285	15
286	0
287	24
288	18
289	3
290	18
291	21
292	32
293	25
294	28
295	27
296	19
297	26
298	27
299	33
300	21
301	24
302	23
303	2
304	8
305	21
306	35
307	4
308	5
309	18
310	13
311	17
312	34
313	26
314	18
315	3
316	15
317	1
318	32
319	31
320	28
321	18
322	13
323	18
324	25
325	18
326	21
327	10
328	4
329	33
330	18
331	34
332	28
333	30
334	20
335	2
336	32
337	4
338	18
339	27
340	17
341	8
342	12
343	22
344	17
345	21
346	18
347	27
348	23
349	33
350	25
351	35
352	34
353	18
354	12
355	22
356	18
357	30
358	24
359	27
360	34
361	21
362	27
363	31
364	22
365	21
366	8
367	3
368	16
369	12
370	24
371	18
372	29
373	10
374	3
375	10
376	31
377	22
378	1
379	16
380	3
381	18
382	29
383	10
384	4
385	3
386	34
387	33
388	26
389	17
390	34
391	18
392	21
393	10
394	35
395	27
396	22
397	16
398	0
399	14
400	21
401	5
402	18
403	2
404	17
405	18
406	2
407	30
408	1
409	12
410	30
411	23
412	18
413	30
414	23
415	12
416	35
417	35
418	26
419	26
420	18
421	12
422	0
423	23
424	29
425	5
426	32
427	10
428	1
429	5
430	5
431	18
432	28
433	1
434	34
435	5
436	30
437	25
438	23
439	35
440	31
441	16
442	8
443	17
444	13
445	33
446	18
447	34
448	21
449	1
450	5
451	3
452	25
453	13
454	25
455	30
456	10
457	19
458	15
459	12
460	10
461	0
462	20
463	22
464	19
465	29
466	18
467	21
468	25
469	18
470	20
471	15
472	5
473	35
474	30
475	13
476	25
477	20
478	18
479	13
480	18
481	22
482	15
483	12
484	4
485	2
486	1
487	13
488	19
489	14
490	29
491	18
492	19
493	12
494	33
495	5
496	9
497	12
498	9
499	34
500	3
501	2
502	9
503	8
504	13
505	13
506	3
507	29
508	8
509	10
510	30
511	22
512	12
513	30
514	25
515	4
516	9
517	33
518	18
519	1
520	28
521	22
522	17
523	25
524	16
525	11
526	12
527	13
528	34
529	27
530	3
531	15
532	22
533	22
534	29
535	10
536	32
537	5
538	28
539	16
540	15
541	26
542	4
543	18
544	21
545	3
546	10
547	18
548	20
549	34
550	18
551	5
552	8
553	34
554	13
555	23
556	25
557	15
558	31
559	29
560	24
561	18
562	15
563	19
564	26
565	20
566	5
567	35
568	4
569	12
570	1
571	14
572	2
573	21
574	11
575	15
576	0
577	9
578	15
579	3
580	2
581	11
582	32
583	4
584	5
585	11
586	35
587	3
588	26
589	1
590	11
591	0
592	9
593	8
594	12
595	7
596	12
597	15
598	26
599	25
600	15
601	20
602	3
603	14
604	19
605	19
606	26
607	2
608	13
609	18
610	14
611	10
612	12
613	24
614	22
615	32
616	19
617	28
618	14
619	27
620	22
621	16
622	12
623	21
624	13
625	10
626	9
627	34
628	13
629	3
630	15
631	16
632	17
633	12
634	19
635	31
636	12
637	15
638	5
639	9
640	30
641	27
642	9
643	29
644	14
645	4
646	32
647	18
648	24
649	5
650	34
651	11
652	28
653	10
654	22
655	14
656	35
657	10
658	12
659	9
660	5
661	22
662	7
663	10
664	29
665	14
666	5
667	12
668	26
669	29
670	22
671	2
672	12
673	13
674	20
675	16
676	7
677	11
678	5
679	24
680	28
681	13
682	27
683	4
684	24
685	32
686	4
687	5
688	35
689	14
690	27
691	10
692	12
693	13
694	10
695	13
696	35
697	3
698	16
699	4
700	35
701	35
702	13
703	10
704	3
705	18
706	14
707	13
708	11
709	29
710	11
711	20
712	20
713	0
714	20
715	14
716	8
717	21
718	4
719	1
720	14
721	11
722	26
723	29
724	5
725	14
726	35
727	5
728	21
729	9
730	25
731	12
732	6
733	13
734	6
735	34
736	5
737	10
738	7
739	26
740	10
741	7
742	12
743	5
744	5
745	32
746	5
747	7
748	25
749	26
750	9
751	20
752	5
753	8
754	5
755	25
756	27
757	29
758	0
759	25
760	5
761	21
762	2
763	13
764	24
765	34
766	10
767	0
768	32
769	13
770	27
771	11
772	2
773	24
774	13
775	15
776	25
777	32
778	5
779	12
780	26
781	35
782	9
783	2
784	1
785	25
786	2
787	15
788	2
789	5
790	12
791	17
792	17
793	20
794	20
795	24
796	0
797	5
798	6
799	27
800	10
801	13
802	15
803	24
804	12
805	2
806	17
807	0
808	14
809	4
810	15
811	7
812	9
813	15
814	12
815	24
816	27
817	5
818	13
819	3
820	17
821	13
822	29
823	9
824	35
825	19
826	20
827	5
828	14
829	9
830	4
831	5
832	34
833	3
834	32
835	1
836	12
837	35
838	19
839	29
840	13
841	29
842	17
843	34
844	19
845	3
846	5
847	19
848	5
849	14
850	7
851	1
852	19
853	5
854	22
855	20
856	32
857	4
858	22
859	1
860	4
861	13
862	11
863	21
864	21
865	19
866	2
867	5
868	12
869	19
870	10
871	14
872	10
873	24
874	7
875	21
876	15
877	12
878	29
879	35
880	25
881	7
882	15
883	6
884	7
885	10
886	4
887	21
888	22
889	22
890	3
891	14
892	5
893	12
894	11
895	25
896	11
897	6
898	13
899	12
900	24
901	13
902	6
903	25
904	3
905	1
906	21
907	35
908	26
909	1
910	5
911	5
912	3
913	25
914	20
915	7
916	20
917	6
918	6
919	13
920	21
921	1
922	25
923	21
924	10
925	1
926	15
927	1
928	35
929	5
930	10
931	11
932	35
933	1
934	2
935	9
936	29
937	7
938	4
939	6
940	6
941	12
942	6
943	29
944	10
945	21
946	20
947	25
948	11
949	7
950	9
951	22
952	6
953	6
954	6
955	6
956	9
957	21
958	25
959	4
960	11
961	9
962	5
963	29
964	6
965	9
966	25
967	6
968	5
969	12
970	11
971	12
972	12
973	10
974	9
975	29
976	7
977	13
978	6
979	7
980	6
981	9
982	21
983	3
984	20
985	13
986	3
987	12
988	7
989	20
990	11
991	6
992	13
993	21
994	11
995	6
996	21
997	11
998	6
999	7
1000	11
