1	2
2	13
3	8
4	26
5	27
6	7
7	26
8	29
9	11
10	10
11	4
12	9
13	6
14	0
15	0
16	33
17	8
18	4
19	17
20	0
21	22
22	8
23	22
24	11
25	4
26	23
27	5
28	24
29	18
30	29
31	21
32	5
33	18
34	26
35	21
36	31
37	23
38	17
39	20
40	27
41	27
42	12
43	14
44	20
45	4
46	13
47	19
48	10
49	29
50	31
51	12
52	4
53	1
54	17
55	25
56	4
57	26
58	18
59	17
60	1
61	33
62	19
63	24
64	8
65	3
66	25
67	13
68	15
69	17
70	23
71	26
72	26
73	9
74	20
75	2
76	15
77	2
78	2
79	25
80	0
81	8
82	25
83	17
84	6
85	19
86	22
87	2
88	17
89	13
90	26
91	18
92	18
93	22
94	10
95	26
96	2
97	26
98	16
99	13
100	5
101	33
102	8
103	13
104	26
105	1
106	26
107	26
108	32
109	26
110	5
111	26
112	4
113	29
114	1
115	14
116	12
117	29
118	22
119	16
120	20
121	14
122	23
123	8
124	20
125	8
126	33
127	20
128	13
129	20
130	16
131	2
132	8
133	26
134	5
135	6
136	27
137	9
138	19
139	12
140	12
141	7
142	7
143	1
144	27
145	32
146	30
147	29
148	23
149	3
150	25
151	10
152	26
153	23
154	17
155	26
156	4
157	8
158	30
159	23
160	4
161	26
162	22
163	22
164	3
165	26
166	27
167	26
168	14
169	29
170	12
171	12
172	30
173	7
174	10
175	15
176	33
177	4
178	32
179	1
180	24
181	9
182	32
183	18
184	20
185	18
186	23
187	10
188	12
189	6
190	25
191	3
192	26
193	26
194	12
195	11
196	24
197	23
198	4
199	21
200	3
201	9
202	1
203	9
204	8
205	26
206	4
207	5
208	24
209	22
210	24
211	8
212	18
213	30
214	4
215	8
216	29
217	28
218	0
219	7
220	14
221	28
222	28
223	15
224	10
225	17
226	5
227	16
228	8
229	29
230	14
231	2
232	16
233	31
234	0
235	4
236	12
237	14
238	22
239	6
240	26
241	11
242	24
243	26
244	29
245	18
246	12
247	17
248	3
249	25
250	5
251	6
252	15
253	15
254	14
255	22
256	25
257	6
258	33
259	2
260	6
261	0
262	6
263	28
264	30
265	8
266	11
267	11
268	14
269	33
270	22
271	15
272	22
273	8
274	14
275	22
276	10
277	27
278	14
279	7
280	32
281	30
282	29
283	9
284	19
285	26
286	33
287	26
288	9
289	16
290	20
291	8
292	16
293	8
294	15
295	5
296	18
297	16
298	11
299	19
300	21
301	9
302	7
303	19
304	14
305	28
306	16
307	22
308	9
309	6
310	22
311	22
312	10
313	4
314	8
315	18
316	25
317	4
318	31
319	14
320	16
321	12
322	29
323	3
324	23
325	33
326	29
327	5
328	21
329	20
330	29
331	2
332	18
333	18
334	6
335	16
336	2
337	19
338	21
339	8
340	4
341	5
342	0
343	2
344	0
345	22
346	2
347	3
348	8
349	16
350	7
351	26
352	5
353	17
354	2
355	29
356	13
357	2
358	11
359	13
360	27
361	22
362	2
363	4
364	1
365	28
366	5
367	12
368	25
369	18
370	25
371	31
372	21
373	9
374	9
375	11
376	25
377	24
378	20
379	28
380	10
381	19
382	8
383	3
384	12
385	27
386	12
387	25
388	26
389	5
390	18
391	25
392	21
393	5
394	3
395	13
396	5
397	31
398	26
399	6
400	0
401	11
402	0
403	31
404	30
405	21
406	23
407	7
408	2
409	23
410	25
411	13
412	25
413	29
414	4
415	29
416	19
417	29
418	25
419	29
420	16
421	15
422	5
423	17
424	29
425	11
426	14
427	18
428	7
429	18
430	16
431	22
432	14
433	3
434	6
435	31
436	12
437	27
438	5
439	31
440	7
441	10
442	25
443	32
444	25
445	25
446	28
447	32
448	31
449	7
450	18
451	30
452	22
453	33
454	2
455	20
456	12
457	2
458	14
459	29
460	17
461	18
462	0
463	2
464	15
465	31
466	15
467	21
468	28
469	13
470	17
471	32
472	28
473	32
474	33
475	31
476	32
477	31
478	1
479	16
480	25
481	18
482	15
483	12
484	3
485	4
486	22
487	17
488	2
489	24
490	3
491	24
492	26
493	25
494	28
495	27
496	20
497	13
498	19
499	8
500	26
501	27
502	26
503	30
504	9
505	2
506	22
507	0
508	13
509	14
510	14
511	16
512	33
513	32
514	16
515	5
516	8
517	2
518	8
519	24
520	23
521	22
522	8
523	16
524	12
525	8
526	13
527	25
528	30
529	25
530	17
531	5
532	7
533	14
534	29
535	22
536	13
537	32
538	30
539	26
540	27
541	15
542	26
543	16
544	0
545	7
546	32
547	10
548	31
549	22
550	21
551	20
552	18
553	4
554	17
555	16
556	27
557	0
558	9
559	9
560	7
561	14
562	2
563	22
564	3
565	17
566	24
567	15
568	24
569	28
570	26
571	14
572	11
573	9
574	11
575	4
576	6
577	7
578	21
579	8
580	7
581	0
582	2
583	23
584	2
585	25
586	26
587	20
588	6
589	29
590	0
591	15
592	21
593	16
594	22
595	22
596	21
597	10
598	7
599	29
600	8
601	26
602	9
603	23
604	1
605	30
606	18
607	22
608	14
609	24
610	16
611	18
612	0
613	15
614	15
615	15
616	24
617	15
618	9
619	21
620	7
621	8
622	12
623	31
624	28
625	9
626	11
627	16
628	0
629	16
630	17
631	5
632	4
633	3
634	5
635	9
636	28
637	29
638	12
639	22
640	29
641	5
642	2
643	4
644	6
645	26
646	33
647	10
648	28
649	0
650	4
651	27
652	30
653	6
654	9
655	13
656	30
657	4
658	25
659	21
660	10
661	1
662	14
663	17
664	11
665	3
666	11
667	7
668	21
669	0
670	0
671	14
672	18
673	17
674	3
675	24
676	13
677	0
678	24
679	25
680	9
681	30
682	24
683	29
684	0
685	17
686	22
687	33
688	22
689	33
690	1
691	21
692	5
693	26
694	21
695	21
696	1
697	9
698	29
699	26
700	33
701	22
702	10
703	7
704	29
705	13
706	22
707	15
708	1
709	9
710	14
711	12
712	1
713	13
714	6
715	6
716	12
717	11
718	2
719	10
720	9
721	1
722	7
723	7
724	2
725	28
726	24
727	9
728	18
729	2
730	27
731	18
732	12
733	22
734	6
735	12
736	27
737	15
738	5
739	22
740	24
741	3
742	8
743	33
744	0
745	10
746	16
747	8
748	11
749	12
750	0
751	21
752	27
753	20
754	23
755	24
756	28
757	33
758	27
759	2
760	25
761	21
762	18
763	20
764	28
765	7
766	23
767	9
768	8
769	9
770	14
771	29
772	33
773	6
774	18
775	1
776	11
777	7
778	18
779	7
780	25
781	24
782	27
783	5
784	3
785	8
786	23
787	13
788	25
789	33
790	11
791	25
792	13
793	33
794	3
795	15
796	25
797	25
798	25
799	18
800	17
801	6
802	5
803	25
804	3
805	6
806	20
807	13
808	24
809	2
810	6
811	2
812	5
813	7
814	1
815	9
816	10
817	5
818	23
819	1
820	9
821	28
822	21
823	9
824	16
825	20
826	9
827	1
828	27
829	1
830	13
831	20
832	5
833	23
834	25
835	15
836	6
837	7
838	0
839	16
840	16
841	17
842	29
843	24
844	9
845	7
846	7
847	29
848	7
849	6
850	6
851	17
852	17
853	1
854	1
855	5
856	9
857	29
858	14
859	11
860	29
861	6
862	8
863	21
864	14
865	1
866	18
867	14
868	22
869	14
870	1
871	12
872	11
873	25
874	29
875	13
876	21
877	8
878	18
879	12
880	1
881	6
882	18
883	21
884	8
885	5
886	1
887	9
888	8
889	24
890	0
891	14
892	25
893	21
894	3
895	14
896	3
897	18
898	7
899	15
900	16
901	16
902	12
903	29
904	29
905	5
906	8
907	6
908	1
909	14
910	7
911	13
912	12
913	5
914	5
915	24
916	18
917	1
918	12
919	18
920	15
921	14
922	16
923	17
924	18
925	17
926	0
927	21
928	5
929	5
930	6
931	21
932	14
933	12
934	14
935	14
936	17
937	24
938	21
939	17
940	16
941	14
942	29
943	25
944	9
945	17
946	9
947	7
948	24
949	29
950	9
951	25
952	9
953	9
954	14
955	14
956	18
957	1
958	14
959	6
960	25
961	0
962	12
963	17
964	14
965	14
966	18
967	0
968	6
969	0
970	25
971	7
972	14
973	17
974	16
975	21
976	0
977	25
978	1
979	5
980	25
981	18
982	21
983	14
984	5
985	14
986	17
987	25
988	25
989	29
990	17
991	6
992	17
993	9
994	12
995	29
996	14
997	18
998	18
999	6
1000	16
