1	31
2	24
3	23
4	29
5	11
6	5
7	13
8	31
9	14
10	30
11	30
12	22
13	17
14	12
15	4
16	8
17	11
18	27
19	2
20	19
21	23
22	16
23	14
24	27
25	2
26	19
27	29
28	19
29	18
30	18
31	9
32	17
33	22
34	0
35	24
36	7
37	9
38	24
39	31
40	16
41	18
42	19
43	19
44	7
45	13
46	15
47	2
48	28
49	25
50	21
51	13
52	30
53	26
54	16
55	23
56	31
57	12
58	19
59	4
60	6
61	2
62	12
63	27
64	2
65	25
66	11
67	15
68	14
69	9
70	19
71	0
72	30
73	14
74	7
75	15
76	0
77	14
78	24
79	23
80	27
81	22
82	3
83	24
84	0
85	9
86	1
87	19
88	27
89	7
90	9
91	27
92	10
93	25
94	6
95	15
96	12
97	15
98	16
99	19
100	18
101	10
102	25
103	18
104	1
105	20
106	24
107	15
108	19
109	20
110	6
111	12
112	9
113	8
114	4
115	1
116	27
117	14
118	19
119	15
120	30
121	3
122	9
123	19
124	7
125	4
126	11
127	25
128	20
129	23
130	23
131	23
132	10
133	32
134	19
135	2
136	7
137	17
138	13
139	8
140	5
141	17
142	18
143	26
144	28
145	29
146	9
147	11
148	4
149	11
150	17
151	30
152	31
153	18
154	26
155	21
156	11
157	27
158	14
159	3
160	15
161	24
162	12
163	1
164	14
165	21
166	22
167	7
168	3
169	18
170	7
171	6
172	7
173	25
174	1
175	31
176	27
177	14
178	14
179	20
180	18
181	5
182	14
183	18
184	22
185	3
186	11
187	26
188	24
189	28
190	14
191	22
192	28
193	27
194	8
195	12
196	18
197	19
198	26
199	24
200	19
201	14
202	25
203	13
204	24
205	4
206	31
207	0
208	7
209	12
210	25
211	8
212	9
213	20
214	1
215	0
216	12
217	27
218	7
219	12
220	22
221	7
222	32
223	21
224	3
225	28
226	6
227	16
228	27
229	9
230	8
231	31
232	4
233	4
234	11
235	2
236	29
237	15
238	22
239	4
240	3
241	10
242	26
243	1
244	23
245	9
246	14
247	1
248	8
249	1
250	20
251	14
252	9
253	7
254	12
255	13
256	3
257	7
258	9
259	14
260	13
261	25
262	19
263	17
264	23
265	31
266	1
267	2
268	1
269	14
270	20
271	14
272	18
273	23
274	6
275	28
276	1
277	28
278	5
279	6
280	27
281	14
282	27
283	1
284	0
285	29
286	16
287	30
288	6
289	31
290	22
291	25
292	24
293	3
294	12
295	23
296	1
297	4
298	9
299	0
300	24
301	12
302	28
303	14
304	13
305	1
306	27
307	20
308	3
309	13
310	29
311	5
312	22
313	24
314	24
315	8
316	3
317	30
318	18
319	9
320	17
321	5
322	20
323	6
324	3
325	12
326	15
327	3
328	24
329	0
330	13
331	22
332	30
333	12
334	28
335	31
336	22
337	23
338	31
339	18
340	5
341	6
342	7
343	8
344	1
345	23
346	3
347	4
348	14
349	14
350	26
351	7
352	21
353	24
354	27
355	20
356	9
357	14
358	26
359	23
360	4
361	7
362	24
363	23
364	20
365	17
366	16
367	24
368	18
369	15
370	24
371	24
372	6
373	32
374	30
375	23
376	32
377	7
378	4
379	19
380	29
381	21
382	8
383	17
384	10
385	24
386	29
387	15
388	16
389	29
390	6
391	21
392	25
393	28
394	17
395	0
396	13
397	23
398	32
399	27
400	13
401	32
402	6
403	13
404	20
405	11
406	31
407	3
408	3
409	19
410	27
411	25
412	18
413	14
414	0
415	19
416	11
417	7
418	9
419	27
420	5
421	16
422	23
423	6
424	7
425	19
426	12
427	11
428	9
429	0
430	30
431	16
432	2
433	23
434	10
435	8
436	23
437	31
438	9
439	29
440	8
441	19
442	23
443	20
444	11
445	22
446	27
447	16
448	8
449	3
450	2
451	13
452	15
453	5
454	11
455	32
456	32
457	27
458	12
459	2
460	8
461	9
462	9
463	14
464	16
465	6
466	1
467	32
468	31
469	2
470	23
471	21
472	21
473	30
474	31
475	32
476	13
477	21
478	8
479	17
480	18
481	7
482	8
483	18
484	11
485	2
486	1
487	3
488	31
489	21
490	13
491	27
492	10
493	9
494	1
495	3
496	13
497	9
498	23
499	16
500	19
501	26
502	15
503	0
504	5
505	25
506	26
507	0
508	25
509	16
510	13
511	20
512	18
513	0
514	0
515	29
516	27
517	9
518	27
519	16
520	9
521	9
522	26
523	5
524	29
525	23
526	4
527	7
528	15
529	4
530	14
531	19
532	26
533	16
534	7
535	27
536	9
537	0
538	22
539	31
540	16
541	21
542	4
543	29
544	29
545	6
546	10
547	20
548	26
549	18
550	17
551	32
552	5
553	18
554	4
555	6
556	4
557	2
558	26
559	1
560	3
561	27
562	19
563	6
564	19
565	19
566	13
567	2
568	4
569	20
570	23
571	26
572	4
573	8
574	31
575	3
576	19
577	0
578	17
579	26
580	10
581	12
582	10
583	12
584	21
585	0
586	19
587	0
588	2
589	17
590	12
591	15
592	14
593	17
594	21
595	18
596	9
597	18
598	2
599	1
600	16
601	3
602	25
603	19
604	31
605	5
606	1
607	31
608	15
609	32
610	9
611	0
612	8
613	6
614	23
615	32
616	4
617	0
618	21
619	3
620	22
621	22
622	31
623	3
624	29
625	9
626	26
627	13
628	29
629	3
630	12
631	22
632	22
633	25
634	12
635	4
636	4
637	26
638	8
639	18
640	30
641	1
642	21
643	0
644	31
645	29
646	27
647	21
648	26
649	12
650	3
651	11
652	20
653	11
654	4
655	23
656	11
657	22
658	9
659	16
660	22
661	31
662	3
663	22
664	11
665	15
666	22
667	13
668	17
669	4
670	16
671	12
672	10
673	25
674	12
675	21
676	16
677	12
678	9
679	16
680	17
681	9
682	20
683	16
684	19
685	18
686	1
687	22
688	18
689	27
690	11
691	7
692	31
693	26
694	12
695	1
696	32
697	29
698	2
699	10
700	30
701	9
702	30
703	23
704	4
705	30
706	9
707	32
708	4
709	30
710	20
711	8
712	15
713	19
714	18
715	9
716	11
717	10
718	17
719	13
720	7
721	13
722	1
723	20
724	7
725	16
726	19
727	0
728	3
729	30
730	21
731	32
732	20
733	31
734	10
735	10
736	16
737	18
738	8
739	26
740	16
741	16
742	20
743	23
744	31
745	6
746	12
747	9
748	31
749	26
750	14
751	13
752	29
753	11
754	22
755	1
756	23
757	19
758	13
759	14
760	2
761	25
762	8
763	1
764	14
765	31
766	16
767	26
768	6
769	11
770	12
771	16
772	6
773	18
774	10
775	14
776	6
777	16
778	8
779	11
780	13
781	8
782	0
783	8
784	11
785	19
786	1
787	8
788	11
789	30
790	20
791	1
792	19
793	8
794	21
795	18
796	10
797	16
798	12
799	20
800	8
801	29
802	25
803	8
804	8
805	11
806	8
807	8
808	12
809	1
810	9
811	10
812	11
813	12
814	13
815	8
816	15
817	16
818	1
819	2
820	9
821	31
822	9
823	9
824	12
825	13
826	10
827	18
828	4
829	11
830	0
831	15
832	16
833	1
834	19
835	31
836	31
837	0
838	20
839	25
840	0
841	19
842	2
843	16
844	14
845	29
846	19
847	12
848	2
849	19
850	13
851	14
852	25
853	14
854	6
855	15
856	10
857	19
858	6
859	16
860	1
861	20
862	8
863	10
864	15
865	8
866	16
867	11
868	11
869	1
870	19
871	12
872	6
873	8
874	16
875	10
876	9
877	29
878	13
879	11
880	14
881	16
882	8
883	12
884	12
885	22
886	0
887	1
888	9
889	11
890	25
891	25
892	0
893	16
894	22
895	4
896	8
897	11
898	15
899	8
900	4
901	13
902	20
903	18
904	25
905	22
906	11
907	19
908	0
909	16
910	11
911	8
912	22
913	11
914	22
915	1
916	15
917	18
918	10
919	19
920	31
921	31
922	15
923	13
924	16
925	13
926	13
927	10
928	10
929	15
930	10
931	18
932	18
933	11
934	16
935	11
936	6
937	8
938	22
939	31
940	9
941	0
942	18
943	13
944	19
945	9
946	16
947	13
948	18
949	11
950	12
951	22
952	18
953	12
954	18
955	20
956	12
957	8
958	13
959	13
960	11
961	18
962	8
963	8
964	9
965	22
966	16
967	12
968	0
969	1
970	4
971	12
972	9
973	1
974	16
975	31
976	22
977	4
978	13
979	19
980	13
981	31
982	1
983	31
984	16
985	12
986	13
987	31
988	31
989	1
990	0
991	8
992	16
993	13
994	11
995	1
996	22
997	12
998	0
999	1
1000	11
