1	144
1	220
1	298
1	750
1	959
1	975
2	311
2	710
2	770
2	897
2	956
2	984
3	143
3	472
3	511
3	696
3	761
3	832
4	44
4	470
4	504
4	847
4	867
4	998
5	92
5	272
5	516
5	772
5	832
5	944
6	250
6	279
6	522
6	531
6	560
6	993
7	491
7	558
7	808
7	817
7	850
7	991
8	189
8	214
8	308
8	324
8	503
8	843
9	369
9	660
9	781
9	906
9	949
9	992
10	366
10	737
10	742
10	830
10	850
10	968
11	370
11	504
11	685
11	759
11	957
11	962
12	269
12	526
12	534
12	618
12	648
12	806
13	491
13	550
13	613
13	628
13	665
13	807
14	370
14	643
14	663
14	889
14	901
14	948
15	150
15	212
15	422
15	730
15	744
15	935
16	586
16	788
16	872
16	919
16	967
16	986
17	249
17	450
17	547
17	601
17	633
17	690
18	170
18	530
18	539
18	774
18	943
18	950
19	39
19	514
19	662
19	732
19	831
19	903
20	329
20	396
20	563
20	908
20	920
20	944
21	327
21	370
21	371
21	659
21	717
21	836
22	341
22	449
22	526
22	610
22	625
22	950
23	238
23	430
23	440
23	560
23	638
23	964
24	374
24	464
24	614
24	633
24	650
24	842
25	55
25	98
25	430
25	657
25	819
25	945
26	219
26	224
26	285
26	682
26	732
26	763
27	204
27	425
27	698
27	715
27	796
27	904
28	528
28	673
28	718
28	787
28	984
28	990
29	410
29	459
29	656
29	780
29	820
29	860
30	67
30	258
30	456
30	630
30	797
30	921
31	224
31	513
31	646
31	686
31	810
31	953
32	79
32	463
32	654
32	886
32	891
32	972
33	60
33	620
33	643
33	653
33	743
33	884
34	503
34	595
34	596
34	787
34	855
34	956
35	286
35	383
35	391
35	807
35	876
35	959
36	150
36	154
36	864
36	905
36	909
36	991
37	65
37	156
37	386
37	415
37	525
37	951
38	333
38	374
38	442
38	464
38	952
38	953
39	19
39	337
39	538
39	570
39	825
39	919
40	123
40	283
40	298
40	602
40	763
40	879
41	141
41	569
41	645
41	787
41	998
41	999
42	74
42	226
42	587
42	601
42	713
42	738
43	140
43	370
43	820
43	896
43	922
43	953
44	4
44	474
44	732
44	834
44	846
44	998
45	361
45	375
45	660
45	925
45	994
45	995
46	730
46	757
46	808
46	810
46	813
46	830
47	267
47	335
47	369
47	387
47	611
47	630
48	87
48	301
48	497
48	762
48	786
48	933
49	110
49	134
49	533
49	561
49	629
49	780
50	362
50	547
50	724
50	804
50	845
50	853
51	152
51	270
51	543
51	877
51	939
51	986
52	198
52	430
52	550
52	637
52	773
52	895
53	667
53	670
53	689
53	784
53	801
53	947
54	228
54	504
54	564
54	775
54	853
54	966
55	25
55	166
55	179
55	203
55	799
55	970
56	145
56	810
56	844
56	912
56	942
56	967
57	356
57	484
57	598
57	610
57	711
57	740
58	202
58	540
58	610
58	881
58	945
58	990
59	112
59	117
59	169
59	747
59	942
59	951
60	33
60	71
60	362
60	414
60	435
60	906
61	612
61	709
61	753
61	837
61	985
61	994
62	266
62	536
62	689
62	759
62	823
62	888
63	87
63	552
63	635
63	662
63	922
63	978
64	109
64	261
64	331
64	333
64	830
64	932
65	37
65	422
65	480
65	617
65	640
65	806
66	240
66	448
66	806
66	874
66	916
66	984
67	30
67	319
67	490
67	840
67	841
67	866
68	800
68	906
68	911
68	926
68	934
68	994
69	450
69	537
69	639
69	815
69	851
69	882
70	191
70	207
70	412
70	514
70	767
70	938
71	60
71	626
71	727
71	918
71	972
71	976
72	206
72	711
72	773
72	856
72	863
72	998
73	117
73	197
73	398
73	694
73	821
73	990
74	42
74	304
74	477
74	696
74	870
74	889
75	89
75	242
75	846
75	927
75	932
75	947
76	277
76	432
76	482
76	575
76	908
76	999
77	104
77	230
77	390
77	534
77	834
77	966
78	126
78	331
78	548
78	575
78	754
78	994
79	32
79	83
79	169
79	369
79	439
79	814
80	214
80	626
80	795
80	889
80	955
80	971
81	463
81	484
81	744
81	798
81	800
81	839
82	124
82	326
82	368
82	477
82	604
82	929
83	79
83	298
83	615
83	671
83	979
83	985
84	348
84	355
84	476
84	605
84	847
84	887
85	334
85	432
85	591
85	784
85	932
85	948
86	428
86	631
86	713
86	745
86	800
86	934
87	48
87	63
87	347
87	485
87	883
87	894
88	259
88	323
88	545
88	562
88	592
88	903
89	75
89	100
89	644
89	832
89	918
89	958
90	509
90	520
90	655
90	685
90	839
90	997
91	121
91	476
91	494
91	644
91	832
91	936
92	5
92	514
92	565
92	584
92	894
92	898
93	128
93	275
93	414
93	494
93	654
93	946
94	352
94	570
94	640
94	819
94	880
94	975
95	388
95	399
95	431
95	565
95	570
95	641
96	448
96	583
96	654
96	774
96	902
96	972
97	194
97	372
97	554
97	634
97	807
97	988
98	25
98	509
98	846
98	927
98	965
98	997
99	147
99	188
99	678
99	795
99	802
99	950
100	89
100	391
100	634
100	838
100	846
100	918
101	343
101	542
101	618
101	679
101	926
101	990
102	172
102	284
102	289
102	344
102	598
102	883
103	518
103	656
103	692
103	822
103	868
103	985
104	77
104	205
104	705
104	734
104	859
104	887
105	292
105	413
105	414
105	564
105	804
105	916
106	209
106	231
106	425
106	835
106	870
106	883
107	159
107	270
107	278
107	432
107	869
107	980
108	515
108	518
108	646
108	678
108	702
108	796
109	64
109	262
109	366
109	427
109	536
109	833
110	49
110	739
110	876
110	880
110	889
110	969
111	351
111	455
111	553
111	635
111	828
111	834
112	59
112	196
112	266
112	397
112	417
112	915
113	166
113	741
113	756
113	835
113	877
113	956
114	320
114	590
114	614
114	694
114	709
114	980
115	425
115	641
115	702
115	743
115	750
115	824
116	197
116	590
116	768
116	913
116	925
116	949
117	59
117	73
117	517
117	872
117	875
117	980
118	175
118	212
118	228
118	299
118	691
118	724
119	348
119	605
119	710
119	812
119	904
119	947
120	136
120	352
120	361
120	471
120	676
120	863
121	91
121	549
121	729
121	777
121	817
121	880
122	171
122	308
122	607
122	643
122	709
122	733
123	40
123	167
123	633
123	723
123	917
123	991
124	82
124	302
124	445
124	551
124	638
124	701
125	236
125	500
125	656
125	869
125	887
125	952
126	78
126	424
126	645
126	710
126	810
126	908
127	285
127	320
127	349
127	592
127	671
127	726
128	93
128	323
128	848
128	892
128	911
128	975
129	298
129	350
129	410
129	528
129	714
129	939
130	269
130	502
130	553
130	590
130	823
130	1000
131	317
131	672
131	861
131	883
131	897
131	956
132	222
132	259
132	764
132	774
132	798
132	820
133	303
133	549
133	650
133	686
133	949
133	977
134	49
134	451
134	568
134	779
134	808
134	867
135	205
135	323
135	372
135	688
135	798
135	966
136	120
136	148
136	471
136	612
136	626
136	886
137	272
137	560
137	670
137	744
137	748
137	931
138	288
138	605
138	664
138	797
138	975
138	991
139	242
139	420
139	509
139	628
139	855
139	912
140	43
140	330
140	964
140	982
140	991
140	997
141	41
141	176
141	427
141	599
141	829
141	935
142	337
142	728
142	862
142	956
142	977
142	981
143	3
143	416
143	485
143	698
143	965
143	987
144	1
144	220
144	235
144	372
144	408
144	910
145	56
145	164
145	287
145	727
145	783
145	851
146	404
146	417
146	568
146	624
146	920
146	951
147	99
147	244
147	412
147	562
147	603
147	868
148	136
148	272
148	661
148	711
148	767
148	913
149	397
149	409
149	747
149	906
149	926
149	998
150	15
150	36
150	309
150	842
150	852
150	957
151	487
151	527
151	755
151	759
151	842
151	927
152	51
152	239
152	439
152	609
152	767
152	942
153	540
153	558
153	559
153	719
153	724
153	830
154	36
154	227
154	645
154	657
154	793
154	906
155	210
155	487
155	554
155	774
155	822
155	886
156	37
156	524
156	817
156	835
156	860
156	880
157	407
157	626
157	649
157	726
157	758
157	908
158	229
158	328
158	737
158	839
158	965
158	987
159	107
159	174
159	869
159	933
159	950
159	991
160	192
160	319
160	364
160	478
160	587
160	773
161	424
161	617
161	619
161	622
161	636
161	826
162	202
162	281
162	427
162	581
162	684
162	725
163	232
163	378
163	695
163	805
163	831
163	858
164	145
164	208
164	444
164	850
164	883
164	905
165	260
165	277
165	496
165	616
165	860
165	995
166	55
166	113
166	181
166	317
166	373
166	843
167	123
167	395
167	661
167	667
167	721
167	973
168	446
168	528
168	789
168	853
168	858
168	907
169	59
169	79
169	520
169	720
169	833
169	990
170	18
170	664
170	746
170	822
170	890
170	978
171	122
171	512
171	854
171	916
171	950
171	952
172	102
172	334
172	475
172	558
172	778
172	944
173	622
173	648
173	699
173	917
173	931
173	994
174	159
174	323
174	501
174	694
174	779
174	967
175	118
175	230
175	575
175	609
175	940
175	954
176	141
176	274
176	394
176	686
176	791
176	811
177	617
177	651
177	830
177	845
177	907
177	996
178	413
178	630
178	840
178	841
178	881
178	959
179	55
179	331
179	727
179	847
179	874
179	903
180	287
180	426
180	444
180	540
180	574
180	932
181	166
181	361
181	599
181	697
181	955
181	981
182	221
182	285
182	545
182	645
182	868
182	910
183	429
183	431
183	544
183	594
183	972
183	987
184	517
184	668
184	874
184	897
184	993
184	1000
185	498
185	504
185	553
185	757
185	882
185	898
186	212
186	636
186	750
186	885
186	947
186	971
187	286
187	402
187	451
187	611
187	636
187	950
188	99
188	381
188	500
188	627
188	683
188	969
189	8
189	223
189	317
189	724
189	770
189	989
190	242
190	593
190	686
190	692
190	745
190	785
191	70
191	508
191	513
191	886
191	897
191	973
192	160
192	267
192	810
192	854
192	950
192	978
193	566
193	664
193	730
193	965
193	988
193	998
194	97
194	200
194	204
194	583
194	629
194	899
195	246
195	573
195	749
195	854
195	963
195	994
196	112
196	527
196	597
196	683
196	742
196	897
196	937
197	73
197	116
197	213
197	568
197	597
197	849
197	918
198	52
198	589
198	670
198	756
198	927
198	950
198	974
199	240
199	388
199	545
199	746
199	828
199	842
199	878
200	194
200	214
200	236
200	264
200	356
200	837
200	900
201	350
201	485
201	649
201	713
201	715
201	827
201	970
202	58
202	162
202	256
202	264
202	797
202	898
202	909
203	55
203	226
203	713
203	734
203	865
203	964
203	968
204	27
204	194
204	571
204	617
204	797
204	920
204	989
205	104
205	135
205	217
205	544
205	706
205	827
205	899
206	72
206	291
206	299
206	652
206	695
206	886
206	983
207	70
207	238
207	278
207	491
207	625
207	828
207	844
208	164
208	211
208	329
208	446
208	473
208	648
208	870
209	106
209	373
209	417
209	523
209	524
209	649
209	940
210	155
210	285
210	319
210	377
210	557
210	731
210	998
211	208
211	363
211	697
211	781
211	783
211	788
211	793
212	15
212	118
212	186
212	350
212	833
212	915
212	993
213	197
213	244
213	344
213	408
213	661
213	664
213	981
214	8
214	80
214	200
214	601
214	925
214	973
214	982
215	224
215	514
215	588
215	590
215	611
215	655
215	937
216	251
216	316
216	409
216	466
216	539
216	825
216	943
217	205
217	349
217	502
217	777
217	823
217	847
217	987
218	472
218	607
218	905
218	907
218	914
218	932
218	1000
219	26
219	260
219	291
219	373
219	777
219	945
219	986
220	1
220	144
220	294
220	457
220	516
220	715
220	840
221	182
221	531
221	732
221	764
221	865
221	883
221	969
222	132
222	296
222	730
222	742
222	906
222	924
222	987
223	189
223	364
223	416
223	687
223	852
223	884
223	988
224	26
224	31
224	215
224	415
224	572
224	906
224	1000
225	513
225	585
225	716
225	735
225	887
225	940
225	960
226	42
226	203
226	578
226	683
226	730
226	827
226	908
227	154
227	387
227	474
227	498
227	534
227	857
227	885
228	54
228	118
228	375
228	492
228	833
228	895
228	980
229	158
229	370
229	541
229	597
229	603
229	681
229	877
230	77
230	175
230	568
230	575
230	720
230	754
230	878
231	106
231	383
231	456
231	732
231	813
231	837
231	931
232	163
232	386
232	524
232	535
232	537
232	644
232	836
233	276
233	628
233	690
233	710
233	792
233	838
233	914
234	270
234	515
234	625
234	708
234	895
234	925
234	991
235	144
235	295
235	604
235	700
235	760
235	793
235	958
236	125
236	200
236	254
236	719
236	780
236	909
236	979
237	357
237	380
237	485
237	698
237	707
237	824
237	957
238	23
238	207
238	272
238	589
238	637
238	794
238	930
239	152
239	384
239	393
239	565
239	582
239	615
239	941
240	66
240	199
240	429
240	557
240	646
240	725
240	861
241	294
241	619
241	718
241	741
241	885
241	945
241	951
242	75
242	139
242	190
242	421
242	501
242	690
242	941
243	475
243	546
243	668
243	752
243	821
243	852
243	860
244	147
244	213
244	316
244	422
244	446
244	489
244	1000
245	249
245	389
245	394
245	497
245	702
245	878
245	926
246	195
246	252
246	300
246	462
246	545
246	801
246	975
247	482
247	658
247	681
247	766
247	836
247	879
247	958
248	337
248	446
248	504
248	506
248	602
248	728
248	881
249	17
249	245
249	328
249	371
249	526
249	714
249	932
250	6
250	423
250	636
250	680
250	743
250	752
250	892
251	216
251	260
251	387
251	476
251	513
251	692
251	745
252	246
252	290
252	693
252	732
252	921
252	944
252	999
253	387
253	419
253	567
253	619
253	642
253	705
253	824
254	236
254	260
254	449
254	459
254	679
254	737
254	889
255	313
255	335
255	512
255	686
255	697
255	774
255	938
256	202
256	407
256	470
256	643
256	814
256	818
256	908
257	334
257	479
257	613
257	791
257	815
257	989
257	997
258	30
258	349
258	754
258	766
258	769
258	903
258	923
259	88
259	132
259	452
259	609
259	803
259	913
259	976
260	165
260	219
260	251
260	254
260	912
260	923
260	927
261	64
261	529
261	593
261	675
261	765
261	872
261	894
262	109
262	307
262	328
262	522
262	600
262	723
262	807
263	356
263	656
263	699
263	720
263	810
263	889
263	980
264	200
264	202
264	367
264	431
264	438
264	679
264	828
265	420
265	437
265	791
265	852
265	873
265	932
265	968
266	62
266	112
266	633
266	688
266	720
266	782
266	914
267	47
267	192
267	353
267	613
267	685
267	725
267	990
268	320
268	336
268	414
268	736
268	746
268	889
268	981
269	12
269	130
269	523
269	586
269	700
269	716
269	898
270	51
270	107
270	234
270	456
270	715
270	740
270	880
271	350
271	412
271	438
271	590
271	611
271	645
271	962
272	5
272	137
272	148
272	238
272	487
272	774
272	786
273	406
273	562
273	661
273	762
273	768
273	913
273	980
274	176
274	296
274	442
274	700
274	741
274	900
274	981
275	93
275	369
275	475
275	688
275	856
275	887
275	930
276	233
276	484
276	515
276	592
276	670
276	718
276	768
277	76
277	165
277	487
277	501
277	552
277	559
277	948
278	107
278	207
278	388
278	763
278	768
278	934
278	935
279	6
279	666
279	772
279	776
279	890
279	910
279	967
280	443
280	662
280	669
280	785
280	836
280	901
280	954
281	162
281	368
281	374
281	631
281	668
281	702
281	819
282	328
282	532
282	544
282	566
282	647
282	809
282	976
283	40
283	706
283	720
283	815
283	848
283	971
283	990
284	102
284	382
284	418
284	649
284	679
284	819
284	935
285	26
285	127
285	182
285	210
285	639
285	640
285	647
286	35
286	187
286	487
286	498
286	705
286	951
286	982
287	145
287	180
287	343
287	625
287	760
287	878
287	934
288	138
288	372
288	679
288	714
288	726
288	776
288	868
289	102
289	407
289	682
289	838
289	859
289	960
289	973
290	252
290	394
290	449
290	807
290	842
290	929
290	942
291	206
291	219
291	299
291	317
291	330
291	557
291	646
292	105
292	393
292	471
292	766
292	783
292	785
292	796
293	629
293	656
293	747
293	837
293	854
293	865
293	919
294	220
294	241
294	467
294	658
294	709
294	837
294	944
295	235
295	477
295	481
295	604
295	708
295	730
295	890
296	222
296	274
296	442
296	659
296	762
296	871
296	887
297	469
297	567
297	588
297	821
297	835
297	852
297	931
298	1
298	40
298	83
298	129
298	325
298	751
298	882
299	118
299	206
299	291
299	663
299	672
299	851
299	882
300	246
300	337
300	420
300	601
300	658
300	868
300	969
301	48
301	400
301	479
301	723
301	745
301	938
301	971
302	124
302	340
302	605
302	661
302	778
302	791
302	897
303	133
303	559
303	680
303	733
303	861
303	921
303	992
304	74
304	353
304	377
304	847
304	852
304	947
304	980
305	372
305	523
305	757
305	852
305	867
305	884
305	895
306	327
306	457
306	533
306	649
306	660
306	764
306	985
307	262
307	398
307	501
307	678
307	936
307	972
307	973
308	8
308	122
308	702
308	884
308	909
308	910
308	997
309	150
309	482
309	526
309	714
309	772
309	773
309	898
310	793
310	855
310	895
310	901
310	904
310	939
310	982
311	2
311	555
311	586
311	792
311	915
311	939
311	945
312	322
312	415
312	530
312	637
312	710
312	763
312	963
313	255
313	456
313	737
313	749
313	841
313	902
313	977
314	478
314	645
314	674
314	820
314	830
314	913
314	987
315	344
315	499
315	515
315	604
315	692
315	853
315	980
316	216
316	244
316	503
316	568
316	775
316	797
316	920
317	131
317	166
317	189
317	291
317	746
317	923
317	930
318	444
318	500
318	503
318	703
318	783
318	830
318	969
319	67
319	160
319	210
319	529
319	696
319	698
319	914
320	114
320	127
320	268
320	571
320	817
320	874
320	998
321	486
321	611
321	815
321	824
321	847
321	851
321	989
322	312
322	438
322	445
322	509
322	660
322	801
322	829
323	88
323	128
323	135
323	174
323	461
323	687
323	946
324	8
324	474
324	488
324	649
324	670
324	733
324	865
325	298
325	613
325	618
325	919
325	954
325	961
325	971
326	82
326	381
326	695
326	703
326	724
326	783
326	855
327	21
327	306
327	691
327	699
327	795
327	917
327	955
328	158
328	249
328	262
328	282
328	375
328	885
328	947
329	20
329	208
329	497
329	529
329	708
329	712
329	993
330	140
330	291
330	473
330	575
330	697
330	956
330	960
331	64
331	78
331	179
331	492
331	723
331	771
331	959
332	532
332	667
332	741
332	787
332	863
332	948
332	954
333	38
333	64
333	615
333	928
333	938
333	952
333	990
334	85
334	172
334	257
334	382
334	599
334	770
334	892
335	47
335	255
335	653
335	763
335	779
335	836
335	976
336	268
336	358
336	404
336	459
336	528
336	595
336	790
337	39
337	142
337	248
337	300
337	607
337	782
337	932
338	613
338	640
338	673
338	776
338	973
338	977
338	988
339	707
339	722
339	740
339	817
339	837
339	977
339	994
340	302
340	458
340	511
340	684
340	778
340	929
340	964
341	22
341	511
341	568
341	648
341	755
341	806
341	834
342	369
342	421
342	465
342	469
342	562
342	688
342	727
343	101
343	287
343	488
343	573
343	583
343	770
343	967
344	102
344	213
344	315
344	364
344	399
344	586
344	958
345	420
345	537
345	604
345	901
345	957
345	972
345	993
346	359
346	438
346	633
346	710
346	711
346	782
346	860
347	87
347	365
347	580
347	741
347	747
347	932
347	996
348	84
348	119
348	589
348	612
348	633
348	654
348	995
349	127
349	217
349	258
349	659
349	707
349	772
349	970
350	129
350	201
350	212
350	271
350	492
350	592
350	612
351	111
351	374
351	555
351	567
351	578
351	673
351	915
352	94
352	120
352	399
352	749
352	792
352	882
352	921
353	267
353	304
353	382
353	529
353	707
353	773
353	927
354	429
354	626
354	815
354	886
354	955
354	958
354	968
354	997
355	84
355	434
355	550
355	601
355	652
355	702
355	909
355	961
356	57
356	200
356	263
356	397
356	540
356	746
356	781
356	826
357	237
357	775
357	868
357	872
357	938
357	979
357	980
357	994
358	336
358	486
358	654
358	834
358	840
358	862
358	947
358	962
359	346
359	412
359	460
359	470
359	518
359	520
359	875
359	968
360	392
360	447
360	594
360	731
360	742
360	829
360	839
360	846
361	45
361	120
361	181
361	618
361	645
361	684
361	972
361	977
362	50
362	60
362	460
362	632
362	833
362	869
362	919
362	930
363	211
363	438
363	677
363	747
363	817
363	934
363	960
363	966
364	160
364	223
364	344
364	380
364	637
364	800
364	968
364	995
365	347
365	472
365	506
365	849
365	912
365	949
365	979
365	985
366	10
366	109
366	784
366	786
366	809
366	863
366	907
366	934
367	264
367	513
367	648
367	808
367	825
367	908
367	924
367	1000
368	82
368	281
368	584
368	594
368	754
368	762
368	892
368	995
369	9
369	47
369	79
369	275
369	342
369	627
369	758
369	907
370	11
370	14
370	21
370	43
370	229
370	401
370	653
370	966
371	21
371	249
371	618
371	695
371	734
371	753
371	790
371	830
372	97
372	135
372	144
372	288
372	305
372	858
372	892
372	897
373	166
373	209
373	219
373	577
373	596
373	668
373	789
373	961
374	24
374	38
374	281
374	351
374	733
374	851
374	955
374	972
375	45
375	228
375	328
375	701
375	720
375	757
375	933
375	975
376	385
376	516
376	664
376	827
376	885
376	900
376	952
376	985
377	210
377	304
377	436
377	555
377	700
377	865
377	945
377	971
378	163
378	555
378	652
378	707
378	780
378	818
378	931
378	989
379	411
379	513
379	622
379	789
379	893
379	900
379	915
379	995
380	237
380	364
380	479
380	497
380	630
380	922
380	957
380	994
381	188
381	326
381	383
381	624
381	675
381	677
381	825
381	906
382	284
382	334
382	353
382	399
382	566
382	657
382	871
382	944
383	35
383	231
383	381
383	396
383	402
383	949
383	971
383	997
384	239
384	501
384	753
384	776
384	779
384	879
384	943
384	955
385	376
385	722
385	785
385	854
385	866
385	877
385	933
385	968
386	37
386	232
386	638
386	756
386	846
386	923
386	958
386	989
387	47
387	227
387	251
387	253
387	542
387	783
387	875
387	969
388	95
388	199
388	278
388	460
388	739
388	814
388	850
388	954
389	245
389	464
389	578
389	694
389	701
389	841
389	866
389	981
390	77
390	420
390	456
390	560
390	588
390	820
390	861
390	880
391	35
391	100
391	521
391	678
391	761
391	792
391	906
391	922
392	360
392	583
392	619
392	745
392	780
392	803
392	959
392	977
393	239
393	292
393	676
393	707
393	813
393	856
393	917
393	920
394	176
394	245
394	290
394	641
394	729
394	765
394	854
394	861
395	167
395	620
395	638
395	668
395	735
395	763
395	896
395	996
396	20
396	383
396	408
396	441
396	543
396	876
396	901
396	934
397	112
397	149
397	356
397	523
397	746
397	759
397	929
397	951
398	73
398	307
398	491
398	532
398	653
398	825
398	895
398	931
399	95
399	344
399	352
399	382
399	692
399	703
399	767
399	890
400	301
400	481
400	709
400	845
400	865
400	908
400	936
400	939
401	370
401	423
401	424
401	539
401	604
401	612
401	848
401	973
402	187
402	383
402	412
402	431
402	505
402	772
402	806
402	887
403	497
403	547
403	581
403	725
403	786
403	854
403	867
403	900
404	146
404	336
404	600
404	644
404	756
404	921
404	952
404	966
405	442
405	444
405	491
405	604
405	614
405	778
405	876
405	992
406	273
406	598
406	613
406	724
406	763
406	766
406	866
406	1000
407	157
407	256
407	289
407	563
407	606
407	711
407	736
407	984
408	144
408	213
408	396
408	644
408	838
408	957
408	989
408	993
409	149
409	216
409	517
409	663
409	766
409	879
409	889
409	927
410	29
410	129
410	631
410	794
410	824
410	844
410	874
410	1000
411	379
411	435
411	639
411	760
411	881
411	925
411	931
411	945
412	70
412	147
412	271
412	359
412	402
412	723
412	740
412	961
413	105
413	178
413	467
413	531
413	557
413	814
413	940
413	986
414	60
414	93
414	105
414	268
414	625
414	632
414	827
414	856
415	37
415	224
415	312
415	474
415	582
415	749
415	818
415	874
416	143
416	223
416	563
416	762
416	764
416	805
416	811
416	975
417	112
417	146
417	209
417	553
417	659
417	705
417	953
417	958
418	284
418	698
418	709
418	797
418	798
418	870
418	886
418	974
419	253
419	493
419	579
419	768
419	791
419	921
419	929
419	954
420	139
420	265
420	300
420	345
420	390
420	479
420	748
420	753
421	242
421	342
421	453
421	473
421	779
421	836
421	851
421	853
422	15
422	65
422	244
422	497
422	623
422	751
422	773
422	783
423	250
423	401
423	466
423	589
423	611
423	629
423	800
423	869
424	126
424	161
424	401
424	453
424	752
424	826
424	891
424	936
425	27
425	106
425	115
425	584
425	812
425	828
425	892
425	978
426	180
426	661
426	710
426	737
426	891
426	946
426	955
426	984
427	109
427	141
427	162
427	776
427	839
427	925
427	964
427	967
428	86
428	530
428	683
428	805
428	822
428	944
428	949
428	982
429	183
429	240
429	354
429	549
429	653
429	831
429	950
429	961
430	23
430	25
430	52
430	454
430	609
430	642
430	697
430	903
431	95
431	183
431	264
431	402
431	480
431	570
431	799
431	850
432	76
432	85
432	107
432	555
432	804
432	823
432	927
432	973
433	622
433	663
433	783
433	791
433	800
433	882
433	888
433	946
434	355
434	594
434	610
434	611
434	663
434	705
434	743
434	976
435	60
435	411
435	612
435	648
435	816
435	822
435	870
435	964
436	377
436	572
436	573
436	615
436	690
436	748
436	838
436	963
437	265
437	532
437	693
437	745
437	888
437	925
437	955
437	992
438	264
438	271
438	322
438	346
438	363
438	790
438	845
438	905
439	79
439	152
439	560
439	634
439	807
439	865
439	934
439	987
440	23
440	445
440	475
440	650
440	726
440	807
440	847
440	921
441	396
441	674
441	727
441	810
441	838
441	935
441	939
441	1000
442	38
442	274
442	296
442	405
442	745
442	750
442	942
442	979
443	280
443	602
443	657
443	756
443	788
443	806
443	962
443	976
444	164
444	180
444	318
444	405
444	586
444	589
444	737
444	981
445	124
445	322
445	440
445	684
445	708
445	765
445	881
445	896
446	168
446	208
446	244
446	248
446	462
446	573
446	785
446	925
447	360
447	484
447	545
447	576
447	599
447	830
447	978
447	983
448	66
448	96
448	624
448	627
448	672
448	765
448	810
448	998
449	22
449	254
449	290
449	483
449	512
449	681
449	824
449	853
450	17
450	69
450	480
450	619
450	696
450	740
450	744
450	824
451	134
451	187
451	494
451	565
451	664
451	823
451	862
451	984
452	259
452	680
452	706
452	725
452	737
452	891
452	911
452	940
453	421
453	424
453	601
453	718
453	817
453	824
453	878
453	885
454	430
454	548
454	742
454	780
454	894
454	915
454	949
454	982
455	111
455	574
455	791
455	805
455	833
455	863
455	896
455	957
456	30
456	231
456	270
456	313
456	390
456	601
456	687
456	763
457	220
457	306
457	589
457	651
457	724
457	778
457	960
457	999
458	340
458	478
458	574
458	713
458	890
458	945
458	987
458	995
459	29
459	254
459	336
459	728
459	754
459	755
459	822
459	866
459	949
460	359
460	362
460	388
460	496
460	507
460	701
460	731
460	873
460	987
461	323
461	699
461	760
461	785
461	843
461	849
461	878
461	879
461	892
462	246
462	446
462	603
462	676
462	703
462	847
462	940
462	942
462	992
463	32
463	81
463	629
463	648
463	683
463	866
463	899
463	902
463	995
464	24
464	38
464	389
464	563
464	585
464	608
464	723
464	806
464	960
465	342
465	537
465	540
465	548
465	712
465	722
465	786
465	951
465	971
466	216
466	423
466	492
466	533
466	853
466	890
466	943
466	949
466	993
467	294
467	413
467	556
467	589
467	716
467	796
467	820
467	836
467	950
468	470
468	476
468	696
468	720
468	884
468	920
468	939
468	941
468	999
469	297
469	342
469	512
469	531
469	687
469	718
469	771
469	784
469	953
470	4
470	256
470	359
470	468
470	631
470	689
470	701
470	759
470	922
471	120
471	136
471	292
471	511
471	556
471	707
471	747
471	798
471	976
472	3
472	218
472	365
472	493
472	666
472	677
472	812
472	844
472	986
473	208
473	330
473	421
473	538
473	558
473	629
473	884
473	924
473	992
474	44
474	227
474	324
474	415
474	622
474	623
474	692
474	738
474	956
475	172
475	243
475	275
475	440
475	703
475	906
475	925
475	939
475	984
476	84
476	91
476	251
476	468
476	530
476	601
476	792
476	857
476	976
477	74
477	82
477	295
477	505
477	577
477	717
477	777
477	811
477	985
478	160
478	314
478	458
478	565
478	604
478	773
478	937
478	949
478	973
479	257
479	301
479	380
479	420
479	741
479	816
479	869
479	922
479	929
480	65
480	431
480	450
480	508
480	592
480	727
480	780
480	800
480	838
481	295
481	400
481	628
481	652
481	915
481	947
481	950
481	964
481	979
482	76
482	247
482	309
482	499
482	504
482	615
482	815
482	867
482	929
483	449
483	599
483	643
483	708
483	731
483	733
483	794
483	943
483	987
484	57
484	81
484	276
484	447
484	725
484	748
484	761
484	781
484	935
485	87
485	143
485	201
485	237
485	556
485	642
485	666
485	723
485	761
486	321
486	358
486	567
486	719
486	856
486	886
486	893
486	963
486	993
487	151
487	155
487	272
487	277
487	286
487	496
487	583
487	781
487	815
488	324
488	343
488	621
488	738
488	804
488	818
488	862
488	878
488	945
489	244
489	781
489	791
489	855
489	864
489	927
489	942
489	951
489	964
490	67
490	509
490	683
490	876
490	893
490	909
490	932
490	972
490	977
491	7
491	13
491	207
491	398
491	405
491	574
491	606
491	666
491	764
492	228
492	331
492	350
492	466
492	721
492	833
492	943
492	982
492	995
493	419
493	472
493	553
493	556
493	610
493	788
493	868
493	895
493	974
494	91
494	93
494	451
494	559
494	592
494	619
494	623
494	754
494	842
495	681
495	716
495	769
495	802
495	844
495	883
495	897
495	904
495	974
496	165
496	460
496	487
496	510
496	517
496	698
496	902
496	928
496	933
497	48
497	245
497	329
497	380
497	403
497	422
497	911
497	972
497	980
498	185
498	227
498	286
498	622
498	666
498	831
498	841
498	891
498	995
499	315
499	482
499	527
499	735
499	870
499	881
499	905
499	979
499	999
500	125
500	188
500	318
500	527
500	627
500	655
500	712
500	734
500	971
501	174
501	242
501	277
501	307
501	384
501	635
501	654
501	759
501	765
502	130
502	217
502	562
502	734
502	736
502	829
502	872
502	885
502	985
503	8
503	34
503	316
503	318
503	669
503	691
503	819
503	890
503	944
504	4
504	11
504	54
504	185
504	248
504	482
504	589
504	726
504	828
505	402
505	477
505	753
505	879
505	895
505	911
505	923
505	947
505	974
506	248
506	365
506	595
506	728
506	747
506	917
506	931
506	953
506	987
507	460
507	596
507	667
507	728
507	749
507	888
507	927
507	939
507	997
508	191
508	480
508	573
508	693
508	786
508	826
508	850
508	946
508	995
509	90
509	98
509	139
509	322
509	490
509	591
509	651
509	851
509	931
510	496
510	538
510	571
510	596
510	719
510	749
510	795
510	857
510	894
511	3
511	340
511	341
511	471
511	582
511	587
511	602
511	775
511	913
512	171
512	255
512	449
512	469
512	560
512	822
512	826
512	904
512	967
513	31
513	191
513	225
513	251
513	367
513	379
513	633
513	864
513	874
514	19
514	70
514	92
514	215
514	589
514	713
514	745
514	775
514	957
515	108
515	234
515	276
515	315
515	537
515	674
515	859
515	890
515	900
516	5
516	220
516	376
516	526
516	690
516	724
516	809
516	949
516	965
517	117
517	184
517	409
517	496
517	550
517	910
517	911
517	916
517	973
518	103
518	108
518	359
518	664
518	721
518	764
518	820
518	870
518	913
519	535
519	636
519	789
519	836
519	848
519	874
519	907
519	955
519	997
520	90
520	169
520	359
520	606
520	749
520	897
520	910
520	944
520	989
521	391
521	551
521	574
521	674
521	829
521	872
521	894
521	959
521	960
522	6
522	262
522	601
522	669
522	689
522	767
522	813
522	897
522	985
523	209
523	269
523	305
523	397
523	574
523	657
523	778
523	875
523	954
524	156
524	209
524	232
524	668
524	712
524	771
524	944
524	968
524	983
525	37
525	575
525	624
525	631
525	687
525	745
525	792
525	926
525	938
526	12
526	22
526	249
526	309
526	516
526	541
526	679
526	736
526	846
527	151
527	196
527	499
527	500
527	681
527	699
527	742
527	748
527	993
528	28
528	129
528	168
528	336
528	591
528	705
528	841
528	866
528	906
529	261
529	319
529	329
529	353
529	564
529	573
529	760
529	934
529	978
530	18
530	312
530	428
530	476
530	560
530	578
530	840
530	955
530	982
531	6
531	221
531	413
531	469
531	638
531	665
531	902
531	910
531	933
532	282
532	332
532	398
532	437
532	592
532	728
532	731
532	934
532	971
533	49
533	306
533	466
533	673
533	795
533	815
533	854
533	905
533	927
534	12
534	77
534	227
534	808
534	809
534	819
534	854
534	926
534	990
535	232
535	519
535	788
535	843
535	851
535	857
535	947
535	963
535	990
536	62
536	109
536	554
536	582
536	660
536	786
536	901
536	924
536	954
537	69
537	232
537	345
537	465
537	515
537	730
537	840
537	901
537	964
538	39
538	473
538	510
538	649
538	818
538	821
538	867
538	959
538	963
539	18
539	216
539	401
539	833
539	840
539	945
539	950
539	961
539	997
540	58
540	153
540	180
540	356
540	465
540	610
540	775
540	905
540	982
541	229
541	526
541	609
541	643
541	689
541	798
541	823
541	912
541	978
542	101
542	387
542	738
542	840
542	877
542	896
542	930
542	939
542	967
543	51
543	396
543	757
543	867
543	904
543	937
543	938
543	940
543	984
544	183
544	205
544	282
544	646
544	739
544	751
544	901
544	991
544	998
545	88
545	182
545	199
545	246
545	447
545	702
545	786
545	872
545	875
546	243
546	557
546	640
546	790
546	802
546	831
546	868
546	925
546	935
547	17
547	50
547	403
547	581
547	766
547	789
547	866
547	930
547	956
548	78
548	454
548	465
548	609
548	705
548	723
548	796
548	895
548	991
549	121
549	133
549	429
549	660
549	704
549	720
549	740
549	742
549	823
550	13
550	52
550	355
550	517
550	691
550	702
550	709
550	894
550	996
551	124
551	521
551	587
551	632
551	638
551	844
551	878
551	882
551	965
552	63
552	277
552	600
552	717
552	763
552	778
552	912
552	937
552	939
553	111
553	130
553	185
553	417
553	493
553	798
553	917
553	948
553	986
554	97
554	155
554	536
554	556
554	581
554	766
554	814
554	909
554	957
555	311
555	351
555	377
555	378
555	432
555	607
555	683
555	762
555	772
555	960
556	467
556	471
556	485
556	493
556	554
556	740
556	796
556	846
556	898
556	925
557	210
557	240
557	291
557	413
557	546
557	637
557	690
557	759
557	888
557	899
558	7
558	153
558	172
558	473
558	733
558	752
558	766
558	879
558	970
558	980
559	153
559	277
559	303
559	494
559	571
559	588
559	607
559	608
559	862
559	969
560	6
560	23
560	137
560	390
560	439
560	512
560	530
560	818
560	841
560	903
561	49
561	644
561	667
561	703
561	737
561	750
561	802
561	871
561	965
561	999
562	88
562	147
562	273
562	342
562	502
562	624
562	646
562	741
562	796
562	984
563	20
563	407
563	416
563	464
563	587
563	637
563	722
563	780
563	951
563	983
564	54
564	105
564	529
564	733
564	843
564	910
564	923
564	958
564	975
564	987
565	92
565	95
565	239
565	451
565	478
565	721
565	800
565	904
565	954
565	986
566	193
566	282
566	382
566	581
566	589
566	793
566	802
566	842
566	862
566	978
567	253
567	297
567	351
567	486
567	662
567	715
567	762
567	850
567	855
567	865
568	134
568	146
568	197
568	230
568	316
568	341
568	605
568	781
568	852
568	1000
569	41
569	585
569	657
569	736
569	743
569	761
569	836
569	884
569	929
569	980
570	39
570	94
570	95
570	431
570	585
570	704
570	812
570	860
570	898
570	958
571	204
571	320
571	510
571	559
571	606
571	726
571	729
571	764
571	859
571	941
572	224
572	436
572	751
572	831
572	870
572	887
572	891
572	907
572	930
572	937
573	195
573	343
573	436
573	446
573	508
573	529
573	743
573	825
573	904
573	936
574	180
574	455
574	458
574	491
574	521
574	523
574	619
574	768
574	786
574	877
575	76
575	78
575	175
575	230
575	330
575	525
575	629
575	839
575	857
575	873
576	447
576	677
576	736
576	779
576	824
576	933
576	944
576	960
576	962
576	999
577	373
577	477
577	578
577	663
577	750
577	813
577	899
577	924
577	928
577	941
578	226
578	351
578	389
578	530
578	577
578	949
578	971
578	977
578	981
578	999
579	419
579	678
579	691
579	693
579	819
579	936
579	965
579	977
579	981
579	982
580	347
580	694
580	752
580	766
580	849
580	878
580	933
580	959
580	961
580	998
581	162
581	403
581	547
581	554
581	566
581	655
581	751
581	759
581	933
581	941
582	239
582	415
582	511
582	536
582	774
582	845
582	895
582	932
582	953
582	960
583	96
583	194
583	343
583	392
583	487
583	609
583	803
583	817
583	822
583	991
584	92
584	368
584	425
584	746
584	811
584	823
584	866
584	948
584	984
584	997
585	225
585	464
585	569
585	570
585	679
585	701
585	706
585	847
585	850
585	976
586	16
586	269
586	311
586	344
586	444
586	623
586	669
586	752
586	810
586	828
587	42
587	160
587	511
587	551
587	563
587	637
587	680
587	699
587	864
587	873
588	215
588	297
588	390
588	559
588	703
588	714
588	720
588	823
588	860
588	880
589	198
589	238
589	348
589	423
589	444
589	457
589	467
589	504
589	514
589	566
590	114
590	116
590	130
590	215
590	271
590	597
590	868
590	945
590	954
590	959
591	85
591	509
591	528
591	630
591	823
591	888
591	900
591	937
591	960
591	966
592	88
592	127
592	276
592	350
592	480
592	494
592	532
592	594
592	810
592	916
593	190
593	261
593	662
593	738
593	761
593	778
593	866
593	935
593	936
593	941
594	183
594	360
594	368
594	434
594	592
594	614
594	783
594	905
594	928
594	990
595	34
595	336
595	506
595	655
595	697
595	722
595	788
595	792
595	837
595	935
596	34
596	373
596	507
596	510
596	670
596	697
596	786
596	899
596	962
596	997
597	196
597	197
597	229
597	590
597	656
597	689
597	695
597	791
597	940
597	948
598	57
598	102
598	406
598	630
598	689
598	844
598	910
598	916
598	942
598	980
599	141
599	181
599	334
599	447
599	483
599	627
599	650
599	698
599	800
599	858
600	262
600	404
600	552
600	633
600	648
600	684
600	731
600	742
600	783
600	916
601	17
601	42
601	214
601	300
601	355
601	453
601	456
601	476
601	522
601	976
602	40
602	248
602	443
602	511
602	605
602	637
602	651
602	771
602	827
602	838
603	147
603	229
603	462
603	644
603	666
603	775
603	853
603	896
603	906
603	953
604	82
604	235
604	295
604	315
604	345
604	401
604	405
604	478
604	918
604	958
605	84
605	119
605	138
605	302
605	568
605	602
605	820
605	947
605	978
605	993
606	407
606	491
606	520
606	571
606	690
606	758
606	846
606	912
606	973
606	974
607	122
607	218
607	337
607	555
607	559
607	777
607	802
607	860
607	876
607	942
608	464
608	559
608	676
608	731
608	818
608	865
608	897
608	913
608	986
608	988
609	152
609	175
609	259
609	430
609	541
609	548
609	583
609	852
609	973
609	978
610	22
610	57
610	58
610	434
610	493
610	540
610	731
610	848
610	936
610	955
611	47
611	187
611	215
611	271
611	321
611	423
611	434
611	654
611	890
611	921
612	61
612	136
612	348
612	350
612	401
612	435
612	614
612	785
612	901
612	929
613	13
613	257
613	267
613	325
613	338
613	406
613	632
613	761
613	787
613	946
614	24
614	114
614	405
614	594
614	612
614	802
614	823
614	829
614	881
614	971
615	83
615	239
615	333
615	436
615	482
615	630
615	775
615	839
615	937
615	999
616	165
616	658
616	661
616	695
616	791
616	848
616	858
616	882
616	915
616	932
617	65
617	161
617	177
617	204
617	676
617	711
617	790
617	805
617	837
617	859
618	12
618	101
618	325
618	361
618	371
618	634
618	636
618	882
618	935
618	996
619	161
619	241
619	253
619	392
619	450
619	494
619	574
619	621
619	655
619	694
620	33
620	395
620	747
620	749
620	784
620	789
620	819
620	952
620	977
620	984
621	488
621	619
621	712
621	714
621	753
621	839
621	924
621	956
621	965
621	979
622	161
622	173
622	379
622	433
622	474
622	498
622	685
622	758
622	943
622	959
623	422
623	474
623	494
623	586
623	677
623	742
623	793
623	877
623	923
623	985
624	146
624	381
624	448
624	525
624	562
624	801
624	863
624	890
624	904
624	946
625	22
625	207
625	234
625	287
625	414
625	704
625	799
625	900
625	931
625	979
626	71
626	80
626	136
626	157
626	354
626	689
626	780
626	839
626	899
626	928
626	936
627	188
627	369
627	448
627	500
627	599
627	768
627	799
627	880
627	943
627	944
627	967
628	13
628	139
628	233
628	481
628	678
628	709
628	809
628	857
628	916
628	970
628	978
629	49
629	194
629	293
629	423
629	463
629	473
629	575
629	811
629	858
629	876
629	887
630	30
630	47
630	178
630	380
630	591
630	598
630	615
630	746
630	785
630	924
630	952
631	86
631	281
631	410
631	470
631	525
631	701
631	759
631	794
631	804
631	900
631	991
632	362
632	414
632	551
632	613
632	633
632	659
632	693
632	712
632	915
632	930
632	992
633	17
633	24
633	123
633	266
633	346
633	348
633	513
633	600
633	632
633	688
633	964
634	97
634	100
634	439
634	618
634	748
634	777
634	782
634	794
634	854
634	867
634	905
635	63
635	111
635	501
635	783
635	811
635	812
635	837
635	849
635	900
635	963
635	994
636	161
636	186
636	187
636	250
636	519
636	618
636	662
636	781
636	898
636	933
636	946
637	52
637	238
637	312
637	364
637	557
637	563
637	587
637	602
637	758
637	772
637	928
638	23
638	124
638	386
638	395
638	531
638	551
638	652
638	826
638	852
638	929
638	994
639	69
639	285
639	411
639	650
639	754
639	832
639	840
639	906
639	952
639	967
639	989
640	65
640	94
640	285
640	338
640	546
640	742
640	775
640	808
640	810
640	847
640	890
641	95
641	115
641	394
641	665
641	693
641	775
641	825
641	829
641	902
641	928
641	938
642	253
642	430
642	485
642	688
642	710
642	771
642	796
642	914
642	915
642	919
642	942
643	14
643	33
643	122
643	256
643	483
643	541
643	676
643	854
643	891
643	942
643	1000
644	89
644	91
644	232
644	404
644	408
644	561
644	603
644	650
644	767
644	779
644	879
645	41
645	126
645	154
645	182
645	271
645	314
645	361
645	741
645	844
645	884
645	912
646	31
646	108
646	240
646	291
646	544
646	562
646	653
646	719
646	775
646	903
646	975
647	282
647	285
647	719
647	720
647	862
647	914
647	918
647	941
647	968
647	977
647	985
648	12
648	173
648	208
648	341
648	367
648	435
648	463
648	600
648	875
648	900
648	907
649	157
649	201
649	209
649	284
649	306
649	324
649	538
649	720
649	834
649	917
649	961
650	24
650	133
650	440
650	599
650	639
650	644
650	692
650	853
650	872
650	891
650	914
651	177
651	457
651	509
651	602
651	732
651	776
651	789
651	802
651	905
651	911
651	959
652	206
652	355
652	378
652	481
652	638
652	659
652	699
652	838
652	887
652	888
652	894
653	33
653	335
653	370
653	398
653	429
653	646
653	844
653	878
653	924
653	958
653	988
654	32
654	93
654	96
654	348
654	358
654	501
654	611
654	710
654	752
654	758
654	807
655	90
655	215
655	500
655	581
655	595
655	619
655	762
655	855
655	885
655	894
655	996
656	29
656	103
656	125
656	263
656	293
656	597
656	660
656	860
656	861
656	865
656	945
657	25
657	154
657	382
657	443
657	523
657	569
657	771
657	797
657	805
657	857
657	878
658	247
658	294
658	300
658	616
658	703
658	712
658	734
658	763
658	895
658	929
658	983
659	21
659	296
659	349
659	417
659	632
659	652
659	711
659	764
659	827
659	861
659	876
660	9
660	45
660	306
660	322
660	536
660	549
660	656
660	697
660	946
660	952
660	992
661	148
661	167
661	213
661	273
661	302
661	426
661	616
661	792
661	930
661	931
661	946
662	19
662	63
662	280
662	567
662	593
662	636
662	744
662	803
662	880
662	908
662	978
663	14
663	299
663	409
663	433
663	434
663	577
663	737
663	786
663	875
663	926
663	968
664	138
664	170
664	193
664	213
664	376
664	451
664	518
664	689
664	822
664	833
664	845
665	13
665	531
665	641
665	776
665	778
665	854
665	898
665	941
665	949
665	963
665	964
666	279
666	472
666	485
666	491
666	498
666	603
666	681
666	844
666	957
666	984
666	1000
667	53
667	167
667	332
667	507
667	561
667	708
667	782
667	851
667	922
667	968
667	988
668	184
668	243
668	281
668	373
668	395
668	524
668	670
668	677
668	861
668	902
668	970
669	280
669	503
669	522
669	586
669	792
669	810
669	878
669	902
669	921
669	963
669	983
670	53
670	137
670	198
670	276
670	324
670	596
670	668
670	786
670	789
670	844
670	940
671	83
671	127
671	679
671	777
671	784
671	812
671	814
671	843
671	923
671	933
671	988
672	131
672	299
672	448
672	688
672	718
672	748
672	770
672	906
672	951
672	966
672	994
673	28
673	338
673	351
673	533
673	678
673	698
673	743
673	795
673	899
673	928
673	969
674	314
674	441
674	515
674	521
674	721
674	765
674	853
674	855
674	914
674	940
674	974
675	261
675	381
675	708
675	729
675	829
675	853
675	879
675	939
675	966
675	969
675	978
676	120
676	393
676	462
676	608
676	617
676	643
676	819
676	890
676	898
676	959
676	980
677	363
677	381
677	472
677	576
677	623
677	668
677	812
677	881
677	939
677	958
677	992
678	99
678	108
678	307
678	391
678	579
678	628
678	673
678	794
678	837
678	849
678	954
679	101
679	254
679	264
679	284
679	288
679	526
679	585
679	671
679	850
679	851
679	910
680	250
680	303
680	452
680	587
680	785
680	809
680	854
680	876
680	912
680	940
680	979
681	229
681	247
681	449
681	495
681	527
681	666
681	691
681	760
681	843
681	958
681	997
682	26
682	289
682	685
682	715
682	808
682	816
682	850
682	882
682	896
682	964
682	996
683	188
683	196
683	226
683	428
683	463
683	490
683	555
683	726
683	891
683	939
683	985
684	162
684	340
684	361
684	445
684	600
684	730
684	821
684	862
684	878
684	961
684	965
685	11
685	90
685	267
685	622
685	682
685	714
685	730
685	762
685	840
685	898
685	922
686	31
686	133
686	176
686	190
686	255
686	728
686	751
686	831
686	943
686	953
686	961
687	223
687	323
687	456
687	469
687	525
687	797
687	815
687	849
687	899
687	937
687	973
688	135
688	266
688	275
688	342
688	633
688	642
688	672
688	704
688	711
688	740
688	752
688	861
689	53
689	62
689	470
689	522
689	541
689	597
689	598
689	626
689	664
689	713
689	816
689	830
690	17
690	233
690	242
690	436
690	516
690	557
690	606
690	702
690	760
690	771
690	872
690	924
691	118
691	327
691	503
691	550
691	579
691	681
691	784
691	793
691	835
691	925
691	929
691	941
692	103
692	190
692	251
692	315
692	399
692	474
692	650
692	709
692	768
692	816
692	856
692	959
693	252
693	437
693	508
693	579
693	632
693	641
693	744
693	749
693	896
693	953
693	957
693	983
694	73
694	114
694	174
694	389
694	580
694	619
694	747
694	781
694	825
694	970
694	976
694	980
695	163
695	206
695	326
695	371
695	597
695	616
695	831
695	847
695	863
695	886
695	923
695	969
696	3
696	74
696	319
696	450
696	468
696	741
696	746
696	789
696	818
696	884
696	938
696	996
697	181
697	211
697	255
697	330
697	430
697	595
697	596
697	660
697	809
697	818
697	881
697	937
698	27
698	143
698	237
698	319
698	418
698	496
698	599
698	673
698	817
698	856
698	889
698	902
699	173
699	263
699	327
699	461
699	527
699	587
699	652
699	721
699	743
699	856
699	866
699	920
700	235
700	269
700	274
700	377
700	749
700	757
700	765
700	821
700	875
700	915
700	963
700	976
701	124
701	375
701	389
701	460
701	470
701	585
701	631
701	826
701	871
701	902
701	909
701	921
702	108
702	115
702	245
702	281
702	308
702	355
702	545
702	550
702	690
702	750
702	832
702	859
703	318
703	326
703	399
703	462
703	475
703	561
703	588
703	658
703	729
703	793
703	871
703	930
704	549
704	570
704	625
704	688
704	768
704	770
704	858
704	903
704	905
704	919
704	937
704	999
705	104
705	253
705	286
705	417
705	434
705	528
705	548
705	738
705	793
705	803
705	856
705	894
706	205
706	283
706	452
706	585
706	755
706	880
706	934
706	936
706	959
706	968
706	978
706	996
707	237
707	339
707	349
707	353
707	378
707	393
707	471
707	720
707	758
707	912
707	950
707	973
708	234
708	295
708	329
708	445
708	483
708	667
708	675
708	790
708	800
708	910
708	924
708	983
709	61
709	114
709	122
709	294
709	400
709	418
709	550
709	628
709	692
709	768
709	920
709	962
710	2
710	119
710	126
710	233
710	312
710	346
710	426
710	642
710	654
710	725
710	787
710	932
711	57
711	72
711	148
711	346
711	407
711	617
711	659
711	688
711	792
711	921
711	972
711	995
712	329
712	465
712	500
712	524
712	621
712	632
712	658
712	845
712	883
712	921
712	943
712	987
713	42
713	86
713	201
713	203
713	458
713	514
713	689
713	848
713	870
713	916
713	948
713	996
714	129
714	249
714	288
714	309
714	588
714	621
714	685
714	872
714	873
714	935
714	986
714	988
715	27
715	201
715	220
715	270
715	567
715	682
715	728
715	760
715	819
715	829
715	982
715	991
716	225
716	269
716	467
716	495
716	763
716	799
716	814
716	825
716	859
716	946
716	955
716	989
717	21
717	477
717	552
717	781
717	790
717	805
717	886
717	890
717	896
717	916
717	918
717	963
718	28
718	241
718	276
718	453
718	469
718	672
718	728
718	784
718	892
718	947
718	962
718	974
719	153
719	236
719	486
719	510
719	646
719	647
719	733
719	857
719	858
719	869
719	871
719	911
720	169
720	230
720	263
720	266
720	283
720	375
720	468
720	549
720	588
720	647
720	649
720	707
721	167
721	492
721	518
721	565
721	674
721	699
721	773
721	825
721	886
721	957
721	969
721	981
722	339
722	385
722	465
722	563
722	595
722	755
722	789
722	875
722	937
722	939
722	967
722	993
723	123
723	262
723	301
723	331
723	412
723	464
723	485
723	548
723	724
723	746
723	870
723	976
724	50
724	118
724	153
724	189
724	326
724	406
724	457
724	516
724	723
724	726
724	963
724	965
725	162
725	240
725	267
725	403
725	452
725	484
725	710
725	835
725	842
725	889
725	923
725	930
726	127
726	157
726	288
726	440
726	504
726	571
726	683
726	724
726	849
726	918
726	961
726	966
727	71
727	145
727	179
727	342
727	441
727	480
727	766
727	886
727	913
727	942
727	953
727	960
728	142
728	248
728	459
728	506
728	507
728	532
728	686
728	715
728	718
728	804
728	882
728	936
729	121
729	394
729	571
729	675
729	703
729	753
729	761
729	772
729	803
729	849
729	872
729	976
730	15
730	46
730	193
730	222
730	226
730	295
730	537
730	684
730	685
730	735
730	876
730	988
731	210
731	360
731	460
731	483
731	532
731	600
731	608
731	610
731	772
731	885
731	962
731	981
732	19
732	26
732	44
732	221
732	231
732	252
732	651
732	755
732	875
732	943
732	950
732	952
733	122
733	303
733	324
733	374
733	483
733	558
733	564
733	719
733	832
733	855
733	895
733	931
734	104
734	203
734	371
734	500
734	502
734	658
734	748
734	790
734	812
734	838
734	876
734	934
735	225
735	395
735	499
735	730
735	738
735	885
735	896
735	911
735	929
735	969
735	975
735	983
736	268
736	407
736	502
736	526
736	569
736	576
736	742
736	769
736	826
736	894
736	978
736	1000
737	10
737	158
737	254
737	313
737	426
737	444
737	452
737	561
737	663
737	884
737	965
737	1000
738	42
738	474
738	488
738	542
738	593
738	705
738	735
738	755
738	804
738	845
738	865
738	943
739	110
739	388
739	544
739	817
739	868
739	924
739	930
739	955
739	974
739	989
739	991
739	994
740	57
740	270
740	339
740	412
740	450
740	549
740	556
740	688
740	885
740	932
740	988
740	992
741	113
741	241
741	274
741	332
741	347
741	479
741	562
741	645
741	696
741	814
741	877
741	970
742	10
742	196
742	222
742	360
742	454
742	527
742	549
742	600
742	623
742	640
742	736
742	970
743	33
743	115
743	250
743	434
743	569
743	573
743	673
743	699
743	794
743	880
743	896
743	901
744	15
744	81
744	137
744	450
744	662
744	693
744	813
744	815
744	835
744	954
744	973
744	983
745	86
745	190
745	251
745	301
745	392
745	437
745	442
745	514
745	525
745	919
745	944
745	999
746	170
746	199
746	268
746	317
746	356
746	397
746	584
746	630
746	696
746	723
746	792
746	808
747	59
747	149
747	293
747	347
747	363
747	471
747	506
747	620
747	694
747	812
747	881
747	918
748	137
748	420
748	436
748	484
748	527
748	634
748	672
748	734
748	832
748	924
748	935
748	939
748	956
749	195
749	313
749	352
749	415
749	507
749	510
749	520
749	620
749	693
749	700
749	777
749	780
749	819
750	1
750	115
750	186
750	442
750	561
750	577
750	702
750	765
750	814
750	816
750	818
750	928
750	977
751	298
751	422
751	544
751	572
751	581
751	686
751	764
751	801
751	803
751	820
751	869
751	882
751	931
752	243
752	250
752	424
752	558
752	580
752	586
752	654
752	688
752	841
752	874
752	888
752	903
752	947
753	61
753	371
753	384
753	420
753	505
753	621
753	729
753	797
753	850
753	877
753	889
753	962
753	974
754	78
754	230
754	258
754	368
754	459
754	494
754	639
754	756
754	904
754	941
754	942
754	956
754	990
755	151
755	341
755	459
755	706
755	722
755	732
755	738
755	877
755	915
755	927
755	947
755	961
755	971
756	113
756	198
756	386
756	404
756	443
756	754
756	811
756	816
756	835
756	881
756	883
756	891
756	957
757	46
757	185
757	305
757	375
757	543
757	700
757	784
757	797
757	801
757	821
757	822
757	891
757	989
758	157
758	369
758	606
758	622
758	637
758	654
758	707
758	922
758	935
758	936
758	958
758	960
758	970
759	11
759	62
759	151
759	397
759	470
759	501
759	557
759	581
759	631
759	764
759	816
759	881
759	967
760	235
760	287
760	411
760	461
760	529
760	681
760	690
760	715
760	813
760	869
760	902
760	908
760	996
761	3
761	391
761	484
761	485
761	569
761	593
761	613
761	729
761	784
761	852
761	879
761	962
761	994
762	48
762	273
762	296
762	368
762	416
762	555
762	567
762	655
762	685
762	879
762	909
762	981
762	985
763	26
763	40
763	278
763	312
763	335
763	395
763	406
763	456
763	552
763	658
763	716
763	905
763	951
764	132
764	221
764	306
764	416
764	491
764	518
764	571
764	659
764	751
764	759
764	847
764	966
764	979
765	261
765	394
765	445
765	448
765	501
765	674
765	700
765	750
765	854
765	875
765	910
765	989
765	995
766	247
766	258
766	292
766	406
766	409
766	547
766	554
766	558
766	580
766	727
766	813
766	990
766	996
767	70
767	148
767	152
767	399
767	522
767	644
767	787
767	789
767	809
767	843
767	888
767	918
767	952
768	116
768	273
768	276
768	278
768	419
768	574
768	627
768	692
768	704
768	709
768	769
768	938
768	973
769	258
769	495
769	736
769	768
769	848
769	859
769	883
769	892
769	896
769	926
769	975
769	985
769	987
770	2
770	189
770	334
770	343
770	672
770	704
770	799
770	893
770	905
770	921
770	937
770	947
770	977
771	331
771	469
771	524
771	602
771	642
771	657
771	690
771	783
771	788
771	799
771	814
771	879
771	997
772	5
772	279
772	309
772	349
772	402
772	555
772	637
772	729
772	731
772	808
772	830
772	862
772	996
773	52
773	72
773	160
773	309
773	353
773	422
773	478
773	721
773	788
773	801
773	914
773	930
773	965
774	18
774	96
774	132
774	155
774	255
774	272
774	582
774	802
774	871
774	892
774	916
774	932
774	979
775	54
775	316
775	357
775	511
775	514
775	540
775	603
775	615
775	640
775	641
775	646
775	841
775	996
776	279
776	288
776	338
776	384
776	427
776	651
776	665
776	791
776	832
776	853
776	891
776	917
776	988
777	121
777	217
777	219
777	477
777	607
777	634
777	671
777	749
777	782
777	799
777	867
777	926
777	940
778	172
778	302
778	340
778	405
778	457
778	523
778	552
778	593
778	665
778	971
778	986
778	987
778	997
779	134
779	174
779	335
779	384
779	421
779	576
779	644
779	813
779	965
779	981
779	985
779	989
779	997
780	29
780	49
780	236
780	378
780	392
780	454
780	480
780	563
780	626
780	749
780	784
780	851
780	891
781	9
781	211
781	356
781	484
781	487
781	489
781	568
781	636
781	694
781	717
781	798
781	803
781	947
782	266
782	337
782	346
782	634
782	667
782	777
782	805
782	862
782	872
782	888
782	917
782	940
782	982
783	145
783	211
783	292
783	318
783	326
783	387
783	422
783	433
783	594
783	600
783	635
783	771
783	941
784	53
784	85
784	366
784	469
784	620
784	671
784	691
784	718
784	757
784	761
784	780
784	901
784	975
785	190
785	280
785	292
785	385
785	446
785	461
785	612
785	630
785	680
785	856
785	920
785	924
785	959
786	48
786	272
786	366
786	403
786	465
786	508
786	536
786	545
786	574
786	596
786	663
786	670
786	886
787	28
787	34
787	41
787	332
787	613
787	710
787	767
787	829
787	868
787	880
787	920
787	979
787	981
787	991
788	16
788	211
788	443
788	493
788	535
788	595
788	771
788	773
788	790
788	814
788	824
788	895
788	928
788	956
789	168
789	373
789	379
789	519
789	547
789	620
789	651
789	670
789	696
789	722
789	767
789	801
789	818
789	905
790	336
790	371
790	438
790	546
790	617
790	708
790	717
790	734
790	788
790	796
790	825
790	863
790	943
790	984
791	176
791	257
791	265
791	302
791	419
791	433
791	455
791	489
791	597
791	616
791	776
791	804
791	899
791	991
792	233
792	311
792	352
792	391
792	476
792	525
792	595
792	661
792	669
792	711
792	746
792	838
792	870
792	962
793	154
793	211
793	235
793	310
793	566
793	623
793	691
793	703
793	705
793	841
793	842
793	871
793	888
793	974
794	238
794	410
794	483
794	631
794	634
794	678
794	743
794	815
794	822
794	828
794	874
794	923
794	950
794	989
795	80
795	99
795	327
795	510
795	533
795	673
795	798
795	834
795	846
795	853
795	855
795	863
795	880
795	908
796	27
796	108
796	292
796	467
796	548
796	556
796	562
796	642
796	790
796	820
796	913
796	932
796	942
796	949
797	30
797	138
797	202
797	204
797	316
797	418
797	657
797	687
797	753
797	757
797	802
797	972
797	986
797	988
798	81
798	132
798	135
798	418
798	471
798	541
798	553
798	781
798	795
798	913
798	968
798	981
798	989
798	990
799	55
799	431
799	625
799	627
799	716
799	770
799	771
799	777
799	804
799	805
799	877
799	901
799	958
799	986
800	68
800	81
800	86
800	364
800	423
800	433
800	480
800	565
800	599
800	708
800	847
800	895
800	899
800	917
801	53
801	246
801	322
801	624
801	751
801	757
801	773
801	789
801	806
801	864
801	875
801	914
801	936
801	999
802	99
802	495
802	546
802	561
802	566
802	607
802	614
802	651
802	774
802	797
802	846
802	863
802	902
802	961
803	259
803	392
803	583
803	662
803	705
803	729
803	751
803	781
803	876
803	903
803	925
803	940
803	943
803	960
804	50
804	105
804	432
804	488
804	631
804	728
804	738
804	791
804	799
804	808
804	937
804	941
804	960
804	992
805	163
805	416
805	428
805	455
805	617
805	657
805	717
805	782
805	799
805	807
805	892
805	918
805	955
805	962
806	12
806	65
806	66
806	341
806	402
806	443
806	464
806	801
806	826
806	829
806	851
806	917
806	982
806	992
807	13
807	35
807	97
807	262
807	290
807	439
807	440
807	654
807	805
807	818
807	822
807	892
807	919
807	1000
808	7
808	46
808	134
808	367
808	534
808	640
808	682
808	746
808	772
808	804
808	838
808	849
808	887
808	998
809	282
809	366
809	516
809	534
809	628
809	680
809	697
809	767
809	811
809	813
809	862
809	920
809	939
809	965
810	31
810	46
810	56
810	126
810	192
810	263
810	441
810	448
810	586
810	592
810	640
810	669
810	835
810	972
811	176
811	416
811	477
811	584
811	629
811	635
811	756
811	809
811	856
811	919
811	924
811	933
811	935
811	977
812	119
812	425
812	472
812	570
812	635
812	671
812	677
812	734
812	747
812	839
812	858
812	859
812	910
812	970
813	46
813	231
813	393
813	522
813	577
813	744
813	760
813	766
813	779
813	809
813	881
813	938
813	968
813	983
814	79
814	256
814	388
814	413
814	554
814	671
814	716
814	741
814	750
814	771
814	788
814	907
814	912
814	948
815	69
815	257
815	283
815	321
815	354
815	482
815	487
815	533
815	687
815	744
815	794
815	850
815	932
815	970
816	435
816	479
816	682
816	689
816	692
816	750
816	756
816	759
816	859
816	884
816	891
816	930
816	951
816	998
817	7
817	121
817	156
817	320
817	339
817	363
817	453
817	583
817	698
817	739
817	872
817	875
817	935
817	964
818	256
818	378
818	415
818	488
818	538
818	560
818	608
818	696
818	697
818	750
818	789
818	807
818	867
818	872
819	25
819	94
819	281
819	284
819	503
819	534
819	579
819	620
819	676
819	715
819	749
819	911
819	970
819	986
820	29
820	43
820	132
820	314
820	390
820	467
820	518
820	605
820	751
820	796
820	905
820	907
820	914
820	918
821	73
821	243
821	297
821	538
821	684
821	700
821	757
821	839
821	843
821	845
821	867
821	871
821	896
821	984
822	103
822	155
822	170
822	428
822	435
822	459
822	512
822	583
822	664
822	757
822	794
822	807
822	942
822	991
823	62
823	130
823	217
823	432
823	451
823	541
823	549
823	584
823	588
823	591
823	614
823	865
823	979
823	984
824	115
824	237
824	253
824	321
824	410
824	449
824	450
824	453
824	576
824	788
824	869
824	886
824	941
824	990
825	39
825	216
825	367
825	381
825	398
825	573
825	641
825	694
825	716
825	721
825	790
825	873
825	899
825	919
826	161
826	356
826	424
826	508
826	512
826	638
826	701
826	736
826	806
826	831
826	864
826	918
826	948
826	952
827	201
827	205
827	226
827	376
827	414
827	602
827	659
827	834
827	884
827	910
827	966
827	969
827	982
827	998
828	111
828	199
828	207
828	264
828	425
828	504
828	586
828	794
828	843
828	852
828	905
828	929
828	954
828	985
829	141
829	322
829	360
829	502
829	521
829	614
829	641
829	675
829	715
829	787
829	806
829	889
829	927
829	985
830	10
830	46
830	64
830	153
830	177
830	314
830	318
830	371
830	447
830	689
830	772
830	889
830	926
830	941
831	19
831	163
831	429
831	498
831	546
831	572
831	686
831	695
831	826
831	895
831	921
831	937
831	938
831	947
832	3
832	5
832	89
832	91
832	639
832	702
832	733
832	748
832	776
832	893
832	908
832	943
832	959
832	999
833	109
833	169
833	212
833	228
833	362
833	455
833	492
833	539
833	664
833	876
833	933
833	968
833	974
833	988
834	44
834	77
834	111
834	341
834	358
834	649
834	795
834	827
834	841
834	842
834	873
834	914
834	986
834	997
835	106
835	113
835	156
835	297
835	691
835	725
835	744
835	756
835	810
835	848
835	851
835	885
835	921
835	993
836	21
836	232
836	247
836	280
836	335
836	421
836	467
836	519
836	569
836	882
836	892
836	893
836	938
836	991
837	61
837	200
837	231
837	293
837	294
837	339
837	595
837	617
837	635
837	678
837	840
837	904
837	922
837	995
838	100
838	233
838	289
838	408
838	436
838	441
838	480
838	602
838	652
838	734
838	792
838	808
838	955
838	992
839	81
839	90
839	158
839	360
839	427
839	575
839	615
839	621
839	626
839	812
839	821
839	869
839	881
839	994
840	67
840	178
840	220
840	358
840	530
840	537
840	539
840	542
840	639
840	685
840	837
840	952
840	975
840	989
841	67
841	178
841	313
841	389
841	498
841	528
841	560
841	752
841	775
841	793
841	834
841	849
841	936
841	967
842	24
842	150
842	151
842	199
842	290
842	494
842	566
842	725
842	793
842	834
842	873
842	957
842	965
842	995
843	8
843	166
843	461
843	535
843	564
843	671
843	681
843	767
843	821
843	828
843	867
843	874
843	899
843	966
844	56
844	207
844	410
844	472
844	495
844	551
844	598
844	645
844	653
844	666
844	670
844	913
844	945
844	980
845	50
845	177
845	400
845	438
845	582
845	664
845	712
845	738
845	821
845	926
845	951
845	965
845	986
845	994
846	44
846	75
846	98
846	100
846	360
846	386
846	526
846	556
846	606
846	795
846	802
846	890
846	918
846	938
846	982
847	4
847	84
847	179
847	217
847	304
847	321
847	440
847	462
847	585
847	640
847	695
847	764
847	800
847	884
847	982
848	128
848	283
848	401
848	519
848	610
848	616
848	713
848	769
848	835
848	857
848	910
848	914
848	940
848	971
848	997
849	197
849	365
849	461
849	580
849	635
849	678
849	687
849	726
849	729
849	808
849	841
849	946
849	970
849	978
849	995
850	7
850	10
850	164
850	388
850	431
850	508
850	567
850	585
850	679
850	682
850	753
850	815
850	871
850	945
850	999
851	69
851	145
851	299
851	321
851	374
851	421
851	509
851	535
851	667
851	679
851	780
851	806
851	835
851	954
851	983
852	150
852	223
852	243
852	265
852	297
852	304
852	305
852	568
852	609
852	638
852	761
852	828
852	893
852	918
852	990
853	50
853	54
853	168
853	315
853	421
853	449
853	466
853	603
853	650
853	674
853	675
853	776
853	795
853	918
853	928
854	171
854	192
854	195
854	293
854	385
854	394
854	403
854	533
854	534
854	634
854	643
854	665
854	680
854	765
854	993
855	34
855	139
855	310
855	326
855	489
855	567
855	655
855	674
855	733
855	795
855	867
855	923
855	958
855	982
855	998
856	72
856	275
856	393
856	414
856	486
856	692
856	698
856	699
856	705
856	785
856	811
856	857
856	952
856	989
856	997
857	227
857	476
857	510
857	535
857	575
857	628
857	657
857	719
857	848
857	856
857	863
857	894
857	922
857	975
857	998
858	163
858	168
858	372
858	599
858	616
858	629
858	704
858	719
858	812
858	878
858	897
858	908
858	919
858	948
858	984
859	104
859	289
859	515
859	571
859	617
859	702
859	716
859	769
859	812
859	816
859	887
859	893
859	912
859	915
859	970
860	29
860	156
860	165
860	243
860	346
860	570
860	588
860	607
860	656
860	908
860	917
860	937
860	966
860	974
860	999
861	131
861	240
861	303
861	390
861	394
861	656
861	659
861	668
861	688
861	897
861	930
861	945
861	948
861	971
861	974
862	142
862	358
862	451
862	488
862	559
862	566
862	647
862	684
862	772
862	782
862	809
862	881
862	904
862	926
862	970
863	72
863	120
863	332
863	366
863	455
863	624
863	695
863	790
863	795
863	802
863	857
863	916
863	953
863	980
863	992
864	36
864	489
864	513
864	587
864	801
864	826
864	869
864	894
864	900
864	903
864	906
864	910
864	917
864	931
864	957
865	203
865	221
865	293
865	324
865	377
865	400
865	439
865	567
865	608
865	656
865	738
865	823
865	884
865	911
865	946
866	67
866	385
866	389
866	406
866	459
866	463
866	528
866	547
866	584
866	593
866	699
866	873
866	944
866	958
866	966
867	4
867	134
867	305
867	403
867	482
867	538
867	543
867	634
867	777
867	818
867	821
867	843
867	855
867	874
867	920
868	103
868	147
868	182
868	288
868	300
868	357
868	493
868	546
868	590
868	739
868	787
868	898
868	928
868	984
868	996
869	107
869	125
869	159
869	362
869	423
869	479
869	719
869	751
869	760
869	824
869	839
869	864
869	870
869	975
869	985
870	74
870	106
870	208
870	418
870	435
870	499
870	518
870	572
870	713
870	723
870	792
870	869
870	902
870	971
870	974
871	296
871	382
871	561
871	701
871	703
871	719
871	774
871	793
871	821
871	850
871	880
871	925
871	966
871	967
871	971
872	16
872	117
872	261
872	357
872	502
872	521
872	545
872	650
872	690
872	714
872	729
872	782
872	817
872	818
872	979
873	265
873	460
873	575
873	587
873	714
873	825
873	834
873	842
873	866
873	880
873	887
873	917
873	959
873	980
873	991
874	66
874	179
874	184
874	320
874	410
874	415
874	513
874	519
874	752
874	794
874	843
874	867
874	903
874	945
874	990
875	117
875	359
875	387
875	523
875	545
875	648
875	663
875	700
875	722
875	732
875	765
875	801
875	817
875	920
875	969
876	35
876	110
876	396
876	405
876	490
876	607
876	629
876	659
876	680
876	730
876	734
876	803
876	833
876	883
876	944
876	953
877	51
877	113
877	229
877	385
877	542
877	574
877	623
877	741
877	753
877	755
877	799
877	920
877	931
877	953
877	962
877	968
878	199
878	230
878	245
878	287
878	453
878	461
878	488
878	551
878	580
878	653
878	657
878	669
878	684
878	858
878	917
878	996
879	40
879	247
879	384
879	409
879	461
879	505
879	558
879	644
879	675
879	761
879	762
879	771
879	913
879	974
879	986
879	987
880	94
880	110
880	121
880	156
880	270
880	390
880	588
880	627
880	662
880	706
880	743
880	787
880	795
880	871
880	873
880	901
881	58
881	178
881	248
881	411
881	445
881	499
881	614
881	677
881	697
881	747
881	756
881	759
881	813
881	839
881	862
881	1000
882	69
882	185
882	298
882	299
882	352
882	433
882	551
882	616
882	618
882	682
882	728
882	751
882	836
882	942
882	961
882	989
883	87
883	102
883	106
883	131
883	164
883	221
883	495
883	712
883	756
883	769
883	876
883	899
883	955
883	977
883	983
883	1000
884	33
884	223
884	305
884	308
884	468
884	473
884	569
884	645
884	696
884	737
884	816
884	827
884	847
884	865
884	909
884	993
885	186
885	227
885	241
885	328
885	376
885	453
885	502
885	655
885	731
885	735
885	740
885	835
885	893
885	907
885	927
885	972
886	32
886	136
886	155
886	191
886	206
886	354
886	418
886	486
886	695
886	717
886	721
886	727
886	786
886	824
886	898
886	969
887	84
887	104
887	125
887	225
887	275
887	296
887	402
887	572
887	629
887	652
887	808
887	859
887	873
887	946
887	956
887	994
888	62
888	433
888	437
888	507
888	557
888	591
888	652
888	752
888	767
888	782
888	793
888	908
888	920
888	952
888	974
888	993
889	14
889	74
889	80
889	110
889	254
889	263
889	268
889	409
889	698
889	725
889	753
889	829
889	830
889	911
889	922
889	962
890	170
890	279
890	295
890	399
890	458
890	466
890	503
890	515
890	611
890	624
890	640
890	676
890	717
890	846
890	923
890	976
891	32
891	424
891	426
891	452
891	498
891	572
891	643
891	650
891	683
891	756
891	757
891	776
891	780
891	816
891	914
891	988
892	128
892	250
892	334
892	368
892	372
892	425
892	461
892	718
892	769
892	774
892	805
892	807
892	836
892	916
892	969
892	981
893	379
893	486
893	490
893	770
893	832
893	836
893	852
893	859
893	885
893	909
893	911
893	916
893	918
893	922
893	953
893	983
894	87
894	92
894	261
894	454
894	510
894	521
894	550
894	652
894	655
894	705
894	736
894	857
894	864
894	898
894	933
894	984
895	52
895	228
895	234
895	305
895	310
895	398
895	493
895	505
895	548
895	582
895	658
895	733
895	788
895	800
895	831
895	949
896	43
896	395
896	445
896	455
896	542
896	603
896	682
896	693
896	717
896	735
896	743
896	769
896	821
896	909
896	927
896	944
897	2
897	131
897	184
897	191
897	196
897	302
897	372
897	495
897	520
897	522
897	608
897	858
897	861
897	909
897	926
897	947
898	92
898	185
898	202
898	269
898	309
898	556
898	570
898	636
898	665
898	676
898	685
898	868
898	886
898	894
898	956
898	1000
899	194
899	205
899	463
899	557
899	577
899	596
899	626
899	673
899	687
899	791
899	800
899	825
899	843
899	883
899	908
899	983
900	200
900	274
900	376
900	379
900	403
900	515
900	591
900	625
900	631
900	635
900	648
900	864
900	960
900	963
900	988
900	993
901	14
901	280
901	310
901	345
901	396
901	536
901	537
901	544
901	612
901	743
901	784
901	799
901	880
901	967
901	974
901	977
902	96
902	313
902	463
902	496
902	531
902	641
902	668
902	669
902	698
902	701
902	760
902	802
902	870
902	910
902	973
902	998
903	19
903	88
903	179
903	258
903	430
903	560
903	646
903	704
903	752
903	803
903	864
903	874
903	925
903	926
903	952
903	975
904	27
904	119
904	310
904	495
904	512
904	543
904	565
904	573
904	624
904	754
904	837
904	862
904	914
904	940
904	943
904	980
905	36
905	164
905	218
905	438
905	499
905	533
905	540
905	594
905	634
905	651
905	704
905	763
905	770
905	789
905	820
905	828
906	9
906	60
906	68
906	149
906	154
906	222
906	224
906	381
906	391
906	475
906	528
906	603
906	639
906	672
906	864
906	931
907	168
907	177
907	218
907	366
907	369
907	519
907	572
907	648
907	814
907	820
907	885
907	913
907	928
907	929
907	938
907	992
907	997
908	20
908	76
908	126
908	157
908	226
908	256
908	367
908	400
908	662
908	760
908	795
908	832
908	858
908	860
908	888
908	899
908	992
909	36
909	202
909	236
909	308
909	355
909	490
909	554
909	701
909	762
909	884
909	893
909	896
909	897
909	922
909	961
909	991
909	996
910	144
910	182
910	279
910	308
910	517
910	520
910	531
910	564
910	598
910	679
910	708
910	765
910	812
910	827
910	848
910	864
910	902
911	68
911	128
911	452
911	497
911	505
911	517
911	651
911	719
911	735
911	819
911	865
911	889
911	893
911	919
911	945
911	964
911	995
912	56
912	139
912	260
912	365
912	541
912	552
912	606
912	645
912	680
912	707
912	814
912	859
912	944
912	948
912	954
912	977
912	986
913	116
913	148
913	259
913	273
913	314
913	511
913	518
913	608
913	727
913	796
913	798
913	844
913	879
913	907
913	927
913	979
913	989
914	218
914	233
914	266
914	319
914	642
914	647
914	650
914	674
914	773
914	801
914	820
914	834
914	848
914	891
914	904
914	933
914	972
915	112
915	212
915	311
915	351
915	379
915	454
915	481
915	616
915	632
915	642
915	700
915	755
915	859
915	916
915	928
915	959
915	986
916	66
916	105
916	171
916	517
916	592
916	598
916	600
916	628
916	713
916	717
916	774
916	863
916	892
916	893
916	915
916	992
916	999
917	123
917	173
917	327
917	393
917	506
917	553
917	649
917	776
917	782
917	800
917	806
917	860
917	864
917	873
917	878
917	957
917	976
918	71
918	89
918	100
918	197
918	604
918	647
918	717
918	726
918	747
918	767
918	805
918	820
918	826
918	846
918	852
918	853
918	893
919	16
919	39
919	293
919	325
919	362
919	642
919	704
919	745
919	807
919	811
919	825
919	858
919	911
919	934
919	945
919	971
919	988
920	20
920	146
920	204
920	316
920	393
920	468
920	699
920	709
920	785
920	787
920	809
920	867
920	875
920	877
920	888
920	949
920	966
921	30
921	252
921	303
921	352
921	404
921	419
921	440
921	611
921	669
921	701
921	711
921	712
921	770
921	831
921	835
921	962
921	982
922	43
922	63
922	380
922	391
922	470
922	479
922	667
922	685
922	758
922	837
922	857
922	889
922	893
922	909
922	934
922	967
922	992
923	258
923	260
923	317
923	386
923	505
923	564
923	623
923	671
923	695
923	725
923	794
923	855
923	890
923	935
923	953
923	975
923	993
924	222
924	367
924	473
924	536
924	577
924	621
924	630
924	653
924	690
924	708
924	739
924	748
924	785
924	811
924	976
924	985
924	987
925	45
925	116
925	214
925	234
925	411
925	427
925	437
925	446
925	475
925	546
925	556
925	691
925	803
925	871
925	903
925	951
925	964
926	68
926	101
926	149
926	245
926	525
926	534
926	663
926	769
926	777
926	830
926	845
926	862
926	897
926	903
926	953
926	966
926	978
927	75
927	98
927	151
927	198
927	260
927	353
927	409
927	432
927	489
927	507
927	533
927	755
927	829
927	885
927	896
927	913
927	999
928	333
928	496
928	577
928	594
928	626
928	637
928	641
928	673
928	750
928	788
928	853
928	868
928	907
928	915
928	958
928	960
928	988
929	82
929	290
929	340
929	397
929	419
929	479
929	482
929	569
929	612
929	638
929	658
929	691
929	735
929	828
929	907
929	944
929	955
930	238
930	275
930	317
930	362
930	542
930	547
930	572
930	632
930	661
930	703
930	725
930	739
930	773
930	816
930	861
930	957
930	988
931	137
931	173
931	231
931	297
931	378
931	398
931	411
931	506
931	509
931	625
931	661
931	733
931	751
931	864
931	877
931	906
931	950
932	64
932	75
932	85
932	180
932	218
932	249
932	265
932	337
932	347
932	490
932	582
932	616
932	710
932	740
932	774
932	796
932	815
933	48
933	159
933	375
933	385
933	496
933	531
933	576
933	580
933	581
933	636
933	671
933	811
933	833
933	894
933	914
933	987
933	993
934	68
934	86
934	278
934	287
934	363
934	366
934	396
934	439
934	529
934	532
934	706
934	734
934	919
934	922
934	975
934	979
934	990
935	15
935	141
935	278
935	284
935	441
935	484
935	546
935	593
935	595
935	618
935	714
935	748
935	758
935	811
935	817
935	923
935	991
936	91
936	307
936	400
936	424
936	573
936	579
936	593
936	610
936	626
936	706
936	728
936	758
936	801
936	841
936	948
936	963
936	973
937	196
937	215
937	478
937	543
937	552
937	572
937	591
937	615
937	687
937	697
937	704
937	722
937	770
937	804
937	831
937	860
937	938
938	70
938	255
938	301
938	333
938	357
938	525
938	543
938	641
938	696
938	768
938	813
938	831
938	836
938	846
938	907
938	937
938	962
939	51
939	129
939	310
939	311
939	400
939	441
939	468
939	475
939	507
939	542
939	552
939	675
939	677
939	683
939	722
939	748
939	809
939	976
940	175
940	209
940	225
940	413
940	452
940	462
940	543
940	597
940	670
940	674
940	680
940	777
940	782
940	803
940	848
940	904
940	948
940	973
941	239
941	242
941	468
941	571
941	577
941	581
941	593
941	647
941	665
941	691
941	754
941	783
941	804
941	824
941	830
941	972
941	979
941	990
942	56
942	59
942	152
942	290
942	442
942	462
942	489
942	598
942	607
942	642
942	643
942	727
942	754
942	796
942	822
942	882
942	951
942	956
943	18
943	216
943	384
943	466
943	483
943	492
943	622
943	627
943	686
943	712
943	732
943	738
943	790
943	803
943	832
943	904
943	946
943	965
944	5
944	20
944	172
944	252
944	294
944	382
944	428
944	503
944	520
944	524
944	576
944	627
944	745
944	866
944	876
944	896
944	912
944	929
945	25
945	58
945	219
945	241
945	311
945	377
945	411
945	458
945	488
945	539
945	590
945	656
945	844
945	850
945	861
945	874
945	911
945	919
946	93
946	323
946	426
946	433
946	508
946	613
946	624
946	636
946	660
946	661
946	716
946	849
946	865
946	887
946	943
946	951
946	960
946	976
947	53
947	75
947	119
947	186
947	304
947	328
947	358
947	481
947	505
947	535
947	605
947	718
947	752
947	755
947	770
947	781
947	831
947	897
948	14
948	85
948	277
948	332
948	553
948	584
948	597
948	713
948	814
948	826
948	858
948	861
948	912
948	936
948	940
948	956
948	978
948	999
949	9
949	116
949	133
949	365
949	383
949	428
949	454
949	459
949	466
949	478
949	516
949	578
949	665
949	796
949	895
949	920
949	967
949	972
950	18
950	22
950	99
950	159
950	171
950	187
950	192
950	198
950	429
950	467
950	481
950	539
950	707
950	732
950	794
950	931
950	968
950	970
951	37
951	59
951	146
951	241
951	286
951	397
951	465
951	489
951	563
951	672
951	763
951	816
951	845
951	925
951	942
951	946
951	954
951	981
952	38
952	125
952	171
952	333
952	376
952	404
952	620
952	630
952	639
952	660
952	732
952	767
952	826
952	840
952	856
952	888
952	903
952	955
953	31
953	38
953	43
953	417
953	469
953	506
953	582
953	603
953	686
953	693
953	727
953	863
953	876
953	877
953	893
953	923
953	926
953	999
954	175
954	280
954	325
954	332
954	388
954	419
954	523
954	536
954	565
954	590
954	678
954	744
954	828
954	851
954	912
954	951
954	978
954	994
955	80
955	181
955	327
955	354
955	374
955	384
955	426
955	437
955	519
955	530
955	610
955	716
955	739
955	805
955	838
955	883
955	929
955	952
956	2
956	34
956	113
956	131
956	142
956	330
956	474
956	547
956	621
956	748
956	754
956	788
956	887
956	898
956	942
956	948
956	963
956	998
957	11
957	150
957	237
957	345
957	380
957	408
957	455
957	514
957	554
957	666
957	693
957	721
957	756
957	842
957	864
957	917
957	930
957	961
958	89
958	235
958	247
958	344
958	354
958	386
958	417
958	564
958	570
958	604
958	653
958	677
958	681
958	758
958	799
958	855
958	866
958	928
959	1
959	35
959	178
959	331
959	392
959	521
959	538
959	580
959	590
959	622
959	651
959	676
959	692
959	706
959	785
959	832
959	873
959	915
960	225
960	289
960	330
960	363
960	457
960	464
960	521
960	555
960	576
960	582
960	591
960	727
960	758
960	803
960	804
960	900
960	928
960	946
961	325
961	355
961	373
961	412
961	429
961	539
961	580
961	649
961	684
961	686
961	726
961	755
961	802
961	882
961	909
961	957
961	964
961	983
962	11
962	271
962	358
962	443
962	576
962	596
962	709
962	718
962	731
962	753
962	761
962	792
962	805
962	877
962	889
962	921
962	938
962	963
963	195
963	312
963	436
963	486
963	535
963	538
963	635
963	665
963	669
963	700
963	717
963	724
963	900
963	936
963	956
963	962
963	964
963	981
964	23
964	140
964	203
964	340
964	427
964	435
964	481
964	489
964	537
964	633
964	665
964	682
964	817
964	911
964	925
964	961
964	963
964	1000
965	98
965	143
965	158
965	193
965	516
965	551
965	561
965	579
965	621
965	684
965	724
965	737
965	773
965	779
965	809
965	842
965	845
965	943
966	54
966	77
966	135
966	363
966	370
966	404
966	591
966	672
966	675
966	726
966	764
966	827
966	843
966	860
966	866
966	871
966	920
966	926
967	16
967	56
967	174
967	279
967	343
967	427
967	512
967	542
967	627
967	639
967	722
967	759
967	841
967	871
967	901
967	922
967	949
967	970
967	1000
968	10
968	203
968	265
968	354
968	359
968	364
968	385
968	524
968	647
968	663
968	667
968	706
968	798
968	813
968	833
968	877
968	950
968	975
968	993
969	110
969	188
969	221
969	300
969	318
969	387
969	559
969	673
969	675
969	695
969	721
969	735
969	827
969	875
969	886
969	892
969	977
969	988
969	996
970	55
970	201
970	349
970	558
970	628
970	668
970	694
970	741
970	742
970	758
970	812
970	815
970	819
970	849
970	859
970	862
970	950
970	967
970	984
971	80
971	186
971	283
971	301
971	325
971	377
971	383
971	465
971	500
971	532
971	578
971	614
971	755
971	778
971	848
971	861
971	870
971	871
971	919
972	32
972	71
972	96
972	183
972	307
972	345
972	361
972	374
972	490
972	497
972	711
972	797
972	810
972	885
972	914
972	941
972	949
972	979
972	996
973	167
973	191
973	214
973	289
973	307
973	338
973	401
973	432
973	478
973	517
973	606
973	609
973	687
973	707
973	744
973	768
973	902
973	936
973	940
974	198
974	418
974	493
974	495
974	505
974	606
974	674
974	718
974	739
974	753
974	793
974	833
974	860
974	861
974	870
974	879
974	888
974	901
974	992
975	1
975	94
975	128
975	138
975	246
975	375
975	416
975	564
975	646
975	735
975	769
975	784
975	840
975	857
975	869
975	903
975	923
975	934
975	968
976	71
976	259
976	282
976	335
976	434
976	443
976	471
976	476
976	585
976	601
976	694
976	700
976	723
976	729
976	890
976	917
976	924
976	939
976	946
977	133
977	142
977	313
977	338
977	339
977	361
977	392
977	490
977	578
977	579
977	620
977	647
977	750
977	770
977	811
977	883
977	901
977	912
977	969
978	63
978	170
978	192
978	425
978	447
978	529
978	541
978	566
978	605
978	609
978	628
978	662
978	675
978	706
978	736
978	849
978	926
978	948
978	954
979	83
979	236
979	357
979	365
979	442
979	481
979	499
979	621
979	625
979	680
979	764
979	774
979	787
979	823
979	872
979	913
979	934
979	941
979	972
980	107
980	114
980	117
980	228
980	263
980	273
980	304
980	315
980	357
980	497
980	558
980	569
980	598
980	676
980	694
980	844
980	863
980	873
980	904
981	142
981	181
981	213
981	268
981	274
981	389
981	444
981	578
981	579
981	721
981	731
981	762
981	779
981	787
981	798
981	892
981	951
981	963
981	982
982	140
982	214
982	286
982	310
982	428
982	454
982	492
982	530
982	540
982	579
982	715
982	782
982	806
982	827
982	846
982	847
982	855
982	921
982	981
983	206
983	447
983	524
983	563
983	658
983	669
983	693
983	708
983	735
983	744
983	813
983	851
983	883
983	893
983	899
983	961
983	994
983	995
983	998
984	2
984	28
984	66
984	407
984	426
984	451
984	475
984	543
984	562
984	584
984	620
984	666
984	790
984	821
984	823
984	858
984	868
984	894
984	970
985	61
985	83
985	103
985	306
985	365
985	376
985	477
985	502
985	522
985	623
985	647
985	683
985	762
985	769
985	779
985	828
985	829
985	869
985	924
986	16
986	51
986	219
986	413
986	472
986	553
986	565
986	608
986	714
986	778
986	797
986	799
986	819
986	834
986	845
986	879
986	912
986	915
986	987
987	143
987	158
987	183
987	217
987	222
987	314
987	439
987	458
987	460
987	483
987	506
987	564
987	712
987	769
987	778
987	879
987	924
987	933
987	986
988	97
988	193
988	223
988	338
988	608
988	653
988	667
988	671
988	714
988	730
988	740
988	776
988	797
988	833
988	891
988	900
988	919
988	928
988	930
988	969
989	189
989	204
989	257
989	321
989	378
989	386
989	408
989	520
989	639
989	716
989	739
989	757
989	765
989	779
989	794
989	798
989	840
989	856
989	882
989	913
990	28
990	58
990	73
990	101
990	169
990	267
990	283
990	333
990	534
990	535
990	594
990	754
990	766
990	798
990	824
990	852
990	874
990	934
990	941
990	994
991	7
991	36
991	123
991	138
991	140
991	159
991	234
991	544
991	548
991	583
991	631
991	715
991	739
991	787
991	791
991	822
991	836
991	873
991	909
991	935
992	9
992	303
992	405
992	437
992	462
992	473
992	632
992	660
992	677
992	740
992	804
992	806
992	838
992	863
992	907
992	908
992	916
992	922
992	974
992	993
993	6
993	184
993	212
993	329
993	345
993	408
993	466
993	486
993	527
993	605
993	722
993	835
993	854
993	884
993	888
993	900
993	923
993	933
993	968
993	992
994	45
994	61
994	68
994	78
994	173
994	195
994	339
994	357
994	380
994	635
994	638
994	672
994	739
994	761
994	839
994	845
994	887
994	954
994	983
994	990
995	45
995	165
995	348
995	364
995	368
995	379
995	458
995	463
995	492
995	498
995	508
995	711
995	765
995	837
995	842
995	849
995	911
995	983
995	996
995	998
996	177
996	347
996	395
996	550
996	618
996	655
996	682
996	696
996	706
996	713
996	760
996	766
996	772
996	775
996	868
996	878
996	909
996	969
996	972
996	995
997	90
997	98
997	140
997	257
997	308
997	354
997	383
997	507
997	519
997	539
997	584
997	596
997	681
997	771
997	778
997	779
997	834
997	848
997	856
997	907
998	4
998	41
998	44
998	72
998	149
998	193
998	210
998	320
998	448
998	544
998	580
998	808
998	816
998	827
998	855
998	857
998	902
998	956
998	983
998	995
999	41
999	76
999	252
999	457
999	468
999	499
999	561
999	576
999	578
999	615
999	704
999	745
999	801
999	832
999	850
999	860
999	916
999	927
999	948
999	953
1000	130
1000	184
1000	218
1000	224
1000	244
1000	367
1000	406
1000	410
1000	441
1000	568
1000	643
1000	666
1000	736
1000	737
1000	807
1000	881
1000	883
1000	898
1000	964
1000	967
