1	251
1	526
1	604
1	793
1	844
1	894
2	21
2	124
2	249
2	303
2	315
2	357
3	75
3	572
3	714
3	914
3	932
3	974
4	613
4	616
4	784
4	786
4	848
4	897
5	622
5	900
5	960
5	970
5	975
5	992
6	264
6	368
6	597
6	638
6	786
6	817
7	387
7	417
7	806
7	941
7	958
7	982
8	135
8	212
8	266
8	290
8	358
8	786
9	49
9	134
9	390
9	403
9	479
9	697
10	113
10	183
10	404
10	559
10	798
10	887
11	283
11	631
11	772
11	809
11	823
11	903
12	630
12	922
12	944
12	964
12	980
12	993
13	86
13	227
13	562
13	624
13	691
13	810
14	585
14	657
14	664
14	745
14	764
14	928
15	77
15	407
15	438
15	477
15	656
15	916
16	452
16	475
16	592
16	605
16	642
16	789
17	97
17	98
17	123
17	179
17	375
17	889
18	812
18	861
18	880
18	915
18	937
18	950
19	157
19	168
19	238
19	726
19	779
19	955
20	116
20	361
20	414
20	446
20	587
20	809
21	2
21	109
21	303
21	315
21	357
21	496
22	666
22	743
22	919
22	953
22	956
22	965
23	390
23	403
23	410
23	412
23	697
23	769
24	33
24	112
24	134
24	354
24	380
24	612
25	180
25	294
25	432
25	443
25	546
25	917
26	142
26	156
26	163
26	178
26	339
26	878
27	153
27	168
27	238
27	726
27	779
27	822
28	334
28	497
28	501
28	542
28	574
28	810
29	77
29	175
29	407
29	438
29	477
29	564
30	150
30	368
30	468
30	638
30	745
30	817
31	451
31	747
31	760
31	838
31	845
31	863
32	649
32	797
32	804
32	807
32	812
32	911
33	24
33	112
33	115
33	134
33	354
33	380
34	234
34	492
34	593
34	755
34	814
34	849
35	311
35	652
35	787
35	828
35	845
35	855
36	203
36	393
36	425
36	599
36	722
36	761
37	309
37	802
37	954
37	985
37	988
37	996
38	47
38	63
38	96
38	221
38	230
38	251
39	122
39	127
39	144
39	267
39	746
39	875
40	530
40	626
40	985
40	988
40	991
40	996
41	197
41	271
41	424
41	591
41	639
41	902
42	283
42	330
42	552
42	604
42	844
42	902
43	310
43	346
43	356
43	487
43	513
43	529
44	146
44	278
44	293
44	508
44	515
44	586
45	393
45	543
45	591
45	603
45	748
45	793
46	450
46	525
46	721
46	730
46	816
46	909
47	38
47	63
47	96
47	221
47	230
47	524
48	194
48	238
48	666
48	905
48	986
48	1000
49	9
49	390
49	403
49	479
49	645
49	697
50	289
50	302
50	396
50	497
50	563
50	852
51	53
51	177
51	287
51	360
51	381
51	760
52	205
52	213
52	441
52	557
52	575
52	766
53	51
53	177
53	287
53	360
53	658
53	720
54	692
54	711
54	822
54	874
54	899
54	922
55	926
55	928
55	931
55	945
55	949
55	971
56	512
56	825
56	855
56	874
56	899
56	922
57	89
57	468
57	597
57	609
57	638
57	817
58	350
58	643
58	929
58	948
58	986
58	1000
59	85
59	588
59	637
59	673
59	687
59	964
60	207
60	740
60	770
60	778
60	801
60	997
61	759
61	832
61	929
61	948
61	986
61	1000
62	633
62	757
62	783
62	888
62	918
62	920
63	38
63	47
63	96
63	221
63	230
63	986
64	339
64	757
64	888
64	918
64	920
64	939
65	288
65	475
65	592
65	605
65	642
65	714
66	300
66	601
66	826
66	904
66	918
66	939
67	245
67	634
67	643
67	746
67	784
67	798
68	194
68	522
68	540
68	728
68	738
68	966
69	90
69	138
69	178
69	309
69	336
69	751
70	833
70	866
70	904
70	970
70	975
70	992
71	126
71	148
71	192
71	205
71	224
71	350
72	208
72	581
72	582
72	623
72	846
72	881
73	202
73	335
73	649
73	797
73	804
73	812
74	195
74	528
74	532
74	562
74	580
74	647
75	3
75	120
75	231
75	396
75	409
75	941
76	206
76	279
76	516
76	662
76	680
76	712
77	15
77	29
77	407
77	438
77	477
77	572
78	379
78	456
78	719
78	763
78	789
78	990
79	268
79	624
79	691
79	810
79	869
79	972
80	296
80	530
80	650
80	709
80	792
80	850
81	82
81	463
81	624
81	691
81	785
81	810
82	81
82	355
82	610
82	729
82	810
82	953
83	314
83	451
83	815
83	891
83	921
83	931
84	390
84	657
84	708
84	726
84	745
84	764
85	59
85	236
85	459
85	524
85	637
85	687
86	13
86	124
86	259
86	562
86	691
86	870
87	122
87	144
87	221
87	267
87	323
87	995
88	776
88	795
88	969
88	978
88	990
88	994
89	57
89	366
89	368
89	487
89	597
89	817
90	69
90	209
90	309
90	336
90	728
90	855
91	633
91	794
91	827
91	854
91	867
91	886
92	658
92	905
92	940
92	956
92	961
92	965
93	652
93	787
93	828
93	845
93	855
93	905
94	204
94	219
94	248
94	257
94	280
94	283
95	103
95	184
95	214
95	265
95	272
95	420
96	38
96	47
96	63
96	230
96	811
96	890
97	17
97	98
97	123
97	172
97	179
97	314
98	17
98	97
98	123
98	136
98	172
98	179
99	313
99	352
99	490
99	530
99	605
99	951
100	686
100	768
100	837
100	903
100	952
100	984
101	467
101	483
101	493
101	510
101	545
101	786
102	431
102	662
102	884
102	898
102	991
102	997
103	95
103	184
103	189
103	214
103	265
103	803
104	153
104	270
104	334
104	415
104	726
104	779
105	272
105	469
105	537
105	755
105	776
105	814
106	452
106	475
106	592
106	605
106	642
106	740
107	112
107	266
107	630
107	662
107	680
107	712
108	110
108	729
108	788
108	845
108	887
108	912
109	21
109	348
109	686
109	768
109	901
109	952
110	108
110	386
110	527
110	815
110	891
110	921
111	514
111	518
111	531
111	689
111	758
111	929
112	24
112	33
112	107
112	354
112	380
112	945
113	10
113	114
113	171
113	404
113	559
113	903
114	113
114	171
114	183
114	250
114	404
114	559
115	33
115	391
115	456
115	555
115	719
115	763
116	20
116	173
116	299
116	361
116	446
116	468
117	420
117	594
117	659
117	772
117	809
117	823
118	313
118	353
118	490
118	530
118	691
118	910
119	241
119	346
119	356
119	487
119	529
119	954
120	75
120	246
120	396
120	409
120	792
120	847
121	284
121	493
121	503
121	539
121	541
121	737
122	39
122	87
122	127
122	144
122	267
122	841
123	17
123	97
123	98
123	172
123	179
123	993
124	2
124	86
124	303
124	315
124	357
124	950
125	345
125	650
125	709
125	792
125	803
125	850
126	71
126	192
126	205
126	224
126	350
126	568
127	39
127	122
127	144
127	267
127	268
127	736
128	229
128	360
128	649
128	797
128	804
128	812
129	144
129	284
129	411
129	478
129	503
129	541
130	207
130	488
130	628
130	644
130	778
130	801
131	480
131	782
131	806
131	819
131	963
131	982
132	658
132	707
132	758
132	907
132	956
132	961
133	386
133	608
133	614
133	854
133	867
133	886
134	9
134	24
134	33
134	354
134	380
134	775
135	8
135	212
135	242
135	266
135	290
135	358
136	98
136	199
136	593
136	755
136	814
136	821
137	330
137	408
137	435
137	511
137	715
137	817
138	69
138	209
138	309
138	336
138	365
138	828
139	430
139	437
139	685
139	849
139	877
139	889
140	527
140	734
140	827
140	858
140	903
140	966
141	778
141	801
141	931
141	943
141	959
141	971
142	26
142	156
142	163
142	178
142	339
142	857
143	281
143	413
143	740
143	770
143	778
143	801
144	39
144	87
144	122
144	127
144	129
144	267
145	155
145	340
145	692
145	771
145	818
145	901
146	44
146	260
146	453
146	584
146	653
146	654
147	235
147	830
147	844
147	968
147	984
147	988
148	71
148	251
148	688
148	724
148	844
148	894
149	546
149	868
149	872
149	873
149	910
149	933
150	30
150	205
150	264
150	597
150	638
150	885
151	548
151	589
151	623
151	670
151	736
151	752
152	295
152	398
152	481
152	535
152	636
152	682
153	27
153	104
153	270
153	317
153	726
153	779
154	610
154	941
154	945
154	958
154	963
154	982
155	145
155	692
155	739
155	771
155	789
155	901
156	26
156	142
156	163
156	339
156	920
156	1000
157	19
157	266
157	837
157	917
157	935
157	964
158	603
158	831
158	859
158	900
158	910
158	933
159	795
159	835
159	887
159	902
159	983
159	995
160	316
160	707
160	771
160	818
160	849
160	901
161	392
161	611
161	725
161	838
161	863
161	949
162	833
162	871
162	917
162	930
162	935
162	980
163	26
163	142
163	156
163	178
163	339
163	750
164	579
164	630
164	680
164	712
164	861
164	948
165	570
165	926
165	943
165	949
165	959
165	971
166	383
166	534
166	539
166	571
166	846
166	881
167	192
167	739
167	796
167	811
167	821
167	836
168	19
168	27
168	686
168	726
168	779
168	907
169	200
169	302
169	497
169	563
169	648
169	818
170	819
170	941
170	943
170	958
170	963
170	982
171	113
171	114
171	389
171	404
171	428
171	559
172	97
172	98
172	123
172	179
172	438
172	800
173	116
173	361
173	446
173	575
173	587
173	607
174	540
174	569
174	703
174	713
174	738
174	891
175	29
175	407
175	438
175	477
175	665
175	779
176	211
176	299
176	414
176	446
176	587
176	881
177	51
177	53
177	287
177	338
177	360
177	381
178	26
178	69
178	142
178	163
178	339
178	556
179	17
179	97
179	98
179	123
179	172
179	823
180	25
180	253
180	294
180	432
180	443
180	546
181	600
181	825
181	840
181	911
181	932
181	974
182	588
182	637
182	673
182	687
182	934
182	974
183	10
183	114
183	404
183	471
183	559
183	593
184	95
184	103
184	189
184	214
184	265
184	844
185	188
185	243
185	441
185	557
185	575
185	829
186	218
186	306
186	406
186	461
186	488
186	548
187	314
187	447
187	520
187	891
187	904
187	921
188	185
188	213
188	243
188	441
188	557
188	575
189	103
189	184
189	214
189	265
189	961
189	967
190	289
190	729
190	788
190	890
190	912
190	979
191	415
191	635
191	796
191	811
191	836
191	990
192	71
192	126
192	167
192	224
192	350
192	681
193	274
193	635
193	739
193	796
193	811
193	836
194	48
194	68
194	674
194	905
194	929
194	1000
195	74
195	459
195	938
195	962
195	981
195	987
196	335
196	499
196	671
196	688
196	705
196	992
197	41
197	326
197	424
197	437
197	639
197	641
198	335
198	499
198	671
198	688
198	705
198	788
199	136
199	454
199	492
199	755
199	814
199	833
200	169
200	289
200	302
200	497
200	563
200	753
201	231
201	246
201	357
201	396
201	409
201	867
202	73
202	278
202	649
202	797
202	812
202	995
203	36
203	301
203	614
203	772
203	867
203	886
204	94
204	257
204	280
204	283
204	860
204	977
205	52
205	71
205	126
205	150
205	224
205	350
206	76
206	579
206	662
206	712
206	944
206	991
207	60
207	130
207	319
207	379
207	675
207	740
208	72
208	384
208	553
208	846
208	881
208	933
209	90
209	138
209	309
209	336
209	455
209	811
210	218
210	306
210	406
210	461
210	488
210	982
211	176
211	299
211	395
211	414
211	587
211	835
212	8
212	135
212	266
212	290
212	358
212	458
213	52
213	188
213	243
213	557
213	575
213	680
214	95
214	103
214	184
214	189
214	265
214	773
215	304
215	374
215	535
215	636
215	682
215	755
216	573
216	787
216	789
216	828
216	845
216	855
217	615
217	702
217	934
217	962
217	981
217	987
218	186
218	210
218	406
218	461
218	488
218	989
219	94
219	257
219	280
219	283
219	744
219	897
220	377
220	423
220	434
220	534
220	544
220	547
220	579
221	38
221	47
221	63
221	87
221	230
221	551
221	681
222	367
222	390
222	403
222	410
222	479
222	697
222	724
223	264
223	292
223	791
223	820
223	907
223	997
223	999
224	71
224	126
224	192
224	205
224	350
224	401
224	723
225	484
225	573
225	599
225	722
225	753
225	761
225	925
226	337
226	401
226	556
226	649
226	797
226	804
226	812
227	13
227	641
227	650
227	716
227	792
227	800
227	803
228	502
228	552
228	618
228	787
228	828
228	845
228	855
229	128
229	528
229	532
229	549
229	580
229	647
230	38
230	47
230	63
230	96
230	221
230	407
230	667
231	75
231	201
231	246
231	396
231	409
231	783
231	875
232	383
232	565
232	609
232	623
232	670
232	752
232	837
233	320
233	767
233	835
233	897
233	973
233	983
233	989
234	34
234	297
234	463
234	508
234	515
234	586
234	764
235	147
235	439
235	895
235	906
235	951
235	984
235	998
236	85
236	458
236	501
236	519
236	542
236	554
236	999
237	389
237	629
237	808
237	908
237	923
237	988
237	996
238	19
238	27
238	48
238	334
238	726
238	779
238	914
239	344
239	457
239	679
239	720
239	790
239	852
239	986
240	585
240	653
240	657
240	664
240	745
240	764
240	948
241	119
241	346
241	356
241	487
241	529
241	583
241	930
242	135
242	681
242	829
242	840
242	870
242	934
242	957
243	185
243	188
243	213
243	441
243	557
243	575
243	872
244	525
244	632
244	711
244	825
244	874
244	899
244	922
245	67
245	349
245	458
245	482
245	519
245	542
245	554
246	120
246	201
246	231
246	264
246	396
246	409
246	985
247	252
247	308
247	371
247	416
247	426
247	561
247	607
248	94
248	378
248	423
248	434
248	480
248	534
248	544
249	2
249	512
249	601
249	826
249	896
249	920
249	939
250	114
250	924
250	945
250	967
250	972
250	976
250	977
251	1
251	38
251	148
251	724
251	894
251	902
251	961
252	247
252	255
252	416
252	440
252	561
252	607
252	836
253	180
253	294
253	359
253	432
253	443
253	546
253	764
254	362
254	520
254	634
254	643
254	746
254	784
254	786
255	252
255	528
255	532
255	549
255	580
255	647
255	985
256	359
256	499
256	671
256	688
256	705
256	940
256	956
257	94
257	204
257	219
257	280
257	283
257	438
257	922
258	717
258	873
258	938
258	939
258	962
258	981
258	987
259	86
259	268
259	355
259	562
259	610
259	810
259	871
260	146
260	394
260	429
260	453
260	653
260	654
260	832
261	269
261	729
261	750
261	802
261	890
261	895
261	979
262	669
262	788
262	897
262	973
262	983
262	989
262	995
263	569
263	651
263	703
263	713
263	728
263	738
263	949
264	6
264	150
264	223
264	246
264	468
264	597
264	817
265	95
265	103
265	184
265	189
265	214
265	889
265	894
266	8
266	107
266	135
266	157
266	212
266	290
266	358
267	39
267	87
267	122
267	127
267	144
267	367
267	577
268	79
268	127
268	259
268	435
268	610
268	624
268	810
269	261
269	788
269	828
269	859
269	887
269	890
269	912
270	104
270	153
270	334
270	726
270	779
270	931
270	984
271	41
271	325
271	326
271	424
271	437
271	639
271	942
272	95
272	105
272	454
272	537
272	755
272	814
272	983
273	489
273	601
273	807
273	834
273	888
273	896
273	920
274	193
274	466
274	767
274	870
274	934
274	946
274	957
275	521
275	663
275	674
275	832
275	905
275	948
275	986
276	320
276	492
276	663
276	704
276	771
276	818
276	901
277	697
277	715
277	756
277	840
277	914
277	932
277	974
278	44
278	202
278	463
278	508
278	515
278	586
278	834
279	76
279	298
279	579
279	662
279	680
279	712
279	920
280	94
280	204
280	219
280	257
280	283
280	315
280	900
281	143
281	417
281	675
281	740
281	743
281	770
281	778
282	285
282	564
282	598
282	679
282	790
282	852
282	991
283	11
283	42
283	94
283	204
283	219
283	257
283	280
284	121
284	129
284	307
284	478
284	493
284	503
284	541
285	282
285	734
285	834
285	924
285	967
285	976
285	977
286	473
286	485
286	518
286	529
286	531
286	560
286	689
287	51
287	53
287	177
287	357
287	360
287	381
287	661
288	65
288	598
288	720
288	790
288	810
288	852
288	969
289	50
289	190
289	200
289	302
289	497
289	563
289	626
290	8
290	135
290	212
290	266
290	358
290	522
290	634
291	296
291	504
291	606
291	739
291	796
291	811
291	836
292	223
292	646
292	791
292	871
292	898
292	927
292	999
293	44
293	788
293	887
293	890
293	912
293	916
293	979
294	25
294	180
294	253
294	432
294	443
294	546
294	960
295	152
295	442
295	481
295	535
295	636
295	682
295	963
296	80
296	291
296	709
296	716
296	800
296	803
296	850
297	234
297	387
297	463
297	508
297	515
297	586
297	951
298	279
298	575
298	579
298	630
298	662
298	680
298	712
299	116
299	176
299	211
299	414
299	446
299	587
299	908
300	66
300	502
300	533
300	787
300	828
300	845
300	855
301	203
301	333
301	547
301	794
301	854
301	867
301	886
302	50
302	169
302	200
302	289
302	416
302	497
302	563
303	2
303	21
303	124
303	315
303	357
303	522
303	799
304	215
304	430
304	614
304	794
304	854
304	867
304	886
305	445
305	749
305	834
305	835
305	924
305	972
305	976
306	186
306	210
306	406
306	461
306	479
306	488
306	966
307	284
307	478
307	493
307	503
307	541
307	739
307	913
308	247
308	322
308	371
308	416
308	552
308	561
308	607
309	37
309	69
309	90
309	138
309	209
309	336
309	579
310	43
310	572
310	591
310	698
310	700
310	748
310	793
311	35
311	614
311	794
311	838
311	854
311	867
311	886
312	439
312	489
312	633
312	728
312	757
312	920
312	939
313	99
313	118
313	352
313	353
313	490
313	530
313	704
314	83
314	97
314	187
314	520
314	820
314	891
314	921
315	2
315	21
315	124
315	280
315	303
315	357
315	574
316	160
316	321
316	482
316	524
316	637
316	673
316	717
317	153
317	449
317	534
317	591
317	700
317	748
317	793
318	384
318	571
318	581
318	695
318	846
318	881
318	987
319	207
319	644
319	770
319	778
319	801
319	943
319	965
320	233
320	276
320	663
320	704
320	771
320	901
320	998
321	316
321	524
321	588
321	637
321	673
321	687
321	817
322	308
322	429
322	453
322	584
322	628
322	653
322	654
323	87
323	769
323	843
323	851
323	934
323	946
323	957
324	388
324	794
324	857
324	858
324	904
324	952
324	966
325	271
325	326
325	424
325	437
325	631
325	639
325	698
326	197
326	271
326	325
326	424
326	437
326	639
326	989
327	821
327	839
327	917
327	946
327	964
327	980
327	993
328	544
328	812
328	840
328	875
328	914
328	932
328	974
329	444
329	578
329	664
329	708
329	745
329	764
329	774
330	42
330	137
330	342
330	408
330	435
330	439
330	511
331	373
331	641
331	650
331	716
331	800
331	850
331	996
332	485
332	496
332	516
332	578
332	719
332	763
332	789
333	301
333	430
333	669
333	794
333	854
333	867
333	886
334	28
334	104
334	238
334	270
334	726
334	779
334	887
335	73
335	196
335	198
335	585
335	671
335	688
335	705
336	69
336	90
336	138
336	209
336	309
336	840
336	906
337	226
337	401
337	509
337	797
337	804
337	812
337	990
338	177
338	353
338	455
338	646
338	824
338	847
338	942
339	26
339	64
339	142
339	156
339	163
339	178
339	519
340	145
340	354
340	399
340	467
340	471
340	510
340	545
341	543
341	566
341	864
341	883
341	915
341	937
341	950
342	330
342	408
342	435
342	439
342	510
342	511
342	782
343	441
343	700
343	785
343	969
343	978
343	990
343	994
344	239
344	368
344	514
344	518
344	531
344	560
344	689
345	125
345	781
345	911
345	969
345	978
345	990
345	994
346	43
346	119
346	241
346	356
346	487
346	529
346	800
347	685
347	754
347	773
347	777
347	849
347	877
347	889
348	109
348	477
348	528
348	827
348	858
348	952
348	966
349	245
349	501
349	519
349	554
349	574
349	766
349	873
350	58
350	71
350	126
350	192
350	205
350	224
350	531
351	384
351	539
351	553
351	571
351	756
351	846
351	881
352	99
352	313
352	353
352	465
352	490
352	530
352	932
353	118
353	313
353	338
353	352
353	490
353	530
353	877
354	24
354	33
354	112
354	134
354	340
354	380
354	643
355	82
355	259
355	610
355	691
355	810
355	878
355	927
356	43
356	119
356	241
356	346
356	487
356	522
356	529
357	2
357	21
357	124
357	201
357	287
357	303
357	315
358	8
358	135
358	212
358	266
358	290
358	841
358	880
359	253
359	256
359	363
359	499
359	671
359	688
359	705
360	51
360	53
360	128
360	177
360	287
360	381
360	754
361	20
361	116
361	173
361	414
361	452
361	460
361	587
362	254
362	582
362	613
362	616
362	634
362	784
362	803
363	359
363	384
363	422
363	905
363	948
363	986
363	1000
364	417
364	428
364	460
364	472
364	473
364	509
364	747
365	138
365	580
365	732
365	813
365	834
365	967
365	977
366	89
366	652
366	710
366	787
366	828
366	845
366	855
367	222
367	267
367	390
367	410
367	412
367	479
367	969
368	6
368	30
368	89
368	344
368	638
368	817
368	971
369	546
369	687
369	694
369	729
369	769
369	912
369	979
370	598
370	679
370	720
370	790
370	852
370	932
370	968
371	247
371	308
371	440
371	561
371	607
371	749
371	975
372	692
372	736
372	903
372	917
372	944
372	980
372	993
373	331
373	685
373	777
373	798
373	848
373	877
373	889
374	215
374	442
374	481
374	535
374	636
374	682
374	806
375	17
375	577
375	806
375	958
375	963
375	977
375	982
376	582
376	620
376	865
376	938
376	968
376	981
376	987
377	220
377	644
377	675
377	770
377	778
377	801
377	868
378	248
378	387
378	423
378	534
378	544
378	547
378	962
379	78
379	207
379	391
379	509
379	578
379	719
379	789
380	24
380	33
380	112
380	134
380	354
380	773
380	950
381	51
381	177
381	287
381	360
381	596
381	862
381	876
382	555
382	561
382	566
382	596
382	730
382	816
382	841
383	166
383	232
383	506
383	548
383	565
383	670
383	752
383	941
384	208
384	318
384	351
384	363
384	581
384	846
384	877
384	881
385	486
385	489
385	719
385	771
385	826
385	896
385	918
385	939
386	110
386	133
386	447
386	625
386	675
386	815
386	891
386	921
387	7
387	297
387	378
387	819
387	941
387	958
387	963
387	982
388	324
388	576
388	782
388	874
388	941
388	958
388	963
388	982
389	171
389	237
389	393
389	484
389	573
389	722
389	753
389	761
390	9
390	23
390	49
390	84
390	222
390	367
390	412
390	443
391	115
391	379
391	516
391	719
391	763
391	770
391	789
391	987
392	161
392	477
392	611
392	659
392	661
392	725
392	838
392	863
393	36
393	45
393	389
393	523
393	573
393	722
393	753
393	761
394	260
394	429
394	431
394	453
394	584
394	653
394	654
394	882
395	211
395	715
395	743
395	862
395	919
395	925
395	953
395	956
396	50
396	75
396	120
396	201
396	231
396	246
396	409
396	998
397	540
397	581
397	684
397	908
397	954
397	955
397	988
397	996
398	152
398	495
398	566
398	596
398	721
398	730
398	816
398	981
399	340
399	467
399	471
399	483
399	510
399	545
399	823
399	850
400	759
400	923
400	954
400	955
400	959
400	965
400	985
400	988
401	224
401	226
401	337
401	523
401	649
401	797
401	804
401	812
402	684
402	711
402	908
402	923
402	954
402	977
402	985
402	996
403	9
403	23
403	49
403	222
403	410
403	493
403	508
403	697
404	10
404	113
404	114
404	171
404	183
404	445
404	559
404	867
405	584
405	588
405	619
405	718
405	773
405	807
405	856
405	913
406	186
406	210
406	218
406	306
406	461
406	488
406	503
406	689
407	15
407	29
407	77
407	175
407	230
407	418
407	438
407	477
408	137
408	330
408	342
408	435
408	439
408	479
408	511
408	961
409	75
409	120
409	201
409	231
409	246
409	396
409	915
409	922
410	23
410	222
410	367
410	403
410	412
410	468
410	693
410	697
411	129
411	449
411	646
411	710
411	824
411	847
411	878
411	942
412	23
412	367
412	390
412	410
412	421
412	466
412	479
412	697
413	143
413	429
413	831
413	839
413	868
413	873
413	900
413	933
414	20
414	176
414	211
414	299
414	361
414	443
414	587
414	899
415	104
415	191
415	447
415	474
415	625
415	815
415	891
415	921
416	247
416	252
416	302
416	308
416	440
416	561
416	607
416	912
417	7
417	281
417	364
417	428
417	460
417	472
417	473
417	509
418	407
418	617
418	861
418	864
418	896
418	915
418	937
418	950
419	663
419	692
419	707
419	738
419	771
419	818
419	853
419	901
420	95
420	117
420	458
420	631
420	659
420	772
420	809
420	823
421	412
421	427
421	552
421	604
421	715
421	724
421	894
421	902
422	363
422	629
422	905
422	929
422	948
422	963
422	986
422	1000
423	220
423	248
423	378
423	434
423	534
423	544
423	547
423	801
424	41
424	197
424	271
424	325
424	326
424	437
424	639
424	757
425	36
425	573
425	599
425	722
425	753
425	761
425	770
425	814
426	247
426	777
426	798
426	848
426	849
426	877
426	889
426	935
427	421
427	693
427	711
427	820
427	860
427	927
427	991
427	997
428	171
428	364
428	417
428	460
428	472
428	473
428	509
428	865
429	260
429	322
429	394
429	413
429	584
429	653
429	654
429	929
430	139
430	304
430	333
430	794
430	846
430	854
430	867
430	886
431	102
431	394
431	500
431	678
431	735
431	847
431	942
431	998
432	25
432	180
432	253
432	294
432	443
432	542
432	546
432	942
433	615
433	640
433	864
433	880
433	883
433	937
433	941
433	950
434	220
434	248
434	423
434	534
434	544
434	547
434	587
434	723
435	137
435	268
435	330
435	342
435	408
435	439
435	511
435	842
436	521
436	554
436	832
436	905
436	929
436	948
436	986
436	993
437	139
437	197
437	271
437	325
437	326
437	424
437	639
437	780
438	15
438	29
438	77
438	172
438	175
438	257
438	407
438	477
439	235
439	312
439	330
439	342
439	408
439	435
439	472
439	511
440	252
440	371
440	416
440	561
440	607
440	609
440	672
440	893
441	52
441	185
441	188
441	243
441	343
441	507
441	557
441	575
442	295
442	374
442	481
442	535
442	636
442	682
442	851
442	954
443	25
443	180
443	253
443	294
443	390
443	414
443	432
443	546
444	329
444	552
444	585
444	657
444	708
444	745
444	764
444	944
445	305
445	404
445	677
445	906
445	936
445	951
445	968
445	998
446	20
446	116
446	173
446	176
446	299
446	587
446	662
446	841
447	187
447	386
447	415
447	780
447	815
447	891
447	921
447	940
448	600
448	664
448	701
448	859
448	868
448	873
448	910
448	933
449	317
449	411
449	543
449	698
449	700
449	748
449	793
449	947
450	46
450	555
450	596
450	721
450	730
450	749
450	816
450	871
451	31
451	83
451	879
451	947
451	960
451	970
451	975
451	992
452	16
452	106
452	361
452	475
452	592
452	605
452	642
452	784
453	146
453	260
453	322
453	394
453	653
453	654
453	697
453	967
454	199
454	272
454	537
454	560
454	593
454	755
454	776
454	814
455	209
455	338
455	629
455	710
455	876
455	878
455	942
455	967
456	78
456	115
456	516
456	521
456	578
456	660
456	763
456	789
457	239
457	511
457	564
457	679
457	720
457	790
457	831
457	852
458	212
458	236
458	245
458	420
458	501
458	542
458	554
458	574
459	85
459	195
459	613
459	616
459	634
459	746
459	784
459	786
460	361
460	364
460	417
460	428
460	472
460	473
460	509
460	940
461	186
461	210
461	218
461	306
461	406
461	488
461	854
461	931
462	660
462	699
462	773
462	807
462	822
462	856
462	913
462	984
463	81
463	234
463	278
463	297
463	508
463	515
463	586
463	879
464	486
464	605
464	818
464	826
464	888
464	896
464	918
464	920
465	352
465	674
465	723
465	767
465	843
465	934
465	946
465	957
466	274
466	412
466	795
466	928
466	973
466	983
466	989
466	995
467	101
467	340
467	399
467	471
467	483
467	510
467	545
467	939
468	30
468	57
468	116
468	264
468	410
468	597
468	638
468	817
469	105
469	655
469	805
469	837
469	930
469	935
469	944
469	964
470	526
470	650
470	885
470	919
470	940
470	953
470	961
470	965
471	183
471	340
471	399
471	467
471	483
471	510
471	545
471	836
472	364
472	417
472	428
472	439
472	460
472	473
472	509
472	976
473	286
473	364
473	417
473	428
473	460
473	472
473	509
473	929
474	415
474	808
474	843
474	923
474	955
474	985
474	988
474	996
475	16
475	65
475	106
475	452
475	592
475	605
475	642
475	792
476	594
476	631
476	659
476	772
476	809
476	817
476	823
476	975
477	15
477	29
477	77
477	175
477	348
477	392
477	407
477	438
478	129
478	284
478	307
478	493
478	503
478	518
478	541
478	945
479	9
479	49
479	222
479	306
479	367
479	408
479	412
479	697
480	131
480	248
480	513
480	692
480	704
480	707
480	818
480	901
481	152
481	295
481	374
481	442
481	595
481	636
481	682
481	996
482	245
482	316
482	524
482	588
482	637
482	673
482	687
482	693
483	101
483	399
483	467
483	471
483	510
483	545
483	747
483	945
484	225
484	389
484	514
484	573
484	599
484	722
484	753
484	964
485	286
485	332
485	514
485	518
485	531
485	560
485	689
485	743
486	385
486	464
486	489
486	601
486	716
486	723
486	896
486	920
487	43
487	89
487	119
487	241
487	346
487	356
487	529
487	846
488	130
488	186
488	210
488	218
488	306
488	406
488	461
488	749
489	273
489	312
489	385
489	486
489	551
489	637
489	893
489	939
490	99
490	118
490	313
490	352
490	353
490	530
490	772
490	890
491	594
491	631
491	659
491	727
491	772
491	788
491	809
491	823
492	34
492	199
492	276
492	537
492	576
492	593
492	814
492	971
493	101
493	121
493	284
493	307
493	403
493	478
493	503
493	541
494	765
494	852
494	865
494	871
494	938
494	962
494	981
494	987
495	398
495	555
495	566
495	721
495	730
495	816
495	834
495	940
496	21
496	332
496	744
496	911
496	969
496	978
496	990
496	994
497	28
497	50
497	169
497	200
497	289
497	302
497	563
497	691
498	552
498	715
498	724
498	814
498	844
498	894
498	902
498	972
498	998
499	196
499	198
499	256
499	359
499	671
499	688
499	705
499	774
499	957
500	431
500	735
500	824
500	839
500	847
500	876
500	878
500	942
500	976
501	28
501	236
501	349
501	458
501	519
501	542
501	574
501	826
501	974
502	228
502	300
502	652
502	706
502	774
502	787
502	828
502	845
502	855
503	121
503	129
503	284
503	307
503	406
503	478
503	493
503	541
503	910
504	291
504	537
504	606
504	635
504	739
504	796
504	811
504	836
504	933
505	618
505	756
505	824
505	840
505	875
505	914
505	932
505	974
505	988
506	383
506	548
506	565
506	609
506	623
506	632
506	670
506	752
506	952
507	441
507	602
507	685
507	754
507	798
507	848
507	849
507	889
507	930
508	44
508	234
508	278
508	297
508	403
508	463
508	515
508	586
508	710
509	337
509	364
509	379
509	417
509	428
509	460
509	472
509	473
509	855
510	101
510	340
510	342
510	399
510	467
510	471
510	483
510	545
510	990
511	137
511	330
511	342
511	408
511	435
511	439
511	457
511	883
511	943
512	56
512	249
512	668
512	820
512	822
512	825
512	874
512	899
512	922
513	43
513	480
513	663
513	704
513	707
513	771
513	818
513	873
513	901
514	111
514	344
514	484
514	485
514	518
514	531
514	560
514	640
514	689
515	44
515	234
515	278
515	297
515	463
515	508
515	586
515	642
515	730
516	76
516	332
516	391
516	456
516	578
516	719
516	763
516	789
516	888
517	670
517	808
517	926
517	931
517	943
517	945
517	949
517	959
517	971
518	111
518	286
518	344
518	478
518	485
518	514
518	560
518	689
518	998
519	236
519	245
519	339
519	349
519	501
519	554
519	574
519	936
519	984
520	187
520	254
520	314
520	527
520	625
520	639
520	815
520	891
520	921
521	275
521	436
521	456
521	674
521	683
521	905
521	929
521	986
521	1000
522	68
522	290
522	303
522	356
522	651
522	703
522	713
522	728
522	758
523	393
523	401
523	538
523	837
523	930
523	935
523	964
523	980
523	993
524	47
524	85
524	316
524	321
524	482
524	588
524	616
524	622
524	687
525	46
525	244
525	608
525	680
525	711
525	822
525	874
525	899
525	922
526	1
526	470
526	556
526	604
526	715
526	844
526	894
526	902
526	925
527	110
527	140
527	520
527	625
527	779
527	815
527	891
527	921
527	959
528	74
528	229
528	255
528	348
528	532
528	549
528	580
528	647
528	890
529	43
529	119
529	241
529	286
529	346
529	356
529	487
529	544
529	851
530	40
530	80
530	99
530	118
530	313
530	352
530	353
530	490
530	609
531	111
531	286
531	344
531	350
531	485
531	514
531	560
531	689
531	929
532	74
532	229
532	255
532	528
532	549
532	580
532	647
532	922
532	969
533	300
533	710
533	758
533	862
533	885
533	925
533	940
533	953
533	965
534	166
534	220
534	248
534	317
534	378
534	423
534	434
534	544
534	547
535	152
535	215
535	295
535	374
535	442
535	574
535	636
535	682
535	904
536	563
536	640
536	661
536	747
536	760
536	787
536	838
536	863
536	905
537	105
537	272
537	454
537	492
537	504
537	593
537	755
537	804
537	814
538	523
538	540
538	569
538	651
538	713
538	728
538	738
538	779
538	888
539	121
539	166
539	351
539	553
539	571
539	581
539	846
539	881
539	983
540	68
540	174
540	397
540	538
540	569
540	713
540	728
540	738
540	876
541	121
541	129
541	284
541	307
541	478
541	493
541	503
541	785
541	833
542	28
542	236
542	245
542	432
542	458
542	501
542	554
542	574
542	869
543	45
543	341
543	449
543	572
543	591
543	698
543	700
543	748
543	793
544	220
544	248
544	328
544	378
544	423
544	434
544	529
544	534
544	547
545	101
545	340
545	399
545	467
545	471
545	483
545	510
545	713
545	957
546	25
546	149
546	180
546	253
546	294
546	369
546	432
546	443
546	831
547	220
547	301
547	378
547	423
547	434
547	534
547	544
547	793
547	875
548	151
548	186
548	383
548	506
548	609
548	623
548	670
548	752
548	921
549	229
549	255
549	528
549	532
549	568
549	580
549	619
549	647
550	658
550	862
550	925
550	937
550	940
550	949
550	953
550	956
550	961
551	221
551	489
551	633
551	814
551	826
551	888
551	896
551	918
551	939
552	42
552	228
552	308
552	421
552	444
552	498
552	844
552	894
552	902
553	208
553	351
553	539
553	571
553	581
553	741
553	846
553	881
553	927
554	236
554	245
554	349
554	436
554	458
554	519
554	542
554	574
554	857
555	115
555	382
555	450
555	495
555	596
555	721
555	730
555	816
555	907
556	178
556	226
556	526
556	604
556	715
556	724
556	844
556	894
556	902
557	52
557	185
557	188
557	213
557	243
557	441
557	575
557	610
557	674
558	733
558	742
558	853
558	861
558	880
558	883
558	915
558	937
558	950
559	10
559	113
559	114
559	171
559	183
559	404
559	687
559	895
559	965
560	286
560	344
560	454
560	485
560	514
560	518
560	531
560	642
560	689
561	247
561	252
561	308
561	371
561	382
561	416
561	440
561	607
561	977
562	13
562	74
562	86
562	259
562	610
562	624
562	672
562	691
562	810
563	50
563	169
563	200
563	289
563	302
563	497
563	536
563	701
563	927
564	29
564	282
564	457
564	598
564	679
564	720
564	790
564	852
564	863
565	232
565	383
565	506
565	609
565	623
565	670
565	752
565	830
565	922
566	341
566	382
566	398
566	495
566	596
566	721
566	730
566	731
566	816
567	690
567	869
567	879
567	893
567	947
567	960
567	970
567	975
567	992
568	126
568	549
568	768
568	780
568	903
568	904
568	912
568	952
568	966
569	174
569	263
569	538
569	540
569	651
569	703
569	713
569	738
569	816
569	876
570	165
570	590
570	663
570	820
570	860
570	884
570	907
570	991
570	997
570	999
571	166
571	318
571	351
571	539
571	553
571	581
571	723
571	829
571	846
571	881
572	3
572	77
572	310
572	543
572	591
572	698
572	700
572	727
572	748
572	793
573	216
573	225
573	389
573	393
573	425
573	484
573	592
573	599
573	753
573	761
574	28
574	315
574	349
574	458
574	501
574	519
574	535
574	542
574	554
574	791
575	52
575	173
575	185
575	188
575	213
575	243
575	298
575	441
575	557
575	898
576	388
576	492
576	743
576	748
576	782
576	819
576	941
576	958
576	963
576	982
577	267
577	375
577	782
577	791
577	806
577	858
577	941
577	958
577	963
577	982
578	329
578	332
578	379
578	456
578	516
578	719
578	763
578	769
578	789
578	952
579	164
579	206
579	220
579	279
579	298
579	309
579	630
579	680
579	712
579	993
580	74
580	229
580	255
580	365
580	528
580	532
580	549
580	637
580	647
580	885
581	72
581	318
581	384
581	397
581	539
581	553
581	571
581	686
581	846
581	994
582	72
582	362
582	376
582	674
582	683
582	832
582	929
582	948
582	986
582	1000
583	241
583	659
583	751
583	783
583	842
583	853
583	911
583	978
583	990
583	994
584	146
584	322
584	394
584	405
584	429
584	613
584	653
584	654
584	995
584	997
585	14
585	240
585	335
585	444
585	657
585	664
585	708
585	737
585	764
585	856
586	44
586	234
586	278
586	297
586	463
586	508
586	515
586	694
586	901
586	924
587	20
587	173
587	176
587	211
587	299
587	361
587	414
587	434
587	446
587	827
588	59
588	182
588	321
588	405
588	482
588	524
588	637
588	673
588	687
588	746
589	151
589	688
589	690
589	694
589	872
589	887
589	890
589	912
589	916
589	979
590	570
590	597
590	665
590	732
590	836
590	871
590	884
590	898
590	907
590	999
591	41
591	45
591	310
591	317
591	543
591	572
591	678
591	698
591	700
591	793
592	16
592	65
592	106
592	452
592	475
592	573
592	605
592	642
592	645
592	705
593	34
593	136
593	183
593	454
593	492
593	537
593	755
593	814
593	872
593	895
594	117
594	476
594	491
594	631
594	659
594	697
594	772
594	809
594	823
594	923
595	481
595	645
595	835
595	894
595	928
595	973
595	983
595	989
595	993
595	995
596	381
596	382
596	398
596	450
596	555
596	566
596	721
596	730
596	816
596	827
597	6
597	57
597	89
597	150
597	264
597	468
597	590
597	638
597	817
597	892
598	282
598	288
598	370
598	564
598	679
598	720
598	790
598	852
598	887
598	929
599	36
599	225
599	425
599	484
599	573
599	666
599	722
599	753
599	761
599	851
600	181
600	448
600	714
600	840
600	875
600	914
600	932
600	952
600	960
600	974
601	66
601	249
601	273
601	486
601	634
601	649
601	757
601	888
601	920
601	950
602	507
602	685
602	738
602	754
602	848
602	849
602	877
602	889
602	919
602	973
603	45
603	158
603	741
603	835
603	928
603	935
603	973
603	983
603	989
603	995
604	1
604	42
604	421
604	526
604	556
604	708
604	715
604	844
604	902
604	955
605	16
605	65
605	99
605	106
605	452
605	464
605	475
605	592
605	642
605	857
606	291
606	504
606	635
606	682
606	739
606	796
606	811
606	836
606	916
606	946
607	173
607	247
607	252
607	308
607	371
607	416
607	440
607	561
607	652
607	747
608	133
608	525
608	633
608	668
608	822
608	825
608	874
608	899
608	922
608	980
609	57
609	232
609	440
609	506
609	530
609	548
609	565
609	623
609	670
609	752
610	82
610	154
610	259
610	268
610	355
610	557
610	562
610	624
610	691
610	810
611	161
611	392
611	640
611	661
611	693
611	725
611	747
611	760
611	838
611	863
612	24
612	666
612	699
612	718
612	762
612	768
612	773
612	784
612	807
612	913
613	4
613	362
613	459
613	584
613	616
613	643
613	746
613	784
613	786
613	909
614	133
614	203
614	304
614	311
614	744
614	794
614	854
614	867
614	886
614	918
615	217
615	433
615	737
615	742
615	864
615	880
615	883
615	915
615	937
615	950
616	4
616	362
616	459
616	524
616	613
616	643
616	649
616	718
616	746
616	786
617	418
617	861
617	864
617	880
617	883
617	915
617	937
617	950
617	953
617	993
618	228
618	505
618	696
618	714
618	756
618	840
618	914
618	932
618	964
618	974
619	405
619	549
619	660
619	666
619	762
619	807
619	856
619	913
619	936
619	977
620	376
620	702
620	731
620	755
620	765
620	865
620	938
620	962
620	981
620	987
621	689
621	727
621	802
621	841
621	882
621	892
621	951
621	968
621	984
621	998
622	5
622	524
622	632
622	734
622	768
622	827
622	857
622	904
622	952
622	966
623	72
623	151
623	232
623	506
623	548
623	565
623	609
623	670
623	677
623	752
624	13
624	79
624	81
624	268
624	562
624	610
624	691
624	761
624	810
624	849
625	386
625	415
625	520
625	527
625	689
625	815
625	876
625	891
625	921
625	970
626	40
626	289
626	684
626	808
626	908
626	955
626	958
626	972
626	985
626	996
627	658
627	688
627	799
627	858
627	919
627	925
627	953
627	956
627	961
627	965
628	130
628	322
628	893
628	909
628	931
628	943
628	945
628	949
628	959
628	971
629	237
629	422
629	455
629	632
629	646
629	678
629	824
629	876
629	878
629	942
630	12
630	107
630	164
630	298
630	579
630	662
630	680
630	712
630	803
630	944
631	11
631	325
631	420
631	476
631	491
631	594
631	700
631	772
631	809
631	823
632	244
632	506
632	622
632	629
632	780
632	827
632	858
632	903
632	952
632	966
633	62
633	91
633	312
633	551
633	608
633	826
633	888
633	896
633	918
633	939
634	67
634	254
634	290
634	362
634	459
634	601
634	643
634	746
634	784
634	786
635	191
635	193
635	504
635	606
635	739
635	796
635	811
635	836
635	981
635	986
636	152
636	215
636	295
636	374
636	442
636	481
636	535
636	682
636	817
636	862
637	59
637	85
637	182
637	316
637	321
637	482
637	489
637	580
637	588
637	673
638	6
638	30
638	57
638	150
638	368
638	468
638	597
638	702
638	817
638	970
639	41
639	197
639	271
639	325
639	326
639	424
639	437
639	520
639	732
639	757
640	433
640	514
640	536
640	611
640	725
640	747
640	760
640	838
640	863
640	907
641	197
641	227
641	331
641	647
641	709
641	792
641	800
641	803
641	850
641	978
642	16
642	65
642	106
642	452
642	475
642	515
642	560
642	592
642	605
642	676
643	58
643	67
643	254
643	354
643	613
643	616
643	634
643	746
643	784
643	786
644	130
644	319
644	377
644	675
644	740
644	770
644	778
644	801
644	899
644	992
645	49
645	592
645	595
645	795
645	878
645	897
645	928
645	973
645	989
645	995
646	292
646	338
646	411
646	629
646	678
646	710
646	876
646	924
646	942
646	975
647	74
647	229
647	255
647	528
647	532
647	549
647	580
647	641
647	852
647	948
648	169
648	749
648	813
648	834
648	924
648	926
648	967
648	972
648	976
648	977
649	32
649	73
649	128
649	202
649	226
649	401
649	601
649	616
649	797
649	804
649	812
650	80
650	125
650	227
650	331
650	470
650	716
650	786
650	792
650	800
650	803
650	850
651	263
651	522
651	538
651	569
651	703
651	713
651	716
651	718
651	728
651	738
651	964
652	35
652	93
652	366
652	502
652	607
652	741
652	787
652	828
652	832
652	845
652	855
653	146
653	240
653	260
653	322
653	394
653	429
653	453
653	584
653	654
653	913
653	978
654	146
654	260
654	322
654	394
654	429
654	453
654	584
654	653
654	910
654	919
654	956
655	469
655	676
655	717
655	731
655	765
655	860
655	865
655	938
655	962
655	981
655	987
656	15
656	695
656	717
656	732
656	863
656	869
656	924
656	967
656	972
656	976
656	977
657	14
657	84
657	240
657	444
657	585
657	664
657	708
657	745
657	764
657	780
657	823
658	53
658	92
658	132
658	550
658	627
658	703
658	862
658	885
658	940
658	944
658	965
659	117
659	392
659	420
659	476
659	491
659	583
659	594
659	772
659	809
659	812
659	823
660	456
660	462
660	619
660	666
660	699
660	718
660	762
660	770
660	807
660	856
660	913
661	287
661	392
661	536
661	611
661	696
661	725
661	747
661	753
661	760
661	838
661	863
662	76
662	102
662	107
662	206
662	279
662	298
662	446
662	630
662	680
662	712
662	947
663	275
663	276
663	320
663	419
663	513
663	570
663	692
663	704
663	707
663	792
663	901
664	14
664	240
664	329
664	448
664	585
664	657
664	708
664	745
664	764
664	852
664	957
665	175
665	590
665	681
665	693
665	791
665	799
665	860
665	871
665	907
665	927
665	999
666	22
666	48
666	599
666	612
666	619
666	660
666	699
666	762
666	773
666	856
666	913
667	230
667	775
667	830
667	892
667	906
667	936
667	937
667	951
667	968
667	984
667	998
668	512
668	608
668	711
668	822
668	825
668	874
668	899
668	915
668	922
668	946
668	976
669	262
669	333
669	677
669	741
669	768
669	897
669	928
669	973
669	983
669	989
669	995
670	151
670	232
670	383
670	506
670	517
670	548
670	565
670	609
670	623
670	752
670	836
671	196
671	198
671	256
671	335
671	359
671	499
671	688
671	705
671	772
671	925
671	967
672	440
672	562
672	690
672	769
672	788
672	802
672	887
672	895
672	912
672	916
672	972
673	59
673	182
673	316
673	321
673	482
673	588
673	637
673	687
673	811
673	906
673	999
674	194
674	275
674	465
674	521
674	557
674	582
674	683
674	832
674	929
674	948
674	1000
675	207
675	281
675	377
675	386
675	644
675	740
675	755
675	770
675	778
675	801
675	881
676	642
676	655
676	736
676	805
676	821
676	917
676	930
676	935
676	956
676	980
676	993
677	445
677	623
677	669
677	841
677	882
677	884
677	892
677	936
677	968
677	984
677	998
678	431
678	591
678	629
678	646
678	735
678	840
678	847
678	876
678	878
678	942
678	944
679	239
679	282
679	370
679	457
679	564
679	598
679	720
679	790
679	852
679	941
679	999
680	76
680	107
680	164
680	213
680	279
680	298
680	525
680	579
680	630
680	662
680	920
681	192
681	221
681	242
681	665
681	706
681	829
681	851
681	870
681	934
681	946
681	957
682	152
682	215
682	295
682	374
682	442
682	481
682	535
682	606
682	636
682	730
682	963
683	521
683	582
683	674
683	775
683	832
683	842
683	905
683	929
683	948
683	986
683	1000
684	397
684	402
684	626
684	759
684	908
684	923
684	954
684	955
684	985
684	988
684	1000
685	139
685	347
685	373
685	507
685	602
685	713
685	754
685	777
685	798
685	877
685	918
686	100
686	109
686	168
686	581
686	701
686	768
686	780
686	858
686	903
686	904
686	966
687	59
687	85
687	182
687	321
687	369
687	482
687	524
687	559
687	588
687	673
687	793
688	148
688	196
688	198
688	256
688	335
688	359
688	499
688	589
688	627
688	671
688	705
689	111
689	286
689	344
689	406
689	485
689	514
689	518
689	531
689	560
689	621
689	625
690	567
690	589
690	672
690	694
690	716
690	788
690	887
690	890
690	895
690	912
690	916
691	13
691	79
691	81
691	86
691	118
691	355
691	497
691	562
691	610
691	624
691	932
692	54
692	145
692	155
692	372
692	419
692	480
692	663
692	707
692	818
692	856
692	901
693	410
693	427
693	482
693	611
693	665
693	820
693	907
693	927
693	991
693	997
693	999
694	369
694	586
694	589
694	690
694	782
694	802
694	839
694	887
694	895
694	916
694	979
695	318
695	656
695	732
695	790
695	813
695	869
695	962
695	967
695	972
695	976
695	977
696	618
696	661
696	714
696	756
696	771
696	807
696	840
696	875
696	914
696	932
696	974
697	9
697	23
697	49
697	222
697	277
697	403
697	410
697	412
697	453
697	479
697	594
698	310
698	325
698	449
698	543
698	572
698	591
698	700
698	748
698	793
698	935
698	948
699	462
699	612
699	660
699	666
699	718
699	762
699	764
699	773
699	807
699	856
699	913
700	310
700	317
700	343
700	449
700	543
700	572
700	591
700	631
700	698
700	748
700	793
701	448
701	563
701	686
701	737
701	767
701	839
701	872
701	873
701	900
701	910
701	933
702	217
702	620
702	638
702	751
702	765
702	857
702	865
702	938
702	962
702	981
702	987
703	174
703	263
703	522
703	569
703	651
703	658
703	713
703	728
703	738
703	815
703	910
704	276
704	313
704	320
704	480
704	513
704	663
704	771
704	818
704	859
704	893
704	901
705	196
705	198
705	256
705	335
705	359
705	499
705	592
705	671
705	688
705	821
705	824
706	502
706	681
706	723
706	748
706	829
706	830
706	843
706	870
706	934
706	946
706	957
707	132
707	160
707	419
707	480
707	513
707	663
707	692
707	771
707	818
707	901
707	985
708	84
708	329
708	444
708	585
708	604
708	657
708	664
708	745
708	764
708	789
708	902
709	80
709	125
709	296
709	641
709	716
709	719
709	781
709	792
709	800
709	803
709	850
710	366
710	411
710	455
710	508
710	533
710	646
710	735
710	824
710	876
710	878
710	942
711	54
711	244
711	402
711	427
711	525
711	668
711	822
711	825
711	861
711	874
711	899
711	922
712	76
712	107
712	164
712	206
712	279
712	298
712	579
712	630
712	662
712	742
712	850
712	909
713	174
713	263
713	522
713	538
713	540
713	545
713	569
713	651
713	685
713	703
713	728
713	896
714	3
714	65
714	600
714	618
714	696
714	726
714	756
714	809
714	875
714	914
714	932
714	974
715	137
715	277
715	395
715	421
715	498
715	526
715	556
715	604
715	724
715	894
715	902
715	924
716	227
716	296
716	331
716	486
716	650
716	651
716	690
716	709
716	792
716	800
716	803
716	850
717	258
717	316
717	655
717	656
717	731
717	765
717	865
717	894
717	938
717	962
717	981
717	987
718	405
718	612
718	616
718	651
718	660
718	699
718	762
718	773
718	807
718	856
718	908
718	913
719	78
719	115
719	332
719	379
719	385
719	391
719	516
719	578
719	709
719	763
719	789
719	920
720	53
720	239
720	288
720	370
720	457
720	564
720	598
720	679
720	725
720	776
720	790
720	852
721	46
721	398
721	450
721	495
721	555
721	566
721	596
721	730
721	738
721	759
721	816
721	819
722	36
722	225
722	389
722	393
722	425
722	484
722	599
722	753
722	761
722	779
722	946
722	980
723	224
723	434
723	465
723	486
723	571
723	706
723	843
723	851
723	870
723	934
723	946
723	957
724	148
724	222
724	251
724	421
724	498
724	556
724	715
724	844
724	894
724	902
724	976
724	989
725	161
725	392
725	611
725	640
725	661
725	720
725	740
725	747
725	760
725	838
725	863
725	992
726	19
726	27
726	84
726	104
726	153
726	168
726	238
726	270
726	334
726	714
726	779
726	847
727	491
727	572
727	621
727	751
727	770
727	830
727	841
727	882
727	892
727	906
727	984
727	998
728	68
728	90
728	263
728	312
728	522
728	538
728	540
728	651
728	703
728	713
728	738
728	900
729	82
729	108
729	190
729	261
729	369
729	769
729	802
729	895
729	901
729	912
729	941
729	979
730	46
730	382
730	398
730	450
730	495
730	515
730	555
730	566
730	596
730	682
730	721
730	816
731	566
731	620
731	655
731	717
731	765
731	844
731	865
731	938
731	956
731	962
731	981
731	987
732	365
732	590
732	639
732	656
732	695
732	749
732	869
732	954
732	967
732	972
732	976
732	977
733	558
733	735
733	775
733	828
733	909
733	926
733	931
733	943
733	945
733	949
733	959
733	971
734	140
734	285
734	622
734	780
734	827
734	857
734	862
734	903
734	904
734	928
734	952
734	966
735	431
735	500
735	678
735	710
735	733
735	742
735	824
735	847
735	876
735	878
735	942
735	979
736	127
736	151
736	372
736	676
736	805
736	917
736	930
736	935
736	944
736	980
736	982
736	993
737	121
737	585
737	615
737	701
737	831
737	839
737	859
737	868
737	872
737	900
737	910
737	933
738	68
738	174
738	263
738	419
738	538
738	540
738	569
738	602
738	651
738	703
738	721
738	728
739	155
739	167
739	193
739	291
739	307
739	504
739	606
739	635
739	778
739	796
739	811
739	836
740	60
740	106
740	143
740	207
740	281
740	644
740	675
740	725
740	770
740	778
740	801
740	819
741	553
741	603
741	652
741	669
741	795
741	897
741	928
741	973
741	983
741	989
741	994
741	995
742	558
742	615
742	712
742	735
742	848
742	861
742	864
742	880
742	883
742	915
742	937
742	950
743	22
743	281
743	395
743	485
743	576
743	758
743	862
743	919
743	940
743	956
743	961
743	965
744	219
744	496
744	614
744	783
744	785
744	842
744	911
744	921
744	969
744	978
744	990
744	994
745	14
745	30
745	84
745	240
745	329
745	444
745	657
745	664
745	708
745	764
745	805
745	845
746	39
746	67
746	254
746	459
746	588
746	613
746	616
746	634
746	643
746	784
746	786
746	830
747	31
747	364
747	483
747	536
747	607
747	611
747	640
747	661
747	725
747	760
747	838
747	863
748	45
748	310
748	317
748	449
748	543
748	572
748	576
748	698
748	700
748	706
748	793
748	866
749	305
749	371
749	450
749	488
749	648
749	732
749	813
749	869
749	924
749	972
749	976
749	977
750	163
750	261
750	781
750	833
750	870
750	879
750	893
750	947
750	960
750	970
750	975
750	992
751	69
751	583
751	702
751	727
751	830
751	882
751	892
751	906
751	936
751	951
751	968
751	984
752	151
752	232
752	383
752	506
752	548
752	565
752	609
752	623
752	670
752	765
752	799
752	912
753	200
753	225
753	389
753	393
753	425
753	484
753	573
753	599
753	661
753	722
753	761
753	913
754	347
754	360
754	507
754	602
754	685
754	777
754	798
754	848
754	849
754	885
754	889
754	924
755	34
755	105
755	136
755	199
755	215
755	272
755	454
755	537
755	593
755	620
755	675
755	814
756	277
756	351
756	505
756	618
756	696
756	714
756	875
756	914
756	932
756	937
756	971
756	974
757	62
757	64
757	312
757	424
757	601
757	639
757	888
757	896
757	918
757	920
757	939
757	980
758	111
758	132
758	522
758	533
758	743
758	846
758	862
758	919
758	925
758	953
758	961
758	965
759	61
759	400
759	684
759	721
759	908
759	923
759	954
759	955
759	982
759	985
759	988
759	996
760	31
760	51
760	536
760	611
760	640
760	661
760	725
760	747
760	838
760	863
760	960
760	983
761	36
761	225
761	389
761	393
761	425
761	573
761	599
761	624
761	722
761	753
761	979
761	989
762	612
762	619
762	660
762	666
762	699
762	718
762	773
762	856
762	864
762	913
762	988
762	992
763	78
763	115
763	332
763	391
763	456
763	516
763	578
763	719
763	789
763	838
763	936
763	951
764	14
764	84
764	234
764	240
764	253
764	329
764	444
764	585
764	657
764	664
764	699
764	708
764	745
765	494
765	620
765	655
765	702
765	717
765	731
765	752
765	801
765	842
765	938
765	962
765	981
765	987
766	52
766	349
766	775
766	909
766	926
766	931
766	943
766	945
766	949
766	959
766	971
766	984
767	233
767	274
767	465
767	701
767	804
767	829
767	843
767	851
767	870
767	880
767	934
767	946
767	957
768	100
768	109
768	568
768	612
768	622
768	669
768	686
768	827
768	850
768	857
768	858
768	904
768	952
769	23
769	323
769	369
769	578
769	672
769	729
769	802
769	887
769	890
769	895
769	912
769	916
769	979
770	60
770	143
770	281
770	319
770	377
770	391
770	425
770	644
770	660
770	675
770	727
770	740
770	801
771	145
771	155
771	160
771	276
771	320
771	385
771	419
771	513
771	696
771	704
771	707
771	818
771	955
772	11
772	117
772	203
772	420
772	476
772	490
772	491
772	594
772	631
772	659
772	671
772	809
772	823
773	214
773	347
773	380
773	405
773	462
773	612
773	666
773	699
773	718
773	762
773	807
773	856
773	913
774	329
774	499
774	502
774	781
774	833
774	866
774	879
774	893
774	947
774	960
774	970
774	975
774	992
775	134
775	667
775	683
775	733
775	766
775	909
775	926
775	931
775	943
775	945
775	949
775	959
775	971
776	88
776	105
776	454
776	720
776	842
776	853
776	861
776	911
776	966
776	969
776	978
776	990
776	994
777	347
777	373
777	426
777	685
777	754
777	783
777	798
777	804
777	848
777	849
777	877
777	889
777	972
778	60
778	130
778	141
778	143
778	281
778	319
778	377
778	644
778	675
778	739
778	740
778	801
778	991
779	19
779	27
779	104
779	153
779	168
779	175
779	238
779	270
779	334
779	527
779	538
779	722
779	726
780	437
780	447
780	568
780	632
780	657
780	686
780	734
780	857
780	858
780	904
780	908
780	952
780	966
781	345
781	709
781	750
781	774
781	866
781	879
781	893
781	947
781	960
781	970
781	973
781	975
781	992
782	131
782	342
782	388
782	576
782	577
782	694
782	806
782	819
782	941
782	958
782	963
782	982
782	1000
783	62
783	231
783	583
783	744
783	777
783	785
783	842
783	853
783	911
783	969
783	978
783	990
783	994
784	4
784	67
784	254
784	362
784	452
784	459
784	612
784	613
784	634
784	643
784	746
784	786
784	952
785	81
785	343
785	541
785	744
785	783
785	842
785	853
785	911
785	930
785	969
785	978
785	990
785	994
786	4
786	6
786	8
786	101
786	254
786	459
786	613
786	616
786	634
786	643
786	650
786	746
786	784
787	35
787	93
787	216
787	228
787	300
787	366
787	502
787	536
787	652
787	828
787	845
787	855
787	914
788	108
788	190
788	198
788	262
788	269
788	293
788	491
788	672
788	690
788	802
788	895
788	916
788	979
789	16
789	78
789	155
789	216
789	332
789	379
789	391
789	456
789	516
789	578
789	708
789	719
789	763
790	239
790	282
790	288
790	370
790	457
790	564
790	598
790	679
790	695
790	720
790	852
790	934
790	962
791	223
791	292
791	574
791	577
791	665
791	820
791	871
791	896
791	898
791	907
791	991
791	996
791	997
792	80
792	120
792	125
792	227
792	475
792	641
792	650
792	663
792	709
792	716
792	800
792	803
792	850
793	1
793	45
793	310
793	317
793	449
793	543
793	547
793	572
793	591
793	687
793	698
793	700
793	748
794	91
794	301
794	304
794	311
794	324
794	333
794	430
794	614
794	854
794	867
794	886
794	936
794	969
795	88
795	159
795	466
795	645
795	741
795	835
795	867
795	897
795	913
795	928
795	983
795	989
795	995
796	167
796	191
796	193
796	291
796	504
796	606
796	635
796	739
796	811
796	836
796	899
796	948
796	953
797	32
797	73
797	128
797	202
797	226
797	337
797	401
797	649
797	804
797	806
797	812
797	903
797	961
798	10
798	67
798	373
798	426
798	507
798	685
798	754
798	777
798	848
798	849
798	877
798	889
798	979
799	303
799	627
799	665
799	752
799	820
799	871
799	884
799	898
799	907
799	927
799	991
799	997
799	999
800	172
800	227
800	296
800	331
800	346
800	641
800	650
800	709
800	716
800	792
800	803
800	850
800	981
801	60
801	130
801	141
801	143
801	319
801	377
801	423
801	644
801	675
801	740
801	765
801	770
801	778
802	37
802	261
802	621
802	672
802	694
802	729
802	769
802	788
802	890
802	895
802	916
802	923
802	979
803	103
803	125
803	227
803	296
803	362
803	630
803	641
803	650
803	709
803	716
803	792
803	800
803	850
804	32
804	73
804	128
804	226
804	337
804	401
804	537
804	649
804	767
804	777
804	797
804	812
804	917
805	469
805	676
805	736
805	745
805	837
805	889
805	915
805	930
805	935
805	944
805	964
805	980
805	993
806	7
806	131
806	374
806	375
806	577
806	782
806	797
806	819
806	941
806	958
806	963
806	981
806	982
807	32
807	273
807	405
807	462
807	612
807	619
807	660
807	696
807	699
807	718
807	773
807	856
807	913
808	237
808	474
808	517
808	626
808	874
808	908
808	923
808	954
808	955
808	985
808	988
808	995
808	996
809	11
809	20
809	117
809	420
809	476
809	491
809	594
809	631
809	659
809	714
809	772
809	823
809	861
810	13
810	28
810	79
810	81
810	82
810	259
810	268
810	288
810	355
810	562
810	610
810	624
810	885
811	96
811	167
811	191
811	193
811	209
811	291
811	504
811	606
811	635
811	673
811	739
811	796
811	836
812	18
812	32
812	73
812	128
812	202
812	226
812	328
812	337
812	401
812	649
812	659
812	797
812	804
813	365
813	648
813	695
813	749
813	869
813	916
813	924
813	928
813	947
813	967
813	972
813	976
813	977
814	34
814	105
814	136
814	199
814	272
814	425
814	454
814	492
814	498
814	537
814	551
814	593
814	755
815	83
815	110
815	386
815	415
815	447
815	520
815	527
815	625
815	703
815	891
815	921
815	958
815	996
816	46
816	382
816	398
816	450
816	495
816	555
816	566
816	569
816	596
816	721
816	730
816	980
816	986
817	6
817	30
817	57
817	89
817	137
817	264
817	321
817	368
817	468
817	476
817	597
817	636
817	638
818	145
818	160
818	169
818	276
818	419
818	464
818	480
818	513
818	692
818	704
818	707
818	771
818	863
819	131
819	170
819	387
819	576
819	721
819	740
819	782
819	806
819	941
819	958
819	963
819	978
819	982
820	223
820	314
820	427
820	512
820	570
820	693
820	791
820	799
820	860
820	953
820	991
820	997
820	999
821	136
821	167
821	327
821	676
821	705
821	837
821	917
821	930
821	935
821	944
821	964
821	980
821	993
822	27
822	54
822	462
822	512
822	525
822	608
822	668
822	711
822	825
822	859
822	874
822	899
822	922
823	11
823	117
823	179
823	399
823	420
823	476
823	491
823	594
823	631
823	657
823	659
823	772
823	809
824	338
824	411
824	500
824	505
824	629
824	705
824	710
824	735
824	847
824	876
824	878
824	879
824	942
825	56
825	181
825	244
825	512
825	608
825	668
825	711
825	822
825	829
825	866
825	874
825	899
825	922
826	66
826	249
826	385
826	464
826	501
826	551
826	633
826	896
826	905
826	918
826	920
826	932
826	939
827	91
827	140
827	348
827	587
827	596
827	622
827	632
827	734
827	768
827	851
827	857
827	858
827	903
827	904
828	35
828	93
828	138
828	216
828	228
828	269
828	300
828	366
828	502
828	652
828	733
828	787
828	845
828	855
829	185
829	242
829	571
829	681
829	706
829	767
829	825
829	843
829	851
829	870
829	898
829	934
829	946
829	957
830	147
830	565
830	667
830	706
830	727
830	746
830	751
830	882
830	892
830	936
830	951
830	968
830	984
830	998
831	158
831	413
831	457
831	546
831	737
831	839
831	859
831	868
831	872
831	873
831	900
831	910
831	933
831	955
832	61
832	260
832	275
832	436
832	582
832	652
832	674
832	683
832	905
832	912
832	929
832	948
832	986
832	1000
833	70
833	162
833	199
833	541
833	750
833	774
833	866
833	879
833	893
833	947
833	960
833	970
833	975
833	992
834	273
834	278
834	285
834	305
834	365
834	495
834	648
834	869
834	924
834	947
834	967
834	972
834	976
834	977
835	159
835	211
835	233
835	305
835	595
835	603
835	795
835	897
835	918
835	928
835	973
835	983
835	989
835	995
836	167
836	191
836	193
836	252
836	291
836	471
836	504
836	590
836	606
836	635
836	670
836	739
836	796
836	811
837	100
837	157
837	232
837	469
837	523
837	805
837	821
837	917
837	935
837	944
837	963
837	964
837	980
837	993
838	31
838	161
838	311
838	392
838	536
838	611
838	640
838	661
838	725
838	747
838	760
838	763
838	858
838	863
839	327
839	413
839	500
839	694
839	701
839	737
839	831
839	859
839	868
839	872
839	873
839	900
839	910
839	933
840	181
840	242
840	277
840	328
840	336
840	505
840	600
840	618
840	678
840	696
840	875
840	914
840	932
840	974
841	122
841	358
841	382
841	446
841	621
841	677
841	727
841	882
841	892
841	906
841	936
841	951
841	984
841	998
842	435
842	583
842	683
842	744
842	765
842	776
842	783
842	785
842	853
842	911
842	969
842	978
842	990
842	994
843	323
843	465
843	474
843	706
843	723
843	767
843	829
843	851
843	870
843	886
843	934
843	946
843	957
843	973
844	1
844	42
844	147
844	148
844	184
844	498
844	526
844	552
844	556
844	604
844	724
844	731
844	894
844	902
845	31
845	35
845	93
845	108
845	216
845	228
845	300
845	366
845	502
845	652
845	745
845	787
845	828
845	855
846	72
846	166
846	208
846	318
846	351
846	384
846	430
846	487
846	539
846	553
846	571
846	581
846	758
846	881
847	120
847	338
847	411
847	431
847	500
847	678
847	726
847	735
847	824
847	876
847	878
847	930
847	942
847	1000
848	4
848	373
848	426
848	507
848	602
848	742
848	754
848	777
848	798
848	849
848	877
848	889
848	923
848	961
849	34
849	139
849	160
849	347
849	426
849	507
849	602
849	624
849	754
849	777
849	798
849	848
849	877
849	889
850	80
850	125
850	296
850	331
850	399
850	641
850	650
850	709
850	712
850	716
850	768
850	792
850	800
850	803
851	323
851	442
851	529
851	599
851	681
851	723
851	767
851	827
851	829
851	843
851	870
851	934
851	946
851	957
852	50
852	239
852	282
852	288
852	370
852	457
852	494
852	564
852	598
852	647
852	664
852	679
852	720
852	790
853	419
853	558
853	583
853	776
853	783
853	785
853	842
853	882
853	911
853	969
853	978
853	990
853	994
853	997
854	91
854	133
854	301
854	304
854	311
854	333
854	430
854	461
854	614
854	794
854	867
854	886
854	939
854	973
855	35
855	56
855	90
855	93
855	216
855	228
855	300
855	366
855	502
855	509
855	652
855	787
855	828
855	845
856	405
856	462
856	585
856	619
856	660
856	666
856	692
856	699
856	718
856	762
856	773
856	807
856	913
856	978
857	142
857	324
857	554
857	605
857	622
857	702
857	734
857	768
857	780
857	827
857	903
857	904
857	952
857	966
858	140
858	324
858	348
858	577
858	627
858	632
858	686
858	768
858	780
858	827
858	838
858	888
858	903
858	966
859	158
859	269
859	448
859	704
859	737
859	822
859	831
859	839
859	868
859	872
859	873
859	900
859	910
859	933
859	980
860	204
860	427
860	570
860	655
860	665
860	820
860	871
860	884
860	895
860	898
860	927
860	938
860	991
860	997
860	999
861	18
861	164
861	418
861	558
861	617
861	711
861	742
861	776
861	809
861	864
861	880
861	883
861	915
861	937
861	950
862	381
862	395
862	533
862	550
862	636
862	658
862	734
862	743
862	758
862	885
862	919
862	925
862	940
862	953
862	961
863	31
863	161
863	392
863	536
863	564
863	611
863	640
863	656
863	661
863	725
863	747
863	760
863	818
863	838
863	970
864	341
864	418
864	433
864	615
864	617
864	742
864	762
864	861
864	866
864	880
864	883
864	915
864	937
864	950
864	976
865	376
865	428
865	494
865	620
865	655
865	702
865	717
865	731
865	866
865	901
865	916
865	938
865	962
865	981
865	987
866	70
866	748
866	774
866	781
866	825
866	833
866	864
866	865
866	879
866	893
866	947
866	960
866	970
866	975
866	992
867	91
867	133
867	201
867	203
867	301
867	304
867	311
867	333
867	404
867	430
867	614
867	794
867	795
867	854
867	886
868	149
868	377
868	413
868	448
868	737
868	831
868	839
868	859
868	872
868	873
868	900
868	910
868	933
868	954
868	983
869	79
869	542
869	567
869	656
869	695
869	732
869	749
869	813
869	834
869	881
869	924
869	967
869	972
869	976
869	977
870	86
870	242
870	274
870	681
870	706
870	723
870	750
870	767
870	829
870	843
870	851
870	926
870	934
870	946
870	957
871	162
871	259
871	292
871	450
871	494
871	590
871	665
871	791
871	799
871	860
871	884
871	898
871	907
871	991
871	997
872	149
872	243
872	589
872	593
872	701
872	737
872	831
872	839
872	859
872	868
872	873
872	900
872	910
872	917
872	933
873	149
873	258
873	349
873	413
873	448
873	513
873	701
873	831
873	839
873	859
873	868
873	872
873	900
873	910
873	933
874	54
874	56
874	244
874	388
874	512
874	525
874	608
874	668
874	711
874	808
874	822
874	825
874	899
874	922
874	959
875	39
875	231
875	328
875	505
875	547
875	600
875	696
875	714
875	756
875	840
875	914
875	931
875	932
875	974
875	987
876	381
876	455
876	500
876	540
876	569
876	625
876	629
876	646
876	678
876	710
876	735
876	824
876	847
876	878
876	942
877	139
877	347
877	353
877	373
877	384
877	426
877	602
877	685
877	777
877	798
877	848
877	849
877	889
877	968
877	992
878	26
878	355
878	411
878	455
878	500
878	629
878	645
878	678
878	710
878	735
878	824
878	847
878	876
878	884
878	942
879	451
879	463
879	567
879	750
879	774
879	781
879	824
879	833
879	866
879	893
879	947
879	960
879	970
879	975
879	992
880	18
880	358
880	433
880	558
880	615
880	617
880	742
880	767
880	861
880	864
880	883
880	915
880	937
880	940
880	950
881	72
881	166
881	176
881	208
881	318
881	351
881	384
881	539
881	553
881	571
881	675
881	846
881	869
881	889
881	939
882	394
882	621
882	677
882	727
882	751
882	830
882	841
882	853
882	906
882	925
882	936
882	951
882	968
882	984
882	998
883	341
883	433
883	511
883	558
883	615
883	617
883	742
883	861
883	864
883	880
883	915
883	937
883	950
883	962
883	967
884	102
884	570
884	590
884	677
884	799
884	860
884	871
884	878
884	898
884	907
884	927
884	985
884	991
884	994
884	999
885	150
885	470
885	533
885	580
885	658
885	754
885	810
885	862
885	919
885	925
885	940
885	953
885	956
885	961
885	965
886	91
886	133
886	203
886	301
886	304
886	311
886	333
886	430
886	614
886	794
886	843
886	854
886	867
886	942
886	966
886	987
887	10
887	108
887	159
887	269
887	293
887	334
887	589
887	598
887	672
887	690
887	694
887	769
887	890
887	912
887	916
887	979
888	62
888	64
888	273
888	464
888	516
888	538
888	551
888	601
888	633
888	757
888	858
888	896
888	897
888	918
888	920
888	939
889	17
889	139
889	265
889	347
889	373
889	426
889	507
889	602
889	754
889	777
889	798
889	805
889	848
889	849
889	877
889	881
890	96
890	190
890	261
890	269
890	293
890	490
890	528
890	589
890	690
890	769
890	802
890	887
890	895
890	897
890	916
890	979
891	83
891	110
891	174
891	187
891	314
891	386
891	415
891	447
891	520
891	527
891	625
891	815
891	918
891	921
891	949
891	964
892	597
892	621
892	667
892	677
892	727
892	751
892	830
892	841
892	936
892	951
892	955
892	968
892	969
892	984
892	985
892	998
893	440
893	489
893	567
893	628
893	704
893	750
893	774
893	781
893	833
893	866
893	879
893	947
893	960
893	970
893	975
893	992
894	1
894	148
894	251
894	265
894	421
894	498
894	526
894	552
894	556
894	595
894	715
894	717
894	724
894	844
894	902
894	914
895	235
895	261
895	559
895	593
895	672
895	690
895	694
895	729
895	769
895	788
895	802
895	860
895	890
895	912
895	916
895	979
896	249
896	273
896	385
896	418
896	464
896	486
896	551
896	633
896	713
896	757
896	791
896	826
896	888
896	918
896	939
896	991
897	4
897	219
897	233
897	262
897	645
897	669
897	741
897	795
897	835
897	888
897	890
897	928
897	973
897	983
897	989
897	995
898	102
898	292
898	575
898	590
898	791
898	799
898	829
898	860
898	871
898	884
898	921
898	927
898	960
898	991
898	997
898	999
899	54
899	56
899	244
899	414
899	512
899	525
899	608
899	644
899	668
899	711
899	796
899	822
899	825
899	874
899	922
899	958
900	5
900	158
900	280
900	413
900	701
900	728
900	737
900	831
900	839
900	859
900	868
900	872
900	873
900	910
900	933
900	979
901	109
901	145
901	155
901	160
901	276
901	320
901	419
901	480
901	513
901	586
901	663
901	692
901	704
901	707
901	729
901	865
902	41
902	42
902	159
902	251
902	421
902	498
902	526
902	552
902	556
902	604
902	708
902	715
902	724
902	844
902	894
902	906
903	11
903	100
903	113
903	140
903	372
903	568
903	632
903	686
903	734
903	797
903	827
903	857
903	858
903	904
903	952
903	966
904	66
904	70
904	187
904	324
904	535
904	568
904	622
904	686
904	734
904	768
904	780
904	827
904	857
904	903
904	952
904	966
905	48
905	92
905	93
905	194
905	275
905	363
905	422
905	436
905	521
905	536
905	683
905	826
905	832
905	948
905	986
905	1000
906	235
906	336
906	445
906	667
906	673
906	727
906	751
906	841
906	882
906	902
906	936
906	951
906	968
906	984
906	997
906	998
907	132
907	168
907	223
907	555
907	570
907	590
907	640
907	665
907	693
907	791
907	799
907	871
907	884
907	927
907	991
907	997
907	999
908	237
908	299
908	397
908	402
908	626
908	684
908	718
908	759
908	780
908	808
908	923
908	954
908	955
908	958
908	985
908	988
908	996
909	46
909	613
909	628
909	712
909	733
909	766
909	775
909	926
909	931
909	935
909	943
909	945
909	949
909	956
909	959
909	971
910	118
910	149
910	158
910	448
910	503
910	654
910	701
910	703
910	737
910	831
910	839
910	859
910	868
910	872
910	873
910	900
910	933
911	32
911	181
911	345
911	496
911	583
911	744
911	776
911	783
911	785
911	842
911	853
911	934
911	954
911	969
911	978
911	990
911	994
912	108
912	190
912	269
912	293
912	369
912	416
912	568
912	589
912	672
912	690
912	729
912	752
912	769
912	832
912	887
912	895
912	979
913	307
913	405
913	462
913	612
913	619
913	653
913	660
913	666
913	699
913	718
913	753
913	762
913	773
913	795
913	807
913	856
913	959
914	3
914	238
914	277
914	328
914	505
914	600
914	618
914	696
914	714
914	756
914	787
914	840
914	875
914	894
914	932
914	933
914	974
915	18
915	341
915	409
915	418
915	558
915	615
915	617
915	668
915	742
915	805
915	861
915	864
915	880
915	883
915	937
915	950
915	963
916	15
916	293
916	589
916	606
916	672
916	690
916	694
916	769
916	788
916	802
916	813
916	865
916	887
916	890
916	895
916	919
916	979
917	25
917	157
917	162
917	327
917	372
917	676
917	736
917	804
917	821
917	837
917	872
917	919
917	930
917	944
917	964
917	993
917	994
918	62
918	64
918	66
918	385
918	464
918	551
918	614
918	633
918	685
918	757
918	826
918	835
918	888
918	891
918	896
918	920
918	939
919	22
919	395
919	470
919	602
919	627
919	654
919	743
919	758
919	862
919	885
919	916
919	917
919	925
919	940
919	953
919	956
919	965
920	62
920	64
920	156
920	249
920	273
920	279
920	312
920	464
920	486
920	601
920	680
920	719
920	757
920	826
920	888
920	918
920	939
921	83
921	110
921	187
921	314
921	386
921	415
921	447
921	520
921	527
921	548
921	625
921	744
921	815
921	891
921	898
921	938
921	990
922	12
922	54
922	56
922	244
922	257
922	409
922	512
922	525
922	532
922	565
922	608
922	668
922	711
922	822
922	825
922	874
922	899
923	237
923	400
923	402
923	474
923	594
923	684
923	759
923	802
923	808
923	848
923	908
923	954
923	955
923	985
923	988
923	995
923	996
924	250
924	285
924	305
924	586
924	646
924	648
924	656
924	715
924	749
924	754
924	813
924	834
924	869
924	967
924	972
924	976
924	977
925	225
925	395
925	526
925	533
925	550
925	627
925	671
925	758
925	862
925	882
925	885
925	919
925	940
925	953
925	956
925	961
925	965
926	55
926	165
926	517
926	648
926	733
926	766
926	775
926	870
926	909
926	931
926	943
926	945
926	949
926	951
926	959
926	970
926	971
927	292
927	355
927	427
927	553
927	563
927	665
927	693
927	799
927	860
927	884
927	898
927	907
927	968
927	973
927	991
927	997
927	999
928	14
928	55
928	466
928	595
928	603
928	645
928	669
928	734
928	741
928	795
928	813
928	835
928	897
928	973
928	983
928	989
928	995
929	58
929	61
929	111
929	194
929	422
929	429
929	436
929	473
929	521
929	531
929	582
929	598
929	674
929	683
929	832
929	986
929	1000
930	162
930	241
930	469
930	507
930	523
930	676
930	736
930	785
930	805
930	821
930	847
930	917
930	935
930	944
930	964
930	980
930	993
931	55
931	83
931	141
931	270
931	461
931	517
931	628
931	733
931	766
931	775
931	875
931	909
931	926
931	943
931	945
931	949
931	959
931	971
932	3
932	181
932	277
932	328
932	352
932	370
932	505
932	600
932	618
932	691
932	696
932	714
932	756
932	826
932	840
932	875
932	914
932	974
933	149
933	158
933	208
933	413
933	448
933	504
933	701
933	737
933	831
933	839
933	859
933	868
933	872
933	873
933	900
933	910
933	914
933	996
934	182
934	217
934	242
934	274
934	323
934	465
934	681
934	706
934	723
934	767
934	790
934	829
934	843
934	851
934	870
934	911
934	946
934	957
935	157
935	162
935	426
935	469
935	523
935	603
935	676
935	698
935	736
935	805
935	821
935	837
935	909
935	930
935	944
935	964
935	980
935	993
936	445
936	519
936	619
936	667
936	677
936	751
936	763
936	794
936	830
936	841
936	882
936	892
936	906
936	951
936	968
936	984
936	989
936	998
937	18
937	341
937	418
937	433
937	550
937	558
937	615
937	617
937	667
937	742
937	756
937	861
937	864
937	880
937	883
937	915
937	950
937	978
938	195
938	258
938	376
938	494
938	620
938	655
938	702
938	717
938	731
938	765
938	860
938	865
938	921
938	957
938	962
938	981
938	983
938	987
939	64
939	66
939	249
939	258
939	312
939	385
939	467
939	489
939	551
939	633
939	757
939	826
939	854
939	881
939	888
939	896
939	918
939	920
940	92
940	256
940	447
940	460
940	470
940	495
940	533
940	550
940	658
940	743
940	862
940	880
940	885
940	919
940	925
940	956
940	961
940	965
941	7
941	75
941	154
941	170
941	383
941	387
941	388
941	433
941	576
941	577
941	679
941	729
941	782
941	806
941	819
941	958
941	963
941	982
942	271
942	338
942	411
942	431
942	432
942	455
942	500
942	629
942	646
942	678
942	710
942	735
942	824
942	847
942	876
942	878
942	886
942	946
943	141
943	165
943	170
943	319
943	511
943	517
943	628
943	733
943	766
943	775
943	909
943	926
943	931
943	945
943	949
943	959
943	966
943	971
944	12
944	206
944	372
944	444
944	469
944	630
944	658
944	678
944	736
944	805
944	821
944	837
944	917
944	930
944	935
944	964
944	980
944	993
945	55
945	112
945	154
945	250
945	478
945	483
945	517
945	628
945	733
945	766
945	775
945	909
945	926
945	931
945	943
945	949
945	959
945	971
946	274
946	323
946	327
946	465
946	606
946	668
946	681
946	706
946	722
946	723
946	767
946	829
946	843
946	851
946	870
946	934
946	942
946	957
947	449
947	451
947	567
947	662
947	750
947	774
947	781
947	813
947	833
947	834
947	866
947	879
947	893
947	960
947	970
947	975
947	982
947	992
948	58
948	61
948	164
948	240
948	275
948	363
948	422
948	436
948	582
948	647
948	674
948	683
948	698
948	796
948	832
948	905
948	986
948	1000
949	55
949	161
949	165
949	263
949	517
949	550
949	628
949	733
949	766
949	775
949	891
949	909
949	926
949	931
949	943
949	945
949	959
949	971
950	18
950	124
950	341
950	380
950	418
950	433
950	558
950	601
950	615
950	617
950	742
950	861
950	864
950	880
950	883
950	915
950	937
950	986
951	99
951	235
951	297
951	445
951	621
951	667
951	751
951	763
951	830
951	841
951	882
951	892
951	906
951	926
951	936
951	968
951	998
951	999
952	100
952	109
952	324
952	348
952	506
952	568
952	578
952	600
952	622
952	632
952	734
952	768
952	780
952	784
952	857
952	903
952	904
952	966
953	22
953	82
953	395
953	470
953	533
953	550
953	617
953	627
953	758
953	796
953	820
953	862
953	885
953	919
953	925
953	956
953	961
953	965
954	37
954	119
954	397
954	400
954	402
954	442
954	684
954	732
954	759
954	808
954	868
954	908
954	911
954	923
954	955
954	985
954	988
954	996
955	19
955	397
955	400
955	474
955	604
955	626
955	684
955	759
955	771
955	808
955	831
955	892
955	908
955	923
955	954
955	985
955	988
955	996
956	22
956	92
956	132
956	256
956	395
956	550
956	627
956	654
956	676
956	731
956	743
956	885
956	909
956	919
956	925
956	940
956	953
956	961
956	965
957	242
957	274
957	323
957	465
957	499
957	545
957	664
957	681
957	706
957	723
957	767
957	829
957	843
957	851
957	870
957	934
957	938
957	946
957	974
958	7
958	154
958	170
958	375
958	387
958	388
958	576
958	577
958	626
958	782
958	806
958	815
958	819
958	899
958	908
958	941
958	963
958	975
958	982
959	141
959	165
959	400
959	517
959	527
959	628
959	733
959	766
959	775
959	874
959	909
959	913
959	926
959	931
959	943
959	945
959	949
959	971
959	988
960	5
960	294
960	451
960	567
960	600
960	750
960	760
960	774
960	781
960	833
960	866
960	879
960	893
960	898
960	947
960	970
960	974
960	975
960	992
961	92
961	132
961	189
961	251
961	408
961	470
961	550
961	627
961	743
961	758
961	797
961	848
961	862
961	885
961	925
961	940
961	953
961	956
961	965
962	195
962	217
962	258
962	378
962	494
962	620
962	655
962	695
962	702
962	717
962	731
962	765
962	790
962	865
962	883
962	938
962	981
962	987
962	988
963	131
963	154
963	170
963	295
963	375
963	387
963	388
963	422
963	576
963	577
963	682
963	782
963	806
963	819
963	837
963	915
963	941
963	958
963	982
964	12
964	59
964	157
964	327
964	469
964	484
964	523
964	618
964	651
964	805
964	821
964	837
964	891
964	917
964	930
964	935
964	944
964	980
964	993
965	22
965	92
965	319
965	400
965	470
965	533
965	559
965	627
965	658
965	743
965	758
965	885
965	919
965	925
965	940
965	953
965	956
965	961
965	981
966	68
966	140
966	306
966	324
966	348
966	568
966	622
966	632
966	686
966	734
966	776
966	780
966	857
966	858
966	886
966	903
966	904
966	943
966	952
967	189
967	250
967	285
967	365
967	453
967	455
967	648
967	656
967	671
967	695
967	732
967	813
967	834
967	869
967	883
967	924
967	972
967	976
967	977
968	147
968	370
968	376
968	445
968	621
968	667
968	677
968	751
968	830
968	877
968	882
968	892
968	906
968	927
968	936
968	951
968	984
968	987
968	998
969	88
969	288
969	343
969	345
969	367
969	496
969	532
969	744
969	776
969	783
969	785
969	794
969	842
969	853
969	892
969	911
969	978
969	990
969	994
970	5
970	70
970	451
970	567
970	625
970	638
970	750
970	774
970	781
970	833
970	863
970	866
970	879
970	893
970	926
970	947
970	960
970	975
970	992
971	55
971	141
971	165
971	368
971	492
971	517
971	628
971	733
971	756
971	766
971	775
971	909
971	926
971	931
971	943
971	945
971	949
971	959
971	974
972	79
972	250
972	305
972	498
972	626
972	648
972	656
972	672
972	695
972	732
972	749
972	777
972	813
972	834
972	869
972	924
972	967
972	976
972	977
973	233
973	262
973	466
973	595
973	602
973	603
973	645
973	669
973	741
973	781
973	835
973	843
973	854
973	897
973	927
973	928
973	983
973	989
973	995
974	3
974	181
974	182
974	277
974	328
974	501
974	505
974	600
974	618
974	696
974	714
974	756
974	840
974	875
974	914
974	932
974	957
974	960
974	971
975	5
975	70
975	371
975	451
975	476
975	567
975	646
975	750
975	774
975	781
975	833
975	866
975	879
975	893
975	947
975	958
975	960
975	970
975	992
976	250
976	285
976	305
976	472
976	500
976	648
976	656
976	668
976	695
976	724
976	732
976	749
976	813
976	834
976	864
976	869
976	924
976	967
976	972
976	977
977	204
977	250
977	285
977	365
977	375
977	402
977	561
977	619
977	648
977	656
977	695
977	732
977	749
977	813
977	834
977	869
977	924
977	967
977	972
977	976
978	88
978	343
978	345
978	496
978	583
978	641
978	653
978	744
978	776
978	783
978	785
978	819
978	842
978	853
978	856
978	911
978	937
978	969
978	990
978	994
979	190
979	261
979	293
979	369
979	589
979	694
979	729
979	735
979	761
979	769
979	788
979	798
979	802
979	887
979	890
979	895
979	900
979	912
979	916
979	999
980	12
980	162
980	327
980	372
980	523
980	608
980	676
980	722
980	736
980	757
980	805
980	816
980	821
980	837
980	859
980	930
980	935
980	944
980	964
980	993
981	195
981	217
981	258
981	376
981	398
981	494
981	620
981	635
981	655
981	702
981	717
981	731
981	765
981	800
981	806
981	865
981	938
981	962
981	965
981	987
982	7
982	131
982	154
982	170
982	210
982	375
982	387
982	388
982	576
982	577
982	736
982	759
982	782
982	806
982	819
982	941
982	947
982	958
982	963
982	1000
983	159
983	233
983	262
983	272
983	466
983	539
983	595
983	603
983	669
983	741
983	760
983	795
983	835
983	868
983	897
983	928
983	938
983	973
983	989
983	995
984	100
984	147
984	235
984	270
984	462
984	519
984	621
984	667
984	677
984	727
984	751
984	766
984	830
984	841
984	882
984	892
984	906
984	936
984	968
984	998
985	37
985	40
985	246
985	255
985	400
985	402
985	474
985	626
985	684
985	707
985	759
985	808
985	884
985	892
985	908
985	923
985	954
985	955
985	988
985	996
986	48
986	58
986	61
986	63
986	239
986	275
986	363
986	422
986	436
986	521
986	582
986	635
986	683
986	816
986	832
986	905
986	929
986	948
986	950
986	1000
987	195
987	217
987	258
987	318
987	376
987	391
987	494
987	620
987	655
987	702
987	717
987	731
987	765
987	865
987	875
987	886
987	938
987	962
987	968
987	981
988	37
988	40
988	147
988	237
988	397
988	400
988	474
988	505
988	684
988	759
988	762
988	808
988	908
988	923
988	954
988	955
988	959
988	962
988	985
988	996
989	218
989	233
989	262
989	326
989	466
989	595
989	603
989	645
989	669
989	724
989	741
989	761
989	795
989	835
989	897
989	928
989	936
989	973
989	983
989	995
990	78
990	88
990	191
990	337
990	343
990	345
990	496
990	510
990	583
990	744
990	776
990	783
990	785
990	842
990	853
990	911
990	921
990	969
990	978
990	994
991	40
991	102
991	206
991	282
991	427
991	570
991	693
991	778
991	791
991	799
991	820
991	860
991	871
991	884
991	896
991	898
991	907
991	927
991	997
991	999
992	5
992	70
992	196
992	451
992	567
992	644
992	725
992	750
992	762
992	774
992	781
992	833
992	866
992	877
992	879
992	893
992	947
992	960
992	970
992	975
993	12
993	123
993	327
993	372
993	436
993	523
993	579
993	595
993	617
993	676
993	736
993	805
993	821
993	837
993	917
993	930
993	935
993	944
993	964
993	980
994	88
994	343
994	345
994	496
994	581
994	583
994	741
994	744
994	776
994	783
994	785
994	842
994	853
994	884
994	911
994	917
994	969
994	978
994	990
994	997
995	87
995	159
995	202
995	262
995	466
995	584
995	595
995	603
995	645
995	669
995	741
995	795
995	808
995	835
995	897
995	923
995	928
995	973
995	983
995	989
996	37
996	40
996	237
996	331
996	397
996	402
996	474
996	481
996	626
996	759
996	791
996	808
996	815
996	908
996	923
996	933
996	954
996	955
996	985
996	988
997	60
997	102
997	223
997	427
997	570
997	584
997	693
997	791
997	799
997	820
997	853
997	860
997	871
997	898
997	906
997	907
997	927
997	991
997	994
997	999
998	235
998	320
998	396
998	431
998	445
998	498
998	518
998	621
998	667
998	677
998	727
998	830
998	841
998	882
998	892
998	906
998	936
998	951
998	968
998	984
999	223
999	236
999	292
999	570
999	590
999	665
999	673
999	679
999	693
999	799
999	820
999	860
999	884
999	898
999	907
999	927
999	951
999	979
999	991
999	997
1000	48
1000	58
1000	61
1000	156
1000	194
1000	363
1000	422
1000	521
1000	582
1000	674
1000	683
1000	684
1000	782
1000	832
1000	847
1000	905
1000	929
1000	948
1000	982
1000	986
