1	135
1	177
1	198
1	322
1	474
1	482
2	31
2	56
2	67
2	289
2	325
2	451
3	189
3	197
3	207
3	224
3	274
3	605
4	135
4	177
4	198
4	322
4	494
4	975
5	68
5	509
5	520
5	665
5	672
5	733
6	141
6	230
6	494
6	508
6	572
6	962
7	104
7	122
7	160
7	164
7	268
7	467
8	16
8	55
8	335
8	511
8	650
8	877
9	118
9	250
9	341
9	373
9	463
9	907
10	554
10	589
10	672
10	741
10	775
10	825
11	114
11	166
11	872
11	878
11	897
11	977
12	763
12	798
12	841
12	867
12	870
12	983
13	190
13	294
13	399
13	431
13	452
13	626
14	831
14	851
14	926
14	943
14	966
14	989
15	58
15	59
15	166
15	232
15	356
15	441
16	8
16	182
16	194
16	307
16	462
16	584
17	448
17	501
17	712
17	799
17	812
17	861
18	114
18	191
18	357
18	470
18	546
18	623
19	527
19	809
19	889
19	915
19	923
19	927
20	31
20	56
20	67
20	289
20	690
20	871
21	597
21	868
21	935
21	942
21	959
21	988
22	218
22	435
22	460
22	590
22	598
22	995
23	182
23	194
23	205
23	307
23	462
23	825
24	84
24	304
24	385
24	410
24	510
24	644
25	722
25	781
25	934
25	953
25	969
25	990
26	46
26	106
26	366
26	726
26	745
26	817
27	250
27	776
27	815
27	856
27	880
27	955
28	367
28	621
28	939
28	945
28	981
28	996
29	192
29	253
29	515
29	556
29	560
29	823
30	463
30	700
30	823
30	828
30	871
30	876
31	2
31	20
31	67
31	220
31	325
31	698
32	349
32	569
32	784
32	788
32	838
32	953
33	104
33	164
33	261
33	268
33	345
33	467
34	432
34	593
34	660
34	675
34	708
34	911
35	345
35	535
35	639
35	657
35	862
35	864
36	599
36	701
36	731
36	741
36	775
36	825
37	107
37	190
37	294
37	399
37	431
37	541
38	327
38	630
38	828
38	871
38	876
38	986
39	425
39	430
39	443
39	581
39	597
39	628
40	55
40	375
40	475
40	511
40	514
40	650
41	276
41	551
41	552
41	570
41	709
41	713
42	167
42	320
42	381
42	389
42	534
42	834
43	157
43	231
43	413
43	440
43	477
43	577
44	413
44	472
44	769
44	787
44	910
44	913
45	641
45	773
45	784
45	788
45	838
45	995
46	26
46	409
46	658
46	783
46	849
46	948
47	488
47	761
47	769
47	830
47	910
47	913
48	287
48	736
48	858
48	873
48	940
48	986
49	305
49	436
49	536
49	601
49	604
49	919
50	178
50	557
50	782
50	785
50	792
50	819
51	60
51	216
51	221
51	278
51	287
51	406
52	218
52	238
52	549
52	590
52	598
52	669
53	259
53	265
53	316
53	404
53	447
53	737
54	522
54	707
54	804
54	846
54	867
54	870
55	8
55	40
55	346
55	475
55	650
55	946
56	2
56	20
56	289
56	325
56	452
56	993
57	93
57	403
57	465
57	580
57	720
57	729
58	15
58	59
58	232
58	356
58	675
58	851
59	15
59	58
59	166
59	232
59	356
59	431
60	51
60	365
60	521
60	532
60	575
60	762
61	571
61	673
61	688
61	751
61	780
61	979
62	223
62	387
62	754
62	785
62	819
62	831
63	203
63	244
63	246
63	448
63	697
63	841
64	688
64	702
64	739
64	839
64	881
64	914
65	803
65	866
65	886
65	921
65	929
65	931
66	170
66	327
66	473
66	669
66	820
66	904
67	2
67	20
67	31
67	78
67	289
67	325
68	5
68	74
68	144
68	158
68	226
68	273
69	663
69	696
69	747
69	769
69	830
69	913
70	101
70	509
70	513
70	598
70	665
70	672
71	84
71	232
71	304
71	385
71	510
71	643
72	433
72	551
72	552
72	709
72	713
72	863
73	459
73	790
73	818
73	897
73	962
73	994
74	68
74	144
74	158
74	226
74	273
74	329
75	146
75	186
75	669
75	681
75	820
75	980
76	91
76	125
76	165
76	240
76	286
76	956
77	825
77	898
77	958
77	968
77	978
77	995
78	67
78	725
78	843
78	859
78	920
78	957
79	230
79	301
79	342
79	354
79	408
79	786
80	469
80	473
80	889
80	915
80	923
80	927
81	226
81	458
81	489
81	767
81	924
81	987
82	699
82	956
82	961
82	968
82	978
82	995
83	215
83	241
83	359
83	441
83	582
83	629
84	24
84	71
84	304
84	410
84	643
84	947
85	230
85	301
85	342
85	350
85	354
85	656
86	300
86	362
86	388
86	498
86	912
86	979
87	530
87	605
87	618
87	664
87	722
87	866
88	96
88	191
88	419
88	470
88	489
88	546
89	455
89	810
89	942
89	959
89	988
89	997
90	175
90	180
90	281
90	285
90	862
90	885
91	76
91	125
91	163
91	165
91	286
91	777
92	242
92	404
92	420
92	601
92	667
92	737
93	57
93	309
93	519
93	720
93	729
93	848
94	658
94	888
94	905
94	929
94	960
94	973
95	623
95	739
95	758
95	839
95	914
95	924
96	88
96	357
96	470
96	525
96	546
96	739
97	313
97	440
97	613
97	754
97	808
97	834
98	103
98	128
98	358
98	359
98	582
98	629
99	264
99	561
99	690
99	694
99	847
99	986
100	118
100	341
100	373
100	405
100	879
100	919
101	70
101	513
101	520
101	665
101	672
101	972
102	304
102	385
102	410
102	510
102	643
102	945
103	98
103	329
103	494
103	508
103	572
103	686
104	7
104	33
104	268
104	277
104	467
104	929
105	262
105	300
105	388
105	490
105	498
105	539
106	26
106	803
106	821
106	866
106	886
106	921
107	37
107	190
107	294
107	399
107	431
107	909
108	355
108	723
108	765
108	837
108	859
108	930
109	350
109	776
109	815
109	856
109	880
109	994
110	592
110	675
110	680
110	731
110	773
110	961
111	157
111	366
111	413
111	477
111	577
111	646
112	789
112	824
112	889
112	915
112	923
112	927
113	227
113	695
113	736
113	825
113	881
113	914
114	11
114	18
114	191
114	357
114	470
114	546
115	302
115	310
115	479
115	773
115	829
115	857
116	204
116	629
116	917
116	934
116	953
116	991
117	458
117	545
117	594
117	789
117	801
117	869
118	9
118	100
118	174
118	195
118	565
118	622
119	339
119	515
119	556
119	560
119	599
119	826
120	316
120	893
120	895
120	918
120	951
120	967
121	537
121	728
121	752
121	842
121	853
121	860
122	7
122	397
122	815
122	822
122	856
122	880
123	479
123	583
123	687
123	692
123	707
123	710
124	881
124	895
124	918
124	951
124	954
124	967
125	76
125	91
125	163
125	165
125	292
125	821
126	230
126	663
126	769
126	830
126	910
126	913
127	457
127	723
127	743
127	859
127	929
127	930
128	98
128	147
128	215
128	582
128	594
128	629
129	534
129	794
129	872
129	878
129	977
129	984
130	843
130	850
130	935
130	942
130	988
130	997
131	467
131	889
131	909
131	915
131	923
131	927
132	154
132	414
132	527
132	541
132	545
132	950
133	743
133	754
133	861
133	882
133	885
133	892
134	824
134	915
134	923
134	927
134	942
134	984
135	1
135	4
135	177
135	198
135	322
135	618
136	833
136	899
136	935
136	942
136	959
136	997
137	279
137	956
137	958
137	968
137	995
137	999
138	639
138	824
138	889
138	915
138	923
138	927
139	413
139	451
139	594
139	789
139	797
139	801
140	228
140	337
140	682
140	686
140	829
140	857
141	6
141	351
141	494
141	508
141	572
141	874
142	486
142	543
142	593
142	649
142	660
142	708
143	199
143	226
143	314
143	414
143	527
143	612
144	68
144	74
144	226
144	273
144	878
145	255
145	328
145	392
145	657
145	666
145	955
146	75
146	169
146	473
146	588
146	681
146	820
147	128
147	215
147	359
147	582
147	629
147	679
148	552
148	724
148	761
148	830
148	910
148	913
149	623
149	695
149	855
149	875
149	881
149	958
150	280
150	333
150	530
150	653
150	820
150	857
151	367
151	425
151	430
151	581
151	628
151	705
152	211
152	264
152	302
152	351
152	371
152	411
152	445
153	694
153	881
153	934
153	953
153	969
153	991
154	132
154	189
154	406
154	527
154	541
154	612
155	272
155	512
155	628
155	990
155	991
155	993
156	175
156	180
156	281
156	285
156	475
156	503
157	43
157	111
157	366
157	477
157	577
157	683
158	68
158	74
158	226
158	273
158	744
158	806
159	679
159	836
159	840
159	924
159	936
159	984
160	7
160	164
160	268
160	385
160	467
160	904
161	542
161	562
161	616
161	742
161	829
161	987
162	331
162	409
162	652
162	800
162	817
162	965
163	91
163	125
163	165
163	286
163	649
163	926
164	7
164	33
164	160
164	467
164	720
164	919
165	76
165	91
165	125
165	163
165	286
165	644
166	11
166	15
166	59
166	232
166	356
166	592
167	42
167	169
167	343
167	389
167	462
167	534
168	564
168	605
168	618
168	622
168	706
168	718
169	146
169	167
169	320
169	343
169	389
169	534
170	66
170	578
170	681
170	732
170	812
170	820
171	334
171	820
171	873
171	911
171	940
171	986
172	279
172	429
172	487
172	653
172	862
172	864
173	854
173	870
173	871
173	878
173	897
173	977
174	118
174	195
174	373
174	405
174	463
174	947
175	90
175	156
175	180
175	281
175	285
175	741
176	195
176	935
176	942
176	959
176	988
176	997
177	1
177	4
177	135
177	198
177	322
177	464
178	50
178	506
178	689
178	690
178	847
178	896
179	426
179	558
179	811
179	904
179	933
179	938
180	90
180	156
180	175
180	281
180	285
180	826
181	242
181	576
181	711
181	735
181	755
181	807
182	16
182	23
182	194
182	307
182	462
182	652
183	196
183	619
183	790
183	795
183	962
183	994
184	843
184	902
184	920
184	938
184	939
184	957
185	209
185	255
185	657
185	661
185	666
185	682
186	75
186	228
186	578
186	588
186	603
186	820
187	299
187	571
187	656
187	673
187	751
187	780
188	509
188	513
188	520
188	665
188	672
188	871
189	3
189	154
189	197
189	224
189	274
189	983
190	13
190	37
190	107
190	340
190	399
190	431
191	18
191	88
191	114
191	357
191	501
191	546
192	29
192	460
192	515
192	556
192	560
192	963
193	603
193	744
193	901
193	918
193	946
193	948
194	16
194	23
194	182
194	205
194	403
194	462
195	118
195	174
195	176
195	373
195	405
195	463
196	183
196	238
196	443
196	753
196	962
196	994
197	3
197	189
197	207
197	224
197	274
197	338
198	1
198	4
198	135
198	177
198	322
198	977
199	143
199	352
199	527
199	541
199	612
199	883
200	405
200	478
200	637
200	879
200	905
200	980
201	209
201	420
201	476
201	698
201	724
201	732
202	486
202	547
202	884
202	941
202	944
202	965
203	63
203	293
203	300
203	427
203	493
203	496
204	116
204	298
204	615
204	755
204	807
204	986
205	23
205	194
205	307
205	410
205	462
205	813
206	243
206	329
206	337
206	494
206	508
206	572
207	3
207	197
207	224
207	274
207	935
207	990
208	216
208	221
208	278
208	406
208	780
208	847
209	185
209	201
209	611
209	698
209	732
209	771
210	282
210	640
210	719
210	740
210	762
210	873
211	152
211	371
211	411
211	445
211	664
211	757
212	603
212	703
212	742
212	901
212	948
212	987
213	276
213	535
213	551
213	570
213	709
213	713
214	787
214	835
214	861
214	882
214	885
214	892
214	926
215	83
215	128
215	147
215	359
215	582
215	629
215	837
216	51
216	208
216	221
216	278
216	287
216	406
216	776
217	390
217	471
217	642
217	783
217	842
217	853
217	860
218	22
218	52
218	338
218	460
218	526
218	549
218	667
219	285
219	358
219	592
219	642
219	680
219	731
219	773
220	31
220	234
220	440
220	595
220	613
220	808
220	834
221	51
221	208
221	216
221	278
221	287
221	406
221	824
222	456
222	474
222	547
222	655
222	659
222	716
222	762
223	62
223	251
223	270
223	313
223	461
223	808
223	834
224	3
224	189
224	197
224	207
224	274
224	900
224	950
225	774
225	833
225	868
225	922
225	959
225	988
225	997
226	68
226	74
226	81
226	143
226	144
226	158
226	273
227	113
227	516
227	702
227	839
227	881
227	914
227	934
228	140
228	186
228	463
228	473
228	669
228	681
228	820
229	259
229	265
229	404
229	420
229	424
229	737
229	854
230	6
230	79
230	85
230	126
230	301
230	342
230	354
231	43
231	366
231	409
231	413
231	477
231	577
231	581
232	15
232	58
232	59
232	71
232	166
232	356
232	811
233	293
233	454
233	519
233	580
233	720
233	729
233	959
234	220
234	403
234	519
234	580
234	720
234	729
234	928
235	342
235	518
235	705
235	776
235	815
235	856
235	880
236	693
236	730
236	735
236	738
236	812
236	936
236	984
237	296
237	779
237	899
237	906
237	950
237	964
237	998
238	52
238	196
238	484
238	526
238	549
238	590
238	598
239	480
239	611
239	619
239	651
239	698
239	724
239	943
240	76
240	869
240	898
240	958
240	968
240	978
240	995
241	83
241	322
241	848
241	939
241	992
241	996
241	999
242	92
242	181
242	259
242	265
242	316
242	665
242	737
243	206
243	754
243	782
243	785
243	819
243	831
243	881
244	63
244	246
244	427
244	493
244	496
244	697
244	869
245	295
245	512
245	555
245	811
245	846
245	904
245	938
246	63
246	244
246	429
246	448
246	496
246	697
246	876
247	346
247	893
247	895
247	951
247	954
247	967
247	998
248	565
248	571
248	673
248	688
248	751
248	780
248	949
249	848
249	875
249	939
249	950
249	961
249	970
249	996
250	9
250	27
250	583
250	687
250	692
250	707
250	710
251	223
251	461
251	595
251	716
251	790
251	808
251	834
252	590
252	883
252	907
252	919
252	932
252	958
252	971
253	29
253	339
253	515
253	556
253	560
253	891
253	899
254	334
254	343
254	375
254	836
254	936
254	949
254	984
255	145
255	185
255	303
255	378
255	522
255	661
255	666
256	746
256	768
256	811
256	865
256	904
256	938
256	939
257	771
257	797
257	906
257	955
257	964
257	974
257	998
258	565
258	571
258	688
258	751
258	780
258	920
258	925
259	53
259	229
259	242
259	404
259	420
259	737
259	905
260	575
260	640
260	719
260	740
260	762
260	875
260	927
261	33
261	367
261	425
261	430
261	581
261	600
261	628
262	105
262	300
262	362
262	388
262	498
262	539
262	836
263	684
263	711
263	747
263	766
263	771
263	776
263	805
264	99
264	152
264	506
264	561
264	674
264	690
264	847
265	53
265	229
265	242
265	420
265	423
265	737
265	855
266	332
266	360
266	391
266	795
266	818
266	962
266	994
267	493
267	564
267	638
267	778
267	960
267	973
267	980
268	7
268	33
268	104
268	160
268	467
268	508
268	606
269	305
269	309
269	436
269	536
269	601
269	604
269	971
270	223
270	360
270	787
270	861
270	882
270	885
270	892
271	503
271	754
271	782
271	785
271	819
271	831
271	904
272	155
272	839
272	868
272	935
272	942
272	988
272	997
273	68
273	74
273	144
273	158
273	226
273	401
273	661
274	3
274	189
274	197
274	207
274	224
274	325
274	538
275	368
275	442
275	555
275	631
275	712
275	799
275	812
276	41
276	213
276	570
276	709
276	713
276	736
276	921
277	104
277	602
277	824
277	889
277	915
277	923
277	927
278	51
278	208
278	216
278	221
278	287
278	406
278	550
279	137
279	172
279	490
279	639
279	714
279	862
279	864
280	150
280	479
280	559
280	653
280	771
280	829
280	857
281	90
281	156
281	175
281	180
281	285
281	794
281	801
282	210
282	365
282	521
282	614
282	740
282	762
282	932
283	491
283	746
283	768
283	846
283	872
283	904
283	938
284	407
284	444
284	490
284	535
284	753
284	862
284	864
285	90
285	156
285	175
285	180
285	219
285	281
285	852
286	76
286	91
286	163
286	165
286	422
286	876
286	883
287	48
287	51
287	216
287	221
287	278
287	364
287	406
288	368
288	631
288	712
288	737
288	799
288	812
288	860
289	2
289	20
289	56
289	67
289	325
289	607
289	763
290	311
290	456
290	474
290	655
290	659
290	716
290	998
291	375
291	693
291	817
291	836
291	894
291	936
291	949
292	125
292	453
292	516
292	702
292	739
292	758
292	914
293	203
293	233
293	427
293	448
293	493
293	603
293	697
294	13
294	37
294	107
294	399
294	431
294	761
294	804
295	245
295	415
295	611
295	619
295	651
295	724
295	732
296	237
296	652
296	658
296	726
296	783
296	800
296	915
297	725
297	829
297	843
297	891
297	902
297	920
297	957
298	204
298	402
298	447
298	615
298	735
298	807
298	965
299	187
299	402
299	615
299	684
299	735
299	755
299	807
300	86
300	105
300	203
300	262
300	362
300	498
300	539
301	79
301	85
301	230
301	342
301	354
301	689
301	693
302	115
302	152
302	351
302	371
302	411
302	445
302	752
303	255
303	898
303	956
303	958
303	968
303	978
303	995
304	24
304	71
304	84
304	102
304	510
304	643
304	693
305	49
305	269
305	428
305	601
305	604
305	787
305	956
306	435
306	563
306	634
306	667
306	854
306	897
306	977
307	16
307	23
307	182
307	205
307	462
307	585
307	885
308	617
308	689
308	798
308	804
308	841
308	867
308	870
309	93
309	269
309	428
309	502
309	536
309	601
309	604
310	115
310	378
310	394
310	471
310	479
310	686
310	857
311	290
311	315
311	457
311	474
311	716
311	864
311	1000
312	609
312	875
312	890
312	900
312	903
312	912
312	925
313	97
313	223
313	595
313	808
313	833
313	834
313	858
314	143
314	543
314	593
314	649
314	660
314	704
314	708
315	311
315	457
315	474
315	655
315	659
315	716
315	969
316	53
316	120
316	242
316	404
316	420
316	430
316	737
317	369
317	890
317	900
317	903
317	912
317	914
317	925
318	758
318	807
318	843
318	891
318	902
318	920
318	957
319	333
319	875
319	900
319	903
319	912
319	925
319	991
320	42
320	169
320	343
320	389
320	497
320	534
320	763
321	481
321	847
321	891
321	902
321	920
321	940
321	957
322	1
322	4
322	135
322	177
322	198
322	241
322	727
323	537
323	642
323	752
323	842
323	853
323	860
323	920
324	625
324	647
324	670
324	832
324	884
324	944
324	965
325	2
325	31
325	56
325	67
325	274
325	289
325	427
326	336
326	532
326	605
326	652
326	658
326	726
326	783
327	38
327	66
327	700
327	791
327	823
327	871
327	876
328	145
328	378
328	392
328	657
328	661
328	666
328	964
329	74
329	103
329	206
329	494
329	508
329	572
329	999
330	630
330	905
330	929
330	960
330	973
330	980
330	987
331	162
331	374
331	554
331	587
331	701
331	775
331	825
332	266
332	382
332	439
332	559
332	573
332	705
332	843
333	150
333	319
333	337
333	394
333	640
333	829
333	857
334	171
334	254
334	693
334	702
334	813
334	894
334	949
335	8
335	475
335	511
335	514
335	560
335	650
335	803
336	326
336	524
336	730
336	745
336	783
336	800
336	817
337	140
337	206
337	333
337	394
337	686
337	829
337	857
338	197
338	218
338	379
338	858
338	873
338	940
338	986
339	119
339	253
339	515
339	556
339	560
339	899
339	955
340	190
340	382
340	412
340	500
340	559
340	573
340	705
341	9
341	100
341	373
341	405
341	463
341	908
341	914
342	79
342	85
342	230
342	235
342	301
342	354
342	552
343	167
343	169
343	254
343	320
343	389
343	507
343	534
344	439
344	442
344	501
344	593
344	631
344	799
344	812
345	33
345	35
345	436
345	490
345	673
345	862
345	864
346	55
346	247
346	475
346	511
346	514
346	650
346	713
347	469
347	489
347	616
347	876
347	901
347	948
347	987
348	713
348	746
348	768
348	792
348	811
348	904
348	938
349	32
349	401
349	458
349	502
349	784
349	788
349	838
350	85
350	109
350	363
350	815
350	856
350	880
350	903
351	141
351	152
351	302
351	371
351	411
351	445
351	677
352	199
352	414
352	527
352	541
352	612
352	884
352	946
353	502
353	725
353	835
353	891
353	902
353	920
353	957
354	79
354	85
354	230
354	301
354	342
354	406
354	448
355	108
355	471
355	835
355	861
355	882
355	885
355	892
356	15
356	58
356	59
356	166
356	232
356	436
356	927
357	18
357	96
357	114
357	191
357	470
357	546
357	790
357	867
358	98
358	219
358	497
358	597
358	675
358	680
358	773
358	942
359	83
359	98
359	147
359	215
359	384
359	582
359	629
359	930
360	266
360	270
360	443
360	624
360	795
360	855
360	962
360	994
361	363
361	397
361	481
361	518
361	650
361	776
361	856
361	880
362	86
362	262
362	300
362	388
362	498
362	539
362	571
362	892
363	350
363	361
363	776
363	815
363	856
363	880
363	941
363	964
364	287
364	739
364	877
364	909
364	919
364	922
364	932
364	971
365	60
365	282
365	575
365	625
365	636
365	640
365	719
365	740
366	26
366	111
366	157
366	231
366	413
366	477
366	577
366	744
367	28
367	151
367	261
367	425
367	430
367	581
367	628
367	854
368	275
368	288
368	631
368	712
368	740
368	799
368	812
368	873
369	317
369	502
369	569
369	578
369	641
369	784
369	788
369	838
370	620
370	622
370	664
370	668
370	718
370	722
370	759
370	945
371	152
371	211
371	302
371	351
371	411
371	445
371	457
371	778
372	547
372	699
372	733
372	766
372	771
372	805
372	861
372	908
373	9
373	100
373	174
373	195
373	341
373	463
373	755
373	978
374	331
374	589
374	599
374	721
374	741
374	749
374	775
374	825
375	40
375	254
375	291
375	894
375	916
375	949
375	960
375	984
376	712
376	754
376	763
376	798
376	804
376	841
376	867
376	870
377	557
377	899
377	906
377	954
377	955
377	967
377	974
377	998
378	255
378	310
378	328
378	392
378	657
378	661
378	666
378	685
379	338
379	384
379	645
379	673
379	873
379	911
379	940
379	986
380	464
380	550
380	945
380	961
380	981
380	992
380	996
380	999
381	42
381	584
381	706
381	823
381	828
381	871
381	876
381	890
382	332
382	340
382	412
382	500
382	573
382	705
382	725
382	729
383	643
383	722
383	887
383	963
383	975
383	982
383	989
383	1000
384	359
384	379
384	596
384	858
384	911
384	940
384	986
384	994
385	24
385	71
385	102
385	160
385	410
385	510
385	563
385	643
386	533
386	600
386	625
386	865
386	884
386	905
386	941
386	965
387	62
387	889
387	928
387	937
387	972
387	979
387	983
387	985
388	86
388	105
388	262
388	362
388	498
388	539
388	921
388	998
389	42
389	167
389	169
389	320
389	343
389	534
389	791
389	980
390	217
390	591
390	752
390	842
390	853
390	860
390	881
390	974
391	266
391	589
391	753
391	759
391	795
391	818
391	962
391	994
392	145
392	328
392	378
392	657
392	661
392	666
392	797
392	963
393	691
393	698
393	814
393	831
393	918
393	951
393	954
393	967
394	310
394	333
394	337
394	653
394	670
394	686
394	829
394	857
395	439
395	683
395	849
395	851
395	926
395	943
395	966
395	991
396	617
396	798
396	804
396	841
396	867
396	870
396	892
396	956
397	122
397	361
397	518
397	657
397	776
397	856
397	880
397	888
398	764
398	850
398	882
398	905
398	929
398	973
398	980
398	993
399	13
399	37
399	107
399	190
399	294
399	431
399	578
399	746
400	482
400	795
400	863
400	874
400	937
400	976
400	983
400	985
401	273
401	349
401	569
401	573
401	641
401	784
401	788
401	838
402	298
402	299
402	576
402	647
402	735
402	755
402	807
402	908
403	57
403	194
403	234
403	454
403	580
403	720
403	729
403	828
404	53
404	92
404	229
404	259
404	316
404	634
404	737
404	846
405	100
405	174
405	195
405	200
405	341
405	463
405	491
405	708
406	51
406	154
406	208
406	216
406	221
406	278
406	287
406	354
407	284
407	429
407	432
407	535
407	639
407	862
407	864
407	883
408	79
408	446
408	596
408	832
408	858
408	873
408	911
408	986
409	46
409	162
409	231
409	532
409	652
409	726
409	800
409	817
410	24
410	84
410	102
410	205
410	385
410	510
410	643
410	685
411	152
411	211
411	302
411	351
411	371
411	419
411	445
411	830
412	340
412	382
412	442
412	500
412	559
412	573
412	705
412	901
413	43
413	44
413	111
413	139
413	231
413	366
413	477
413	577
414	132
414	143
414	352
414	527
414	541
414	576
414	612
414	766
415	295
415	619
415	651
415	663
415	698
415	724
415	732
415	876
416	431
416	542
416	594
416	751
416	789
416	791
416	797
416	801
417	584
417	610
417	617
417	630
417	823
417	828
417	871
417	876
418	610
418	931
418	937
418	972
418	976
418	979
418	983
418	985
419	88
419	411
419	538
419	625
419	647
419	884
419	944
419	965
420	92
420	201
420	229
420	259
420	265
420	316
420	737
420	844
421	497
421	582
421	597
421	675
421	680
421	731
421	773
421	971
422	286
422	504
422	595
422	765
422	837
422	852
422	859
422	930
423	265
423	806
423	905
423	961
423	970
423	992
423	996
423	999
424	229
424	443
424	624
424	707
424	790
424	795
424	818
424	994
425	39
425	151
425	261
425	367
425	553
425	581
425	628
425	706
426	179
426	555
426	558
426	732
426	846
426	904
426	938
426	990
427	203
427	244
427	293
427	325
427	459
427	493
427	496
427	697
428	305
428	309
428	436
428	536
428	601
428	604
428	626
428	982
429	172
429	246
429	407
429	490
429	639
429	854
429	862
429	864
430	39
430	151
430	261
430	316
430	367
430	581
430	628
430	864
431	13
431	37
431	59
431	107
431	190
431	294
431	399
431	416
432	34
432	407
432	543
432	593
432	649
432	660
432	708
432	762
433	72
433	551
433	552
433	570
433	709
433	713
433	745
433	918
434	609
434	787
434	835
434	861
434	882
434	885
434	892
434	956
435	22
435	306
435	460
435	526
435	549
435	590
435	598
435	862
436	49
436	269
436	345
436	356
436	428
436	536
436	601
436	604
437	627
437	787
437	835
437	861
437	882
437	885
437	892
437	927
438	886
438	887
438	896
438	963
438	975
438	983
438	989
438	1000
439	332
439	344
439	395
439	500
439	559
439	573
439	705
439	746
440	43
440	97
440	220
440	456
440	595
440	613
440	808
440	834
441	15
441	83
441	449
441	877
441	907
441	909
441	932
441	971
442	275
442	344
442	412
442	501
442	623
442	712
442	799
442	812
443	39
443	196
443	360
443	424
443	624
443	962
443	986
443	994
444	284
444	803
444	821
444	826
444	832
444	866
444	886
444	921
445	152
445	211
445	302
445	351
445	371
445	411
445	828
445	893
446	408
446	507
446	696
446	736
446	807
446	911
446	940
446	986
447	53
447	298
447	549
447	576
447	615
447	735
447	755
447	807
448	17
448	63
448	246
448	293
448	354
448	493
448	496
448	697
449	441
449	809
449	883
449	909
449	919
449	922
449	932
449	976
450	592
450	628
450	809
450	824
450	889
450	915
450	923
450	927
451	2
451	139
451	545
451	594
451	791
451	797
451	801
451	921
452	13
452	56
452	550
452	567
452	608
452	696
452	717
452	721
453	292
453	695
453	739
453	855
453	862
453	881
453	914
453	984
454	233
454	403
454	519
454	580
454	656
454	720
454	729
454	764
455	89
455	682
455	803
455	821
455	826
455	866
455	886
455	921
456	222
456	290
456	440
456	457
456	655
456	659
456	713
456	716
457	127
457	311
457	315
457	371
457	456
457	655
457	659
457	716
458	81
458	117
458	349
458	542
458	602
458	789
458	791
458	797
459	73
459	427
459	627
459	753
459	790
459	818
459	960
459	962
460	22
460	192
460	218
460	435
460	526
460	590
460	598
460	970
461	223
461	251
461	595
461	613
461	780
461	808
461	834
461	903
462	16
462	23
462	167
462	182
462	194
462	205
462	307
462	889
463	9
463	30
463	174
463	195
463	228
463	341
463	373
463	405
464	177
464	380
464	849
464	851
464	888
464	908
464	943
464	966
465	57
465	620
465	676
465	821
465	826
465	866
465	886
465	921
466	476
466	567
466	608
466	696
466	717
466	721
466	872
466	915
467	7
467	33
467	104
467	131
467	160
467	164
467	268
467	972
468	482
468	597
468	674
468	689
468	690
468	756
468	847
468	866
469	80
469	347
469	481
469	725
469	843
469	891
469	902
469	957
470	18
470	88
470	96
470	114
470	357
470	546
470	671
470	943
471	217
471	310
471	355
471	588
471	591
471	752
471	842
471	853
471	860
472	44
472	491
472	499
472	761
472	769
472	830
472	910
472	913
472	997
473	66
473	80
473	146
473	228
473	578
473	588
473	660
473	669
473	820
474	1
474	222
474	290
474	311
474	315
474	655
474	659
474	690
474	716
475	40
475	55
475	156
475	335
475	346
475	511
475	514
475	650
475	763
476	201
476	466
476	540
476	567
476	608
476	696
476	717
476	721
476	982
477	43
477	111
477	157
477	231
477	366
477	413
477	577
477	886
477	931
478	200
478	611
478	764
478	879
478	905
478	929
478	959
478	960
478	980
479	115
479	123
479	280
479	310
479	653
479	686
479	829
479	857
479	875
480	239
480	579
480	734
480	877
480	883
480	909
480	919
480	922
480	935
481	321
481	361
481	469
481	596
481	843
481	891
481	902
481	920
481	957
482	1
482	400
482	468
482	674
482	689
482	690
482	694
482	756
482	847
483	865
483	928
483	931
483	935
483	972
483	976
483	979
483	983
483	985
484	238
484	495
484	802
484	947
484	952
484	969
484	990
484	991
484	993
485	747
485	824
485	863
485	869
485	933
485	963
485	975
485	989
485	1000
486	142
486	202
486	670
486	823
486	865
486	884
486	941
486	965
486	996
487	172
487	667
487	755
487	794
487	854
487	872
487	878
487	897
487	977
488	47
488	566
488	586
488	622
488	635
488	644
488	677
488	796
488	827
489	81
489	88
489	347
489	749
489	901
489	924
489	948
489	966
489	987
490	105
490	279
490	284
490	345
490	429
490	528
490	535
490	862
490	864
491	283
491	405
491	472
491	663
491	761
491	769
491	830
491	910
491	913
492	723
492	743
492	748
492	765
492	844
492	852
492	859
492	887
492	930
493	203
493	244
493	267
493	293
493	427
493	448
493	496
493	697
493	857
494	4
494	6
494	103
494	141
494	206
494	329
494	508
494	572
494	921
495	484
495	663
495	761
495	769
495	802
495	830
495	910
495	913
495	997
496	203
496	244
496	246
496	427
496	448
496	493
496	508
496	697
496	700
497	320
497	358
497	421
497	592
497	597
497	645
497	675
497	731
497	773
498	86
498	105
498	262
498	300
498	362
498	388
498	539
498	676
498	827
499	472
499	520
499	875
499	890
499	894
499	900
499	903
499	912
499	925
500	340
500	382
500	412
500	439
500	559
500	573
500	648
500	705
500	735
501	17
501	191
501	344
501	442
501	581
501	631
501	799
501	812
501	831
502	309
502	349
502	353
502	369
502	569
502	641
502	784
502	788
502	838
503	156
503	271
503	524
503	754
503	785
503	792
503	831
503	872
503	877
504	422
504	743
504	837
504	844
504	852
504	859
504	930
504	959
504	991
505	596
505	683
505	736
505	738
505	858
505	873
505	911
505	940
505	986
506	178
506	264
506	593
506	600
506	674
506	694
506	756
506	794
506	847
507	343
507	446
507	596
507	736
507	858
507	882
507	911
507	940
507	986
508	6
508	103
508	141
508	206
508	268
508	329
508	494
508	496
508	572
509	5
509	70
509	188
509	513
509	520
509	665
509	672
509	781
509	975
510	24
510	71
510	102
510	304
510	385
510	410
510	566
510	606
510	643
511	8
511	40
511	335
511	346
511	475
511	514
511	631
511	650
511	968
512	155
512	245
512	741
512	917
512	947
512	953
512	969
512	990
512	993
513	70
513	101
513	188
513	509
513	520
513	665
513	672
513	848
513	898
514	40
514	335
514	346
514	475
514	511
514	516
514	650
514	933
514	983
515	29
515	119
515	192
515	253
515	339
515	556
515	560
515	590
515	909
516	227
516	292
516	514
516	632
516	633
516	739
516	758
516	839
516	855
517	529
517	554
517	583
517	687
517	692
517	707
517	710
517	885
518	235
518	361
518	397
518	541
518	776
518	815
518	856
518	880
518	944
519	93
519	233
519	234
519	454
519	580
519	720
519	729
519	795
519	998
520	5
520	101
520	188
520	499
520	509
520	513
520	665
520	672
520	886
521	60
521	282
521	575
521	640
521	719
521	740
521	762
521	939
521	995
522	54
522	255
522	704
522	763
522	798
522	804
522	841
522	867
522	870
523	538
523	568
523	626
523	670
523	717
523	865
523	941
523	944
523	965
524	336
524	503
524	576
524	636
524	782
524	785
524	792
524	819
524	831
525	96
525	667
525	794
525	854
525	872
525	878
525	897
525	977
525	990
526	218
526	238
526	435
526	460
526	549
526	590
526	598
526	913
526	943
527	19
527	132
527	143
527	154
527	199
527	352
527	414
527	541
527	612
528	490
528	810
528	833
528	868
528	879
528	942
528	959
528	988
528	997
529	517
529	532
529	583
529	679
529	687
529	692
529	707
529	710
530	87
530	150
530	586
530	635
530	644
530	682
530	750
530	796
530	827
531	569
531	725
531	843
531	891
531	901
531	902
531	920
531	957
531	960
532	60
532	326
532	409
532	529
532	658
532	726
532	745
532	800
532	817
533	386
533	838
533	896
533	933
533	952
533	963
533	982
533	989
533	1000
534	42
534	129
534	167
534	169
534	320
534	343
534	389
534	588
534	893
535	35
535	213
535	284
535	407
535	490
535	639
535	862
535	864
535	916
536	49
536	269
536	309
536	428
536	436
536	601
536	604
536	697
536	736
537	121
537	323
537	591
537	642
537	842
537	853
537	860
537	915
537	943
538	274
538	419
538	523
538	558
538	670
538	865
538	941
538	944
538	965
539	105
539	262
539	300
539	362
539	388
539	498
539	678
539	701
539	972
540	476
540	550
540	567
540	608
540	696
540	717
540	721
540	900
540	916
541	37
541	132
541	154
541	199
541	352
541	414
541	518
541	527
541	612
542	161
542	416
542	458
542	543
542	545
542	602
542	791
542	797
542	801
543	142
543	314
543	432
543	542
543	593
543	649
543	660
543	708
543	859
544	674
544	827
544	849
544	851
544	888
544	908
544	926
544	943
544	966
545	117
545	132
545	451
545	542
545	602
545	789
545	791
545	797
545	941
546	18
546	88
546	96
546	114
546	191
546	357
546	470
546	720
546	964
547	202
547	222
547	372
547	684
547	699
547	711
547	733
547	766
547	805
548	577
548	822
548	894
548	899
548	950
548	955
548	964
548	974
548	998
549	52
549	218
549	238
549	435
549	447
549	526
549	590
549	598
549	666
550	278
550	380
550	452
550	540
550	608
550	696
550	717
550	721
550	949
551	41
551	72
551	213
551	433
551	552
551	570
551	709
551	785
551	938
552	41
552	72
552	148
552	342
552	433
552	551
552	570
552	709
552	713
553	425
553	730
553	813
553	840
553	894
553	916
553	936
553	984
553	991
554	10
554	331
554	517
554	589
554	599
554	701
554	775
554	796
554	825
555	245
555	275
555	426
555	727
555	746
555	768
555	846
555	904
555	938
556	29
556	119
556	192
556	253
556	339
556	515
556	560
556	670
556	911
557	50
557	377
557	721
557	899
557	950
557	955
557	964
557	974
557	998
558	179
558	426
558	538
558	768
558	811
558	846
558	849
558	904
558	938
559	280
559	332
559	340
559	412
559	439
559	500
559	573
559	705
559	857
560	29
560	119
560	192
560	253
560	335
560	339
560	515
560	556
560	616
561	99
561	264
561	674
561	689
561	694
561	756
561	847
561	912
561	968
562	161
562	744
562	764
562	767
562	827
562	901
562	924
562	946
562	948
563	306
563	385
563	774
563	875
563	890
563	900
563	903
563	912
563	925
564	168
564	267
564	605
564	615
564	618
564	622
564	668
564	722
564	759
565	118
565	248
565	258
565	673
565	688
565	751
565	780
565	963
565	981
566	488
566	510
566	586
566	635
566	644
566	716
566	750
566	796
566	827
567	452
567	466
567	476
567	540
567	665
567	696
567	721
567	750
567	923
568	523
568	683
568	728
568	849
568	888
568	908
568	926
568	943
568	966
569	32
569	369
569	401
569	502
569	531
569	641
569	784
569	788
569	815
569	838
570	41
570	213
570	276
570	433
570	551
570	552
570	584
570	709
570	713
570	851
571	61
571	187
571	248
571	258
571	362
571	673
571	688
571	751
571	780
571	913
572	6
572	103
572	141
572	206
572	329
572	494
572	508
572	652
572	778
572	833
573	332
573	340
573	382
573	401
573	412
573	439
573	500
573	559
573	705
573	838
574	723
574	787
574	835
574	861
574	882
574	885
574	892
574	937
575	60
575	260
575	365
575	521
575	576
575	640
575	719
575	740
575	762
575	980
576	181
576	402
576	414
576	447
576	524
576	575
576	615
576	735
576	755
576	807
577	43
577	111
577	157
577	231
577	366
577	413
577	477
577	548
577	850
577	978
578	170
578	186
578	369
578	399
578	473
578	588
578	638
578	669
578	681
578	820
579	480
579	777
579	877
579	883
579	907
579	922
579	932
579	968
579	971
579	985
580	57
580	233
580	234
580	403
580	454
580	519
580	687
580	720
580	729
580	817
581	39
581	151
581	231
581	261
581	367
581	425
581	430
581	501
581	628
581	785
582	83
582	98
582	128
582	147
582	215
582	359
582	421
582	629
582	860
582	982
583	123
583	250
583	517
583	529
583	687
583	692
583	707
583	710
583	782
583	852
584	16
584	381
584	417
584	570
584	706
584	823
584	828
584	871
584	876
584	896
585	307
585	655
585	810
585	868
585	935
585	942
585	959
585	988
585	997
585	1000
586	488
586	530
586	566
586	648
586	677
586	750
586	796
586	831
586	966
586	999
587	331
587	714
587	774
587	875
587	890
587	900
587	903
587	912
587	925
587	930
588	146
588	186
588	471
588	473
588	534
588	578
588	669
588	681
588	820
588	947
589	10
589	374
589	391
589	554
589	599
589	701
589	741
589	775
589	825
589	978
590	22
590	52
590	238
590	252
590	435
590	460
590	515
590	526
590	549
590	598
591	390
591	471
591	537
591	642
591	718
591	752
591	842
591	853
591	860
591	895
592	110
592	166
592	219
592	450
592	497
592	597
592	675
592	680
592	731
592	773
593	34
593	142
593	314
593	344
593	432
593	506
593	543
593	649
593	660
593	708
594	117
594	128
594	139
594	416
594	451
594	643
594	789
594	791
594	801
594	954
595	220
595	251
595	313
595	422
595	440
595	461
595	613
595	620
595	808
595	834
596	384
596	408
596	481
596	505
596	507
596	873
596	891
596	911
596	940
596	986
597	21
597	39
597	358
597	421
597	468
597	497
597	592
597	680
597	731
597	773
598	22
598	52
598	70
598	238
598	435
598	460
598	526
598	549
598	590
598	602
599	36
599	119
599	374
599	554
599	589
599	701
599	741
599	775
599	825
599	973
600	261
600	386
600	506
600	625
600	863
600	865
600	884
600	941
600	944
600	965
601	49
601	92
601	269
601	305
601	309
601	428
601	436
601	536
601	604
601	918
602	277
602	458
602	542
602	545
602	598
602	789
602	791
602	797
602	801
602	894
603	186
603	193
603	212
603	293
603	744
603	868
603	901
603	946
603	948
603	987
604	49
604	269
604	305
604	309
604	428
604	436
604	536
604	601
604	680
604	723
605	3
605	87
605	168
605	326
605	564
605	618
605	664
605	668
605	718
605	759
606	268
606	510
606	684
606	699
606	711
606	733
606	766
606	771
606	798
606	805
607	289
607	772
607	814
607	893
607	895
607	918
607	951
607	954
607	967
607	986
608	452
608	466
608	476
608	540
608	550
608	696
608	710
608	717
608	721
608	974
609	312
609	434
609	848
609	868
609	945
609	961
609	970
609	981
609	996
609	999
610	417
610	418
610	629
610	719
610	754
610	782
610	785
610	792
610	819
610	831
611	209
611	239
611	295
611	478
611	619
611	724
611	732
611	738
611	958
611	993
612	143
612	154
612	199
612	352
612	414
612	527
612	541
612	863
612	927
612	940
613	97
613	220
613	440
613	461
613	595
613	621
613	689
613	808
613	834
613	906
614	282
614	729
614	786
614	917
614	934
614	947
614	953
614	990
614	991
614	993
615	204
615	298
615	299
615	447
615	564
615	576
615	668
615	735
615	755
615	807
616	161
616	347
616	560
616	744
616	746
616	767
616	924
616	946
616	948
616	987
617	308
617	396
617	417
617	740
617	798
617	804
617	841
617	867
617	870
617	936
618	87
618	135
618	168
618	564
618	605
618	664
618	668
618	718
618	722
618	759
619	183
619	239
619	295
619	415
619	611
619	651
619	698
619	724
619	732
619	988
620	370
620	465
620	595
620	646
620	821
620	826
620	866
620	886
620	921
620	953
621	28
621	613
621	703
621	806
621	848
621	902
621	951
621	970
621	981
621	992
622	118
622	168
622	370
622	488
622	564
622	664
622	668
622	718
622	722
622	759
623	18
623	95
623	149
623	442
623	632
623	758
623	796
623	839
623	855
623	881
624	360
624	424
624	443
624	638
624	790
624	818
624	842
624	878
624	962
624	994
625	324
625	365
625	386
625	419
625	600
625	626
625	658
625	865
625	944
625	965
626	13
626	428
626	523
626	625
626	651
626	865
626	884
626	941
626	944
626	965
627	437
627	459
627	753
627	780
627	790
627	795
627	818
627	846
627	962
627	994
628	39
628	151
628	155
628	261
628	367
628	425
628	430
628	450
628	581
628	922
629	83
629	98
629	116
629	128
629	147
629	215
629	359
629	582
629	610
629	857
630	38
630	330
630	417
630	700
630	706
630	823
630	828
630	871
630	874
630	876
631	275
631	288
631	344
631	368
631	501
631	511
631	712
631	799
631	812
631	893
632	516
632	623
632	634
632	685
632	702
632	739
632	839
632	840
632	855
632	914
633	516
633	822
633	898
633	899
633	906
633	950
633	955
633	964
633	974
633	998
634	306
634	404
634	632
634	667
634	715
634	794
634	854
634	872
634	977
634	990
635	488
635	530
635	566
635	648
635	682
635	750
635	796
635	811
635	827
635	905
636	365
636	524
636	723
636	765
636	814
636	837
636	844
636	852
636	859
636	930
637	200
637	638
637	721
637	764
637	850
637	879
637	910
637	929
637	960
637	973
638	267
638	578
638	624
638	637
638	764
638	850
638	929
638	960
638	973
638	980
639	35
639	138
639	279
639	407
639	429
639	535
639	706
639	737
639	862
639	864
640	210
640	260
640	333
640	365
640	521
640	575
640	719
640	734
640	740
640	762
641	45
641	369
641	401
641	502
641	569
641	775
641	784
641	788
641	838
641	916
642	217
642	219
642	323
642	537
642	591
642	752
642	842
642	853
642	860
642	957
643	71
643	84
643	102
643	304
643	383
643	385
643	410
643	510
643	594
643	777
644	24
644	165
644	488
644	530
644	566
644	648
644	677
644	682
644	796
644	827
645	379
645	497
645	742
645	749
645	767
645	924
645	946
645	948
645	949
645	987
646	111
646	620
646	749
646	803
646	821
646	826
646	866
646	886
646	921
646	985
647	324
647	402
647	419
647	670
647	772
647	829
647	865
647	884
647	941
647	944
648	500
648	586
648	635
648	644
648	677
648	682
648	733
648	750
648	796
648	827
649	142
649	163
649	314
649	432
649	543
649	593
649	660
649	708
649	887
649	965
650	8
650	40
650	55
650	335
650	346
650	361
650	475
650	511
650	514
650	717
651	239
651	295
651	415
651	619
651	626
651	695
651	698
651	724
651	732
651	901
652	162
652	182
652	296
652	326
652	409
652	572
652	745
652	783
652	800
652	817
653	150
653	172
653	280
653	394
653	479
653	686
653	768
653	829
653	842
653	857
654	778
654	793
654	850
654	879
654	898
654	905
654	929
654	960
654	973
654	980
655	222
655	290
655	315
655	456
655	457
655	474
655	585
655	659
655	690
655	874
656	85
656	187
656	454
656	683
656	728
656	851
656	888
656	908
656	926
656	966
657	35
657	145
657	185
657	328
657	378
657	392
657	397
657	661
657	666
657	999
658	46
658	94
658	296
658	326
658	532
658	625
658	662
658	745
658	783
658	817
659	222
659	290
659	315
659	456
659	457
659	474
659	655
659	716
659	944
659	997
660	34
660	142
660	314
660	432
660	473
660	543
660	593
660	649
660	708
660	988
661	185
661	255
661	273
661	328
661	378
661	392
661	657
661	666
661	687
661	753
662	658
662	809
662	869
662	887
662	946
662	952
662	975
662	982
662	989
662	1000
663	69
663	126
663	415
663	491
663	495
663	761
663	769
663	830
663	910
663	913
663	943
664	87
664	211
664	370
664	605
664	618
664	622
664	668
664	718
664	722
664	759
664	932
665	5
665	70
665	101
665	188
665	242
665	509
665	513
665	520
665	567
665	672
665	789
666	145
666	185
666	255
666	328
666	378
666	392
666	549
666	657
666	661
666	799
666	996
667	92
667	218
667	306
667	487
667	525
667	634
667	715
667	872
667	878
667	897
667	977
668	370
668	564
668	605
668	615
668	618
668	622
668	664
668	718
668	722
668	759
668	902
669	52
669	66
669	75
669	228
669	473
669	578
669	588
669	681
669	728
669	774
669	820
670	324
670	394
670	486
670	523
670	538
670	556
670	647
670	885
670	941
670	944
670	965
671	470
671	741
671	747
671	933
671	952
671	958
671	963
671	975
671	982
671	989
671	1000
672	5
672	10
672	70
672	101
672	188
672	509
672	513
672	520
672	665
672	783
672	865
673	61
673	187
673	248
673	345
673	379
673	565
673	571
673	688
673	751
673	780
673	866
674	264
674	468
674	482
674	506
674	544
674	561
674	689
674	694
674	756
674	813
674	847
675	34
675	58
675	110
675	358
675	421
675	497
675	592
675	680
675	731
675	773
675	970
676	465
676	498
676	734
676	877
676	883
676	907
676	909
676	912
676	922
676	932
676	971
677	351
677	488
677	586
677	644
677	648
677	682
677	750
677	796
677	809
677	827
677	996
678	539
678	699
678	704
678	772
678	814
678	893
678	895
678	918
678	951
678	954
678	967
679	147
679	159
679	529
679	730
679	731
679	813
679	894
679	916
679	936
679	949
679	984
680	110
680	219
680	358
680	421
680	592
680	597
680	604
680	675
680	731
680	773
680	785
681	75
681	146
681	170
681	228
681	578
681	588
681	669
681	820
681	849
681	934
681	977
682	140
682	185
682	455
682	530
682	635
682	644
682	648
682	677
682	750
682	796
682	827
683	157
683	395
683	505
683	568
683	656
683	728
683	849
683	888
683	908
683	943
683	966
684	263
684	299
684	547
684	606
684	699
684	711
684	733
684	766
684	771
684	805
684	817
685	378
685	410
685	632
685	695
685	702
685	739
685	758
685	784
685	855
685	881
685	914
686	103
686	140
686	310
686	337
686	394
686	479
686	653
686	821
686	829
686	853
686	857
687	123
687	250
687	517
687	529
687	580
687	583
687	661
687	692
687	707
687	710
687	855
688	61
688	64
688	248
688	258
688	565
688	571
688	673
688	751
688	780
688	909
688	990
689	178
689	301
689	308
689	468
689	482
689	561
689	613
689	674
689	694
689	756
689	847
690	20
690	99
690	178
690	264
690	468
690	474
690	482
690	655
690	694
690	756
690	847
691	393
691	772
691	858
691	893
691	895
691	910
691	918
691	951
691	954
691	967
691	988
692	123
692	250
692	517
692	529
692	583
692	687
692	707
692	710
692	780
692	911
692	923
693	236
693	291
693	301
693	304
693	334
693	716
693	894
693	916
693	936
693	949
693	984
694	99
694	153
694	482
694	506
694	561
694	674
694	689
694	690
694	756
694	847
694	999
695	113
695	149
695	453
695	651
695	685
695	808
695	839
695	855
695	881
695	914
695	928
696	69
696	446
696	452
696	466
696	476
696	540
696	550
696	567
696	608
696	717
696	721
697	63
697	244
697	246
697	293
697	427
697	448
697	493
697	496
697	536
697	815
697	982
698	31
698	201
698	209
698	239
698	393
698	415
698	619
698	651
698	724
698	732
698	907
699	82
699	372
699	547
699	606
699	678
699	684
699	711
699	733
699	766
699	771
699	805
700	30
700	327
700	496
700	630
700	706
700	758
700	790
700	823
700	828
700	871
700	876
701	36
701	331
701	539
701	554
701	589
701	599
701	741
701	775
701	793
701	825
701	994
702	64
702	227
702	292
702	334
702	632
702	685
702	835
702	839
702	855
702	914
702	968
703	212
703	621
703	707
703	848
703	939
703	945
703	961
703	970
703	981
703	992
703	999
704	314
704	522
704	678
704	793
704	845
704	898
704	956
704	958
704	968
704	978
704	995
705	151
705	235
705	332
705	340
705	382
705	412
705	439
705	500
705	559
705	573
705	981
706	168
706	381
706	425
706	584
706	630
706	639
706	700
706	823
706	828
706	871
706	876
707	54
707	123
707	250
707	424
707	517
707	529
707	583
707	687
707	692
707	703
707	710
708	34
708	142
708	314
708	405
708	432
708	543
708	593
708	649
708	660
708	779
708	951
709	41
709	72
709	213
709	276
709	433
709	551
709	552
709	570
709	713
709	818
709	878
710	123
710	250
710	517
710	529
710	583
710	608
710	687
710	692
710	707
710	858
710	992
711	181
711	263
711	547
711	606
711	684
711	699
711	733
711	766
711	771
711	772
711	805
712	17
712	275
712	288
712	368
712	376
712	442
712	631
712	733
712	799
712	812
712	935
713	41
713	72
713	213
713	276
713	346
713	348
713	433
713	456
713	552
713	570
713	709
714	279
714	587
714	774
714	802
714	875
714	890
714	900
714	903
714	912
714	925
715	634
715	667
715	761
715	774
715	779
715	794
715	854
715	872
715	878
715	897
715	977
716	222
716	251
716	290
716	311
716	315
716	456
716	457
716	474
716	566
716	659
716	693
717	452
717	466
717	476
717	523
717	540
717	550
717	608
717	650
717	696
717	721
717	767
718	168
718	370
718	591
718	605
718	618
718	622
718	664
718	668
718	722
718	759
718	846
719	210
719	260
719	365
719	521
719	575
719	610
719	640
719	740
719	762
719	771
719	793
720	57
720	93
720	164
720	233
720	234
720	403
720	454
720	519
720	546
720	580
720	729
720	880
721	374
721	452
721	466
721	476
721	540
721	550
721	557
721	567
721	608
721	637
721	696
721	717
722	25
722	87
722	370
722	383
722	564
722	618
722	622
722	664
722	668
722	718
722	759
722	766
723	108
723	127
723	492
723	574
723	604
723	636
723	765
723	815
723	844
723	852
723	859
723	930
724	148
724	201
724	239
724	295
724	415
724	611
724	619
724	651
724	698
724	732
724	775
724	952
725	78
725	297
725	353
725	382
725	469
725	531
725	891
725	902
725	920
725	931
725	957
725	1000
726	26
726	296
726	326
726	409
726	532
726	745
726	783
726	800
726	817
726	835
726	889
726	1000
727	322
727	555
727	779
727	812
727	822
727	899
727	906
727	950
727	955
727	964
727	974
727	998
728	121
728	568
728	656
728	669
728	683
728	775
728	851
728	888
728	908
728	926
728	943
728	966
729	57
729	93
729	233
729	234
729	382
729	403
729	454
729	519
729	580
729	614
729	720
729	763
730	236
730	336
730	553
730	679
730	813
730	836
730	840
730	895
730	916
730	949
730	952
730	984
731	36
731	110
731	219
731	421
731	497
731	592
731	597
731	675
731	679
731	680
731	773
731	963
732	170
732	201
732	209
732	295
732	415
732	426
732	611
732	619
732	651
732	698
732	724
732	791
733	5
733	372
733	547
733	606
733	648
733	684
733	699
733	711
733	712
733	766
733	771
733	805
734	480
734	640
734	676
734	805
734	883
734	907
734	909
734	919
734	922
734	932
734	969
734	971
735	181
735	236
735	298
735	299
735	402
735	447
735	500
735	576
735	615
735	755
735	807
735	894
736	48
736	113
736	276
736	446
736	505
736	507
736	536
736	858
736	873
736	911
736	940
736	986
737	53
737	92
737	229
737	242
737	259
737	265
737	288
737	316
737	404
737	420
737	639
737	788
738	236
738	505
738	611
738	813
738	836
738	840
738	856
738	894
738	916
738	936
738	949
738	984
739	64
739	95
739	96
739	292
739	364
739	453
739	516
739	632
739	685
739	799
739	855
739	881
740	210
740	260
740	282
740	365
740	368
740	521
740	575
740	617
740	640
740	719
740	762
740	799
741	10
741	36
741	175
741	374
741	512
741	589
741	599
741	671
741	701
741	775
741	782
741	825
742	161
742	212
742	645
742	749
742	870
742	901
742	924
742	946
742	948
742	971
742	981
742	987
743	127
743	133
743	492
743	504
743	751
743	765
743	807
743	837
743	844
743	852
743	859
743	930
744	158
744	193
744	366
744	562
744	603
744	616
744	749
744	767
744	924
744	942
744	946
744	987
745	26
745	336
745	433
745	532
745	652
745	658
745	726
745	783
745	800
745	817
745	890
745	976
746	256
746	283
746	348
746	399
746	439
746	555
746	616
746	768
746	811
746	846
746	904
746	938
747	69
747	263
747	485
747	671
747	869
747	888
747	896
747	933
747	952
747	963
747	982
747	989
748	492
748	806
748	848
748	924
748	945
748	949
748	961
748	970
748	981
748	992
748	996
748	999
749	374
749	489
749	645
749	646
749	742
749	744
749	767
749	901
749	924
749	940
749	946
749	987
750	530
750	566
750	567
750	586
750	635
750	648
750	677
750	682
750	757
750	796
750	827
750	887
751	61
751	187
751	248
751	258
751	416
751	565
751	571
751	673
751	688
751	743
751	780
751	868
752	121
752	302
752	323
752	390
752	471
752	591
752	642
752	842
752	853
752	860
752	880
752	897
753	196
753	284
753	391
753	459
753	627
753	661
753	790
753	795
753	818
753	920
753	962
753	994
754	62
754	97
754	133
754	243
754	271
754	376
754	503
754	610
754	782
754	792
754	819
754	831
755	181
755	204
755	299
755	373
755	402
755	447
755	487
755	576
755	615
755	735
755	807
755	884
756	468
756	482
756	506
756	561
756	674
756	689
756	690
756	694
756	847
756	912
756	926
756	942
757	211
757	750
757	793
757	816
757	845
757	898
757	956
757	958
757	968
757	978
757	981
757	995
758	95
758	292
758	318
758	516
758	623
758	685
758	700
758	839
758	855
758	881
758	914
758	961
759	370
759	391
759	564
759	605
759	618
759	622
759	664
759	668
759	718
759	722
759	810
759	842
760	853
760	874
760	928
760	931
760	937
760	961
760	966
760	972
760	976
760	979
760	983
760	985
761	47
761	148
761	294
761	472
761	491
761	495
761	663
761	715
761	805
761	830
761	910
761	913
762	60
762	210
762	222
762	260
762	282
762	432
762	521
762	575
762	640
762	719
762	740
762	914
763	12
763	289
763	320
763	376
763	475
763	522
763	729
763	798
763	804
763	841
763	867
763	870
764	398
764	454
764	478
764	562
764	637
764	638
764	778
764	850
764	879
764	905
764	929
764	973
765	108
765	422
765	492
765	636
765	723
765	743
765	837
765	844
765	848
765	852
765	901
765	907
765	930
766	263
766	372
766	414
766	547
766	606
766	684
766	699
766	711
766	722
766	733
766	771
766	805
766	860
767	81
767	562
767	616
767	645
767	717
767	744
767	749
767	804
767	901
767	924
767	930
767	946
767	948
768	256
768	283
768	348
768	555
768	558
768	653
768	746
768	811
768	814
768	846
768	904
768	938
768	974
769	44
769	47
769	69
769	126
769	472
769	491
769	495
769	663
769	810
769	851
769	910
769	913
769	969
770	845
770	863
770	874
770	928
770	931
770	937
770	962
770	972
770	976
770	979
770	983
770	985
770	991
771	209
771	257
771	263
771	280
771	372
771	606
771	684
771	699
771	711
771	719
771	733
771	766
771	805
772	607
772	647
772	678
772	691
772	711
772	814
772	893
772	895
772	910
772	918
772	951
772	954
772	967
773	45
773	110
773	115
773	219
773	358
773	421
773	497
773	592
773	597
773	675
773	680
773	731
773	976
774	225
774	563
774	587
774	669
774	714
774	715
774	875
774	890
774	900
774	903
774	912
774	925
775	10
775	36
775	331
775	374
775	554
775	589
775	599
775	641
775	701
775	724
775	728
775	741
775	825
776	27
776	109
776	216
776	235
776	263
776	361
776	363
776	397
776	518
776	815
776	843
776	856
776	880
777	91
777	579
777	643
777	877
777	883
777	891
777	907
777	909
777	919
777	922
777	932
777	971
777	980
778	267
778	371
778	572
778	654
778	764
778	841
778	850
778	879
778	905
778	929
778	960
778	973
778	980
779	237
779	708
779	715
779	727
779	822
779	899
779	906
779	917
779	950
779	955
779	964
779	974
779	998
780	61
780	187
780	208
780	248
780	258
780	461
780	565
780	571
780	627
780	673
780	688
780	692
780	751
781	25
781	509
781	832
781	917
781	928
781	934
781	947
781	953
781	969
781	983
781	990
781	991
781	993
782	50
782	243
782	271
782	524
782	583
782	610
782	741
782	754
782	785
782	792
782	819
782	831
782	970
783	46
783	217
783	296
783	326
783	336
783	652
783	658
783	672
783	726
783	745
783	800
783	817
783	867
784	32
784	45
784	349
784	369
784	401
784	502
784	569
784	641
784	685
784	788
784	838
784	921
784	938
785	50
785	62
785	243
785	271
785	503
785	524
785	551
785	581
785	610
785	680
785	782
785	792
785	819
786	79
786	614
786	802
786	818
786	917
786	934
786	947
786	953
786	969
786	971
786	990
786	991
786	993
787	44
787	214
787	270
787	305
787	434
787	437
787	574
787	835
787	861
787	882
787	885
787	892
787	982
788	32
788	45
788	349
788	369
788	401
788	502
788	569
788	641
788	737
788	784
788	838
788	897
788	989
789	112
789	117
789	139
789	416
789	458
789	545
789	594
789	602
789	665
789	791
789	797
789	801
789	995
790	73
790	183
790	251
790	357
790	424
790	459
790	624
790	627
790	700
790	753
790	818
790	962
790	994
791	327
791	389
791	416
791	451
791	458
791	542
791	545
791	594
791	602
791	732
791	789
791	797
791	801
792	50
792	348
792	503
792	524
792	610
792	754
792	782
792	785
792	819
792	831
792	916
792	945
792	962
793	654
793	701
793	704
793	719
793	757
793	816
793	845
793	898
793	956
793	958
793	968
793	978
793	995
794	129
794	281
794	487
794	506
794	525
794	634
794	715
794	854
794	872
794	878
794	896
794	897
794	977
795	183
795	266
795	360
795	391
795	400
795	424
795	519
795	627
795	753
795	818
795	962
795	970
795	994
796	488
796	530
796	554
796	566
796	586
796	623
796	635
796	644
796	648
796	677
796	682
796	750
796	827
797	139
797	257
797	392
797	416
797	451
797	458
797	542
797	545
797	602
797	789
797	791
797	801
797	933
798	12
798	308
798	376
798	396
798	522
798	606
798	617
798	763
798	832
798	841
798	867
798	870
798	880
799	17
799	275
799	288
799	344
799	368
799	442
799	501
799	631
799	666
799	712
799	739
799	740
799	812
800	162
800	296
800	336
800	409
800	532
800	652
800	726
800	745
800	783
800	817
800	827
800	906
800	964
801	117
801	139
801	281
801	416
801	451
801	542
801	594
801	602
801	789
801	791
801	797
801	878
801	910
802	484
802	495
802	714
802	786
802	816
802	832
802	839
802	934
802	947
802	969
802	990
802	991
802	993
803	65
803	106
803	335
803	444
803	455
803	646
803	816
803	821
803	826
803	866
803	886
803	921
803	965
804	54
804	294
804	308
804	376
804	396
804	522
804	617
804	763
804	767
804	841
804	867
804	870
804	879
805	263
805	372
805	547
805	606
805	684
805	699
805	711
805	733
805	734
805	761
805	766
805	771
805	984
806	158
806	423
806	621
806	748
806	939
806	945
806	970
806	972
806	981
806	988
806	992
806	996
806	999
807	181
807	204
807	298
807	299
807	318
807	402
807	446
807	447
807	576
807	615
807	735
807	743
807	755
808	97
808	220
808	223
808	251
808	313
808	440
808	461
808	595
808	613
808	695
808	834
808	838
808	891
809	19
809	449
809	450
809	662
809	677
809	824
809	889
809	915
809	923
809	927
809	936
810	89
810	528
810	585
810	759
810	769
810	833
810	868
810	935
810	959
810	988
810	992
810	997
810	998
811	179
811	232
811	245
811	256
811	348
811	558
811	635
811	746
811	768
811	846
811	904
811	938
811	967
812	17
812	170
812	236
812	275
812	288
812	344
812	368
812	442
812	501
812	631
812	712
812	727
812	799
813	205
813	334
813	553
813	674
813	679
813	730
813	738
813	894
813	916
813	936
813	949
813	975
813	984
814	393
814	607
814	636
814	678
814	768
814	772
814	893
814	895
814	903
814	918
814	951
814	954
814	967
815	27
815	109
815	122
815	235
815	350
815	363
815	518
815	569
815	697
815	723
815	776
815	818
815	856
815	880
816	757
816	793
816	802
816	803
816	845
816	892
816	898
816	919
816	956
816	958
816	968
816	978
816	995
817	26
817	162
817	291
817	336
817	409
817	532
817	580
817	652
817	658
817	684
817	726
817	745
817	783
817	800
818	73
818	266
818	391
818	424
818	459
818	624
818	627
818	709
818	753
818	786
818	790
818	795
818	815
818	994
819	50
819	62
819	243
819	271
819	524
819	610
819	754
819	782
819	785
819	792
819	831
819	840
819	911
819	975
820	66
820	75
820	146
820	150
820	170
820	171
820	186
820	228
820	473
820	578
820	588
820	669
820	681
820	922
821	106
821	125
821	444
821	455
821	465
821	620
821	646
821	686
821	803
821	826
821	834
821	866
821	886
821	921
822	122
822	548
822	633
822	727
822	779
822	830
822	871
822	906
822	932
822	950
822	955
822	964
822	974
822	998
823	29
823	30
823	327
823	381
823	417
823	486
823	584
823	630
823	700
823	706
823	824
823	828
823	871
823	876
824	112
824	134
824	138
824	221
824	277
824	450
824	485
824	809
824	823
824	889
824	908
824	915
824	923
824	927
825	10
825	23
825	36
825	77
825	113
825	331
825	374
825	554
825	589
825	599
825	701
825	741
825	775
825	952
826	119
826	180
826	444
826	455
826	465
826	620
826	646
826	803
826	821
826	866
826	886
826	921
826	923
826	976
827	488
827	498
827	530
827	544
827	562
827	566
827	635
827	644
827	648
827	677
827	682
827	750
827	796
827	800
828	30
828	38
828	381
828	403
828	417
828	445
828	584
828	630
828	700
828	706
828	823
828	871
828	876
828	977
829	115
829	140
829	161
829	280
829	297
829	333
829	337
829	394
829	479
829	647
829	653
829	686
829	857
829	966
830	47
830	69
830	126
830	148
830	411
830	472
830	491
830	495
830	663
830	761
830	822
830	900
830	910
830	913
831	14
831	62
831	243
831	271
831	393
831	501
831	503
831	524
831	586
831	610
831	754
831	782
831	792
831	819
832	324
832	408
832	444
832	781
832	798
832	802
832	917
832	934
832	947
832	953
832	969
832	990
832	991
832	993
833	136
833	225
833	313
833	528
833	572
833	810
833	846
833	868
833	935
833	938
833	942
833	959
833	988
833	997
834	42
834	97
834	220
834	223
834	251
834	313
834	440
834	461
834	595
834	613
834	808
834	821
834	957
834	977
835	214
835	353
835	355
835	434
835	437
835	574
835	702
835	726
835	787
835	861
835	882
835	885
835	892
835	910
836	159
836	254
836	262
836	291
836	730
836	738
836	840
836	869
836	916
836	936
836	939
836	949
836	962
836	984
837	108
837	215
837	422
837	504
837	636
837	743
837	765
837	844
837	852
837	859
837	887
837	930
837	946
837	992
838	32
838	45
838	349
838	369
838	401
838	502
838	533
838	569
838	573
838	641
838	784
838	788
838	808
838	883
839	64
839	95
839	227
839	272
839	516
839	623
839	632
839	695
839	702
839	758
839	802
839	902
839	914
839	944
840	159
840	553
840	632
840	730
840	738
840	819
840	836
840	852
840	894
840	907
840	916
840	936
840	949
840	984
841	12
841	63
841	308
841	376
841	396
841	522
841	617
841	763
841	778
841	798
841	804
841	867
841	870
841	973
842	121
842	217
842	323
842	390
842	471
842	537
842	591
842	624
842	642
842	653
842	752
842	759
842	853
842	860
843	78
843	130
843	184
843	297
843	318
843	332
843	469
843	481
843	531
843	776
843	891
843	902
843	920
843	957
844	420
844	492
844	504
844	636
844	723
844	743
844	765
844	837
844	852
844	859
844	868
844	930
844	931
844	932
845	704
845	757
845	770
845	793
845	816
845	898
845	933
845	956
845	958
845	968
845	978
845	979
845	981
845	995
846	54
846	245
846	283
846	404
846	426
846	555
846	558
846	627
846	718
846	746
846	768
846	811
846	833
846	904
846	938
847	99
847	178
847	208
847	264
847	321
847	468
847	482
847	506
847	561
847	674
847	689
847	690
847	694
847	756
847	937
848	93
848	241
848	249
848	513
848	609
848	621
848	703
848	748
848	765
848	939
848	961
848	970
848	992
848	996
848	999
849	46
849	395
849	464
849	544
849	558
849	568
849	681
849	683
849	851
849	888
849	908
849	926
849	943
849	966
849	974
850	130
850	398
850	577
850	637
850	638
850	654
850	764
850	778
850	879
850	905
850	929
850	945
850	960
850	973
850	980
851	14
851	58
851	395
851	464
851	544
851	570
851	656
851	728
851	769
851	849
851	888
851	908
851	926
851	943
851	966
852	285
852	422
852	492
852	504
852	583
852	636
852	723
852	743
852	765
852	837
852	840
852	844
852	859
852	930
852	971
853	121
853	217
853	323
853	390
853	471
853	537
853	591
853	642
853	686
853	752
853	760
853	842
853	860
853	948
853	969
854	173
854	229
854	306
854	367
854	429
854	487
854	525
854	634
854	715
854	794
854	872
854	878
854	897
854	963
854	977
855	149
855	265
855	360
855	453
855	516
855	623
855	632
855	685
855	687
855	695
855	702
855	739
855	758
855	881
855	884
856	27
856	109
856	122
856	235
856	350
856	361
856	363
856	397
856	518
856	738
856	776
856	815
856	880
856	937
856	941
857	115
857	140
857	150
857	280
857	310
857	333
857	337
857	394
857	479
857	493
857	559
857	629
857	653
857	686
857	829
858	48
858	313
858	338
858	384
858	408
858	505
858	507
858	691
858	710
858	736
858	873
858	911
858	920
858	940
858	986
859	78
859	108
859	127
859	422
859	492
859	504
859	543
859	636
859	723
859	743
859	837
859	844
859	852
859	917
859	930
860	121
860	217
860	288
860	323
860	390
860	471
860	537
860	582
860	591
860	642
860	752
860	766
860	842
860	853
860	925
861	17
861	133
861	214
861	270
861	355
861	372
861	434
861	437
861	574
861	787
861	835
861	882
861	885
861	892
861	960
862	35
862	90
862	172
862	279
862	284
862	345
862	407
862	429
862	435
862	453
862	490
862	535
862	639
862	864
862	989
863	72
863	400
863	485
863	600
863	612
863	770
863	874
863	928
863	931
863	937
863	972
863	976
863	979
863	983
863	985
864	35
864	172
864	279
864	284
864	311
864	345
864	407
864	429
864	430
864	490
864	535
864	639
864	862
864	865
864	1000
865	256
865	386
865	483
865	486
865	523
865	538
865	600
865	625
865	626
865	647
865	672
865	864
865	884
865	941
865	944
865	965
866	65
866	87
866	106
866	444
866	455
866	465
866	468
866	620
866	646
866	673
866	803
866	821
866	826
866	886
866	895
866	921
867	12
867	54
867	308
867	357
867	376
867	396
867	522
867	617
867	763
867	783
867	798
867	804
867	841
867	870
867	877
867	987
868	21
868	225
868	272
868	528
868	585
868	603
868	609
868	751
868	810
868	833
868	844
868	935
868	942
868	959
868	988
868	997
869	117
869	240
869	244
869	485
869	662
869	747
869	836
869	887
869	896
869	933
869	952
869	963
869	975
869	982
869	989
869	1000
870	12
870	54
870	173
870	308
870	376
870	396
870	522
870	617
870	742
870	763
870	798
870	804
870	841
870	867
870	913
870	953
871	20
871	30
871	38
871	173
871	188
871	327
871	381
871	417
871	584
871	630
871	700
871	706
871	822
871	823
871	828
871	876
872	11
872	129
872	283
872	466
872	487
872	503
872	525
872	634
872	667
872	715
872	794
872	854
872	878
872	897
872	951
872	977
873	48
873	171
873	210
873	338
873	368
873	379
873	408
873	505
873	596
873	736
873	858
873	911
873	917
873	940
873	941
873	986
874	141
874	400
874	630
874	655
874	760
874	770
874	863
874	928
874	931
874	936
874	937
874	972
874	976
874	979
874	983
874	985
875	149
875	249
875	260
875	312
875	319
875	479
875	499
875	563
875	587
875	714
875	774
875	890
875	900
875	903
875	912
875	925
876	30
876	38
876	246
876	286
876	327
876	347
876	381
876	415
876	417
876	584
876	630
876	700
876	706
876	823
876	828
876	871
877	8
877	364
877	441
877	480
877	503
877	579
877	676
877	777
877	867
877	883
877	907
877	909
877	919
877	932
877	946
877	971
878	11
878	129
878	144
878	173
878	487
878	525
878	624
878	667
878	709
878	715
878	794
878	801
878	854
878	872
878	897
878	977
879	100
879	200
879	478
879	528
879	637
879	654
879	764
879	778
879	804
879	850
879	905
879	929
879	960
879	973
879	974
879	980
880	27
880	109
880	122
880	235
880	350
880	361
880	363
880	397
880	518
880	720
880	752
880	776
880	798
880	815
880	856
880	967
881	64
881	113
881	124
881	149
881	153
881	227
881	243
881	390
881	453
881	623
881	685
881	695
881	739
881	758
881	855
881	914
882	133
882	214
882	270
882	355
882	398
882	434
882	437
882	507
882	574
882	787
882	835
882	861
882	885
882	890
882	892
882	973
883	199
883	252
883	286
883	407
883	449
883	480
883	579
883	676
883	734
883	777
883	838
883	877
883	907
883	919
883	922
883	971
884	202
884	324
884	352
884	386
884	419
884	486
884	600
884	626
884	647
884	755
884	855
884	865
884	941
884	944
884	965
884	989
885	90
885	133
885	214
885	270
885	307
885	355
885	434
885	437
885	517
885	574
885	670
885	787
885	835
885	861
885	882
885	892
886	65
886	106
886	438
886	444
886	455
886	465
886	477
886	520
886	620
886	646
886	803
886	821
886	826
886	866
886	921
886	958
887	383
887	438
887	492
887	649
887	662
887	750
887	837
887	869
887	896
887	933
887	952
887	963
887	975
887	982
887	989
887	1000
888	94
888	397
888	464
888	544
888	568
888	656
888	683
888	728
888	747
888	849
888	851
888	908
888	925
888	926
888	943
888	966
889	19
889	80
889	112
889	131
889	138
889	277
889	387
889	450
889	462
889	726
889	809
889	824
889	915
889	923
889	924
889	927
890	312
890	317
890	381
890	499
890	563
890	587
890	714
890	745
890	774
890	875
890	882
890	900
890	903
890	912
890	925
890	997
891	253
891	297
891	318
891	321
891	353
891	469
891	481
891	531
891	596
891	725
891	777
891	808
891	843
891	902
891	920
891	957
892	133
892	214
892	270
892	355
892	362
892	396
892	434
892	437
892	574
892	787
892	816
892	835
892	861
892	882
892	885
892	925
893	120
893	247
893	445
893	534
893	607
893	631
893	678
893	691
893	772
893	814
893	895
893	913
893	918
893	947
893	951
893	954
893	967
894	291
894	334
894	375
894	499
894	548
894	553
894	602
894	679
894	693
894	735
894	738
894	813
894	840
894	916
894	949
894	950
894	984
895	120
895	124
895	247
895	591
895	607
895	678
895	691
895	730
895	772
895	814
895	866
895	893
895	918
895	937
895	951
895	954
895	967
896	178
896	438
896	533
896	584
896	747
896	794
896	869
896	887
896	933
896	952
896	954
896	963
896	975
896	979
896	982
896	989
896	1000
897	11
897	73
897	173
897	306
897	487
897	525
897	667
897	715
897	752
897	788
897	794
897	854
897	872
897	878
897	959
897	977
897	993
898	77
898	240
898	303
898	513
898	633
898	654
898	704
898	757
898	793
898	816
898	845
898	939
898	956
898	958
898	968
898	978
898	995
899	136
899	237
899	253
899	339
899	377
899	548
899	557
899	633
899	727
899	779
899	906
899	948
899	950
899	955
899	964
899	974
899	998
900	224
900	312
900	317
900	319
900	499
900	540
900	563
900	587
900	714
900	774
900	830
900	875
900	890
900	903
900	912
900	925
900	967
901	193
901	212
901	347
901	412
901	489
901	531
901	562
901	603
901	651
901	742
901	749
901	765
901	767
901	924
901	946
901	948
901	987
902	184
902	297
902	318
902	321
902	353
902	469
902	481
902	531
902	621
902	668
902	725
902	839
902	843
902	891
902	920
902	957
902	964
903	312
903	317
903	319
903	350
903	461
903	499
903	563
903	587
903	714
903	774
903	814
903	875
903	890
903	900
903	912
903	925
903	989
904	66
904	160
904	179
904	245
904	256
904	271
904	283
904	348
904	426
904	555
904	558
904	746
904	768
904	811
904	846
904	923
904	938
905	94
905	200
905	259
905	330
905	386
905	398
905	423
905	478
905	635
905	654
905	764
905	778
905	850
905	879
905	960
905	973
905	980
906	237
906	257
906	377
906	613
906	633
906	727
906	779
906	800
906	822
906	899
906	950
906	955
906	964
906	974
906	992
906	994
906	998
907	9
907	252
907	441
907	579
907	676
907	698
907	734
907	765
907	777
907	840
907	877
907	883
907	909
907	919
907	922
907	932
907	971
908	341
908	372
908	402
908	464
908	544
908	568
908	656
908	683
908	728
908	824
908	849
908	851
908	888
908	918
908	926
908	943
908	966
909	107
909	131
909	364
909	441
909	449
909	480
909	515
909	676
909	688
909	734
909	777
909	877
909	907
909	919
909	922
909	932
909	971
910	44
910	47
910	126
910	148
910	472
910	491
910	495
910	637
910	663
910	691
910	761
910	769
910	772
910	801
910	830
910	835
910	913
911	34
911	171
911	379
911	384
911	408
911	446
911	505
911	507
911	556
911	596
911	692
911	736
911	819
911	858
911	873
911	940
911	986
912	86
912	312
912	317
912	319
912	499
912	561
912	563
912	587
912	676
912	714
912	756
912	774
912	875
912	890
912	900
912	903
912	925
913	44
913	47
913	69
913	126
913	148
913	472
913	491
913	495
913	526
913	571
913	663
913	761
913	769
913	830
913	870
913	893
913	910
914	64
914	95
914	113
914	227
914	292
914	317
914	341
914	453
914	632
914	685
914	695
914	702
914	758
914	762
914	839
914	881
914	938
915	19
915	80
915	112
915	131
915	134
915	138
915	277
915	296
915	450
915	466
915	537
915	809
915	824
915	889
915	923
915	927
915	984
916	375
916	535
916	540
916	553
916	641
916	679
916	693
916	730
916	738
916	792
916	813
916	836
916	840
916	894
916	936
916	949
916	984
917	116
917	512
917	614
917	779
917	781
917	786
917	832
917	859
917	873
917	934
917	947
917	953
917	954
917	969
917	990
917	991
917	993
918	120
918	124
918	193
918	393
918	433
918	601
918	607
918	678
918	691
918	772
918	814
918	893
918	895
918	908
918	951
918	954
918	967
919	49
919	100
919	164
919	252
919	364
919	449
919	480
919	734
919	777
919	816
919	877
919	883
919	907
919	909
919	922
919	932
919	971
920	78
920	184
920	258
920	297
920	318
920	321
920	323
920	353
920	481
920	531
920	725
920	753
920	843
920	858
920	891
920	902
920	957
921	65
921	106
921	276
921	388
921	444
921	451
921	455
921	465
921	494
921	620
921	646
921	784
921	803
921	821
921	826
921	866
921	886
922	225
922	364
922	449
922	480
922	579
922	628
922	676
922	734
922	777
922	820
922	883
922	907
922	909
922	919
922	932
922	971
922	979
923	19
923	80
923	112
923	131
923	134
923	138
923	277
923	450
923	567
923	692
923	809
923	824
923	826
923	889
923	904
923	915
923	927
924	81
924	95
924	159
924	489
924	562
924	616
924	645
924	742
924	744
924	748
924	749
924	767
924	889
924	901
924	946
924	948
924	987
925	258
925	312
925	317
925	319
925	499
925	563
925	587
925	714
925	774
925	860
925	875
925	888
925	890
925	892
925	900
925	903
925	912
926	14
926	163
926	214
926	395
926	544
926	568
926	656
926	728
926	756
926	849
926	851
926	888
926	908
926	928
926	943
926	966
926	988
927	19
927	80
927	112
927	131
927	134
927	138
927	260
927	277
927	356
927	437
927	450
927	612
927	809
927	824
927	889
927	915
927	923
928	234
928	387
928	483
928	695
928	760
928	770
928	781
928	863
928	874
928	926
928	931
928	937
928	972
928	976
928	979
928	983
928	985
929	65
929	94
929	104
929	127
929	330
929	398
929	478
929	637
929	638
929	654
929	764
929	778
929	850
929	879
929	960
929	980
929	985
930	108
930	127
930	359
930	422
930	492
930	504
930	587
930	636
930	723
930	743
930	765
930	767
930	837
930	844
930	852
930	859
930	960
931	65
931	418
931	477
931	483
931	725
931	760
931	770
931	844
931	863
931	874
931	928
931	937
931	972
931	976
931	979
931	983
931	985
932	252
932	282
932	364
932	441
932	449
932	579
932	664
932	676
932	734
932	777
932	822
932	844
932	877
932	907
932	909
932	919
932	922
932	971
933	179
933	485
933	514
933	533
933	671
933	747
933	797
933	845
933	869
933	887
933	896
933	952
933	963
933	975
933	982
933	989
933	994
933	1000
934	25
934	116
934	153
934	227
934	614
934	681
934	781
934	786
934	802
934	832
934	917
934	947
934	969
934	980
934	985
934	990
934	991
934	993
935	21
935	130
935	136
935	176
935	207
935	272
935	480
935	483
935	585
935	712
935	810
935	833
935	868
935	942
935	959
935	988
935	996
935	997
936	159
936	236
936	254
936	291
936	553
936	617
936	679
936	693
936	738
936	809
936	813
936	836
936	840
936	874
936	916
936	949
936	951
936	984
937	387
937	400
937	418
937	574
937	760
937	770
937	847
937	856
937	863
937	874
937	895
937	928
937	931
937	972
937	976
937	979
937	983
937	985
938	179
938	184
938	245
938	256
938	283
938	348
938	426
938	551
938	555
938	558
938	746
938	768
938	784
938	811
938	833
938	846
938	904
938	914
939	28
939	184
939	241
939	249
939	256
939	521
939	703
939	806
939	836
939	848
939	898
939	945
939	961
939	970
939	981
939	992
939	996
939	999
940	48
940	171
940	321
940	338
940	379
940	384
940	446
940	505
940	507
940	596
940	612
940	736
940	749
940	858
940	873
940	911
940	986
940	997
941	202
941	363
941	386
941	486
941	523
941	538
941	545
941	600
941	626
941	647
941	670
941	856
941	865
941	873
941	884
941	944
941	945
941	965
942	21
942	89
942	130
942	134
942	136
942	176
942	272
942	358
942	528
942	585
942	744
942	756
942	833
942	868
942	935
942	959
942	988
942	997
943	14
943	239
943	395
943	464
943	470
943	526
943	537
943	544
943	568
943	663
943	683
943	728
943	849
943	851
943	888
943	908
943	926
943	966
944	202
944	324
944	419
944	518
944	523
944	538
944	600
944	625
944	626
944	647
944	659
944	670
944	839
944	865
944	884
944	941
944	954
944	965
945	28
945	102
945	370
945	380
945	609
945	703
945	748
945	792
945	806
945	850
945	939
945	941
945	961
945	970
945	981
945	992
945	996
945	999
946	55
946	193
946	352
946	562
946	603
946	616
946	645
946	662
946	742
946	744
946	749
946	767
946	837
946	877
946	901
946	924
946	948
946	987
947	84
947	174
947	484
947	512
947	588
947	614
947	781
947	786
947	802
947	832
947	893
947	917
947	934
947	953
947	969
947	990
947	991
947	993
948	46
948	193
948	212
948	347
948	489
948	562
948	603
948	616
948	645
948	742
948	767
948	853
948	899
948	901
948	924
948	946
948	975
948	987
949	248
949	254
949	291
949	334
949	375
949	550
949	645
949	679
949	693
949	730
949	738
949	748
949	813
949	836
949	840
949	894
949	916
949	936
950	132
950	224
950	237
950	249
950	548
950	557
950	633
950	727
950	779
950	822
950	894
950	899
950	906
950	955
950	964
950	974
950	987
950	998
951	120
951	124
951	247
951	393
951	607
951	621
951	678
951	691
951	708
951	772
951	814
951	872
951	893
951	895
951	918
951	936
951	954
951	967
952	484
952	533
952	662
952	671
952	724
952	730
952	747
952	825
952	869
952	887
952	896
952	933
952	956
952	963
952	975
952	982
952	989
952	1000
953	25
953	32
953	116
953	153
953	512
953	614
953	620
953	781
953	786
953	832
953	870
953	917
953	947
953	969
953	973
953	990
953	991
953	993
954	124
954	247
954	377
954	393
954	594
954	607
954	678
954	691
954	772
954	814
954	893
954	895
954	896
954	917
954	918
954	944
954	951
954	967
955	27
955	145
955	257
955	339
955	377
955	548
955	557
955	633
955	727
955	779
955	822
955	899
955	906
955	950
955	964
955	974
955	996
955	998
956	76
956	82
956	137
956	303
956	305
956	396
956	434
956	704
956	757
956	793
956	816
956	845
956	898
956	952
956	958
956	968
956	978
956	995
957	78
957	184
957	297
957	318
957	321
957	353
957	469
957	481
957	531
957	642
957	725
957	834
957	843
957	891
957	902
957	920
957	961
957	976
958	77
958	137
958	149
958	240
958	252
958	303
958	611
958	671
958	704
958	757
958	793
958	816
958	845
958	886
958	898
958	956
958	968
958	978
958	995
959	21
959	89
959	136
959	176
959	225
959	233
959	478
959	504
959	528
959	585
959	810
959	833
959	868
959	897
959	935
959	942
959	966
959	988
959	997
960	94
960	267
960	330
960	375
960	459
960	478
960	531
960	637
960	638
960	654
960	778
960	850
960	861
960	879
960	905
960	929
960	930
960	973
960	980
961	82
961	110
961	249
961	380
961	423
961	609
961	703
961	748
961	758
961	760
961	848
961	939
961	945
961	957
961	970
961	981
961	992
961	996
961	999
962	6
962	73
962	183
962	196
962	266
962	360
962	391
962	443
962	459
962	624
962	627
962	753
962	770
962	790
962	792
962	795
962	836
962	977
962	994
963	192
963	383
963	392
963	438
963	485
963	533
963	565
963	671
963	731
963	747
963	854
963	869
963	887
963	896
963	933
963	952
963	975
963	982
963	1000
964	237
964	257
964	328
964	363
964	546
964	548
964	557
964	633
964	727
964	779
964	800
964	822
964	899
964	902
964	906
964	950
964	955
964	974
964	998
965	162
965	202
965	298
965	324
965	386
965	419
965	486
965	523
965	538
965	600
965	625
965	626
965	649
965	670
965	803
965	865
965	884
965	941
965	944
966	14
966	395
966	464
966	489
966	544
966	568
966	586
966	656
966	683
966	728
966	760
966	829
966	849
966	851
966	888
966	908
966	926
966	943
966	959
967	120
967	124
967	247
967	377
967	393
967	607
967	678
967	691
967	772
967	811
967	814
967	880
967	893
967	895
967	900
967	918
967	951
967	954
967	978
968	77
968	82
968	137
968	240
968	303
968	511
968	561
968	579
968	702
968	704
968	757
968	793
968	816
968	845
968	898
968	956
968	958
968	978
968	995
969	25
969	153
969	315
969	484
969	512
969	734
969	769
969	781
969	786
969	802
969	832
969	853
969	917
969	934
969	947
969	953
969	990
969	991
969	993
970	249
970	423
970	460
970	609
970	621
970	675
970	703
970	748
970	782
970	795
970	806
970	848
970	939
970	945
970	961
970	973
970	981
970	992
970	999
971	252
971	269
971	364
971	421
971	441
971	579
971	676
971	734
971	742
971	777
971	786
971	852
971	877
971	883
971	907
971	909
971	919
971	922
971	932
972	101
972	387
972	418
972	467
972	483
972	539
972	760
972	770
972	806
972	863
972	874
972	928
972	931
972	937
972	976
972	978
972	979
972	983
972	985
973	94
973	267
973	330
973	398
973	599
973	637
973	638
973	654
973	764
973	778
973	841
973	850
973	879
973	882
973	905
973	953
973	960
973	970
973	980
974	257
974	377
974	390
974	548
974	557
974	608
974	633
974	727
974	768
974	779
974	822
974	849
974	879
974	899
974	906
974	950
974	955
974	964
974	998
975	4
975	383
975	438
975	485
975	509
975	662
975	671
975	813
975	819
975	869
975	887
975	896
975	933
975	948
975	952
975	963
975	982
975	989
975	1000
976	400
976	418
976	449
976	483
976	745
976	760
976	770
976	773
976	826
976	863
976	874
976	928
976	931
976	937
976	957
976	972
976	979
976	983
976	985
977	11
977	129
977	173
977	198
977	306
977	487
977	525
977	634
977	667
977	681
977	715
977	794
977	828
977	834
977	854
977	872
977	878
977	897
977	962
978	77
978	82
978	240
978	303
978	373
978	577
978	589
978	704
978	757
978	793
978	816
978	845
978	898
978	956
978	958
978	967
978	968
978	972
978	995
979	61
979	86
979	387
979	418
979	483
979	760
979	770
979	845
979	863
979	874
979	896
979	922
979	928
979	931
979	937
979	972
979	976
979	983
979	985
980	75
980	200
980	267
980	330
980	389
980	398
980	478
980	575
980	638
980	654
980	777
980	778
980	850
980	879
980	905
980	929
980	934
980	960
980	973
981	28
981	380
981	565
981	609
981	621
981	703
981	705
981	742
981	748
981	757
981	806
981	845
981	939
981	945
981	961
981	970
981	992
981	996
981	999
982	383
982	428
982	476
982	533
982	582
982	662
982	671
982	697
982	747
982	787
982	869
982	887
982	896
982	933
982	952
982	963
982	975
982	989
982	1000
983	12
983	189
983	387
983	400
983	418
983	438
983	483
983	514
983	760
983	770
983	781
983	863
983	874
983	928
983	931
983	937
983	972
983	976
983	979
983	985
984	129
984	134
984	159
984	236
984	254
984	375
984	453
984	553
984	679
984	693
984	730
984	738
984	805
984	813
984	836
984	840
984	894
984	915
984	916
984	936
985	387
985	400
985	418
985	483
985	579
985	646
985	760
985	770
985	863
985	874
985	928
985	929
985	931
985	934
985	937
985	972
985	976
985	979
985	983
985	987
986	38
986	48
986	99
986	171
986	204
986	338
986	379
986	384
986	408
986	443
986	446
986	505
986	507
986	596
986	607
986	736
986	858
986	873
986	911
986	940
987	81
987	161
987	212
987	330
987	347
987	489
987	603
987	616
987	645
987	742
987	744
987	749
987	867
987	901
987	924
987	946
987	948
987	950
987	985
987	992
988	21
988	89
988	130
988	176
988	225
988	272
988	528
988	585
988	619
988	660
988	691
988	806
988	810
988	833
988	868
988	926
988	935
988	942
988	959
988	997
989	14
989	383
989	438
989	485
989	533
989	662
989	671
989	747
989	788
989	862
989	869
989	884
989	887
989	896
989	903
989	933
989	952
989	975
989	982
989	1000
990	25
990	155
990	207
990	426
990	484
990	512
990	525
990	614
990	634
990	688
990	781
990	786
990	802
990	832
990	917
990	934
990	947
990	953
990	969
990	993
991	116
991	153
991	155
991	319
991	395
991	484
991	504
991	553
991	614
991	770
991	781
991	786
991	802
991	832
991	917
991	934
991	947
991	953
991	969
991	993
992	241
992	380
992	423
992	621
992	703
992	710
992	748
992	806
992	810
992	837
992	848
992	906
992	939
992	945
992	961
992	970
992	981
992	987
992	996
992	999
993	56
993	155
993	398
993	484
993	512
993	611
993	614
993	781
993	786
993	802
993	832
993	897
993	917
993	934
993	947
993	953
993	969
993	990
993	991
993	995
994	73
994	109
994	183
994	196
994	266
994	360
994	384
994	391
994	424
994	443
994	624
994	627
994	701
994	753
994	790
994	795
994	818
994	906
994	933
994	962
995	22
995	45
995	77
995	82
995	137
995	240
995	303
995	521
995	704
995	757
995	789
995	793
995	816
995	845
995	898
995	956
995	958
995	968
995	978
995	993
996	28
996	241
996	249
996	380
996	423
996	486
996	609
996	666
996	677
996	748
996	806
996	848
996	935
996	939
996	945
996	955
996	961
996	981
996	992
996	999
997	89
997	130
997	136
997	176
997	225
997	272
997	472
997	495
997	528
997	585
997	659
997	810
997	833
997	868
997	890
997	935
997	940
997	942
997	959
997	988
998	237
998	247
998	257
998	290
998	377
998	388
998	519
998	548
998	557
998	633
998	727
998	779
998	810
998	822
998	899
998	906
998	950
998	955
998	964
998	974
999	137
999	241
999	329
999	380
999	423
999	586
999	609
999	657
999	694
999	703
999	748
999	806
999	848
999	939
999	945
999	961
999	970
999	981
999	992
999	996
1000	311
1000	383
1000	438
1000	485
1000	533
1000	585
1000	662
1000	671
1000	725
1000	726
1000	864
1000	869
1000	887
1000	896
1000	933
1000	952
1000	963
1000	975
1000	982
1000	989
