1	15
2	31
3	27
4	10
5	23
6	16
7	24
8	2
9	26
10	26
11	17
12	23
13	4
14	31
15	18
16	27
17	15
18	6
19	8
20	2
21	7
22	30
23	8
24	9
25	11
26	29
27	3
28	31
29	14
30	31
31	4
32	5
33	16
34	6
35	25
36	24
37	7
38	5
39	13
40	22
41	3
42	24
43	9
44	14
45	6
46	0
47	11
48	18
49	0
50	13
51	0
52	23
53	19
54	27
55	29
56	0
57	25
58	0
59	17
60	17
61	30
62	24
63	12
64	25
65	13
66	25
67	27
68	27
69	17
70	1
71	31
72	18
73	25
74	0
75	9
76	11
77	27
78	11
79	26
80	24
81	10
82	16
83	31
84	21
85	24
86	21
87	29
88	16
89	20
90	16
91	22
92	5
93	4
94	23
95	0
96	31
97	14
98	24
99	19
100	24
101	28
102	24
103	22
104	24
105	14
106	22
107	17
108	19
109	22
110	29
111	19
112	5
113	11
114	5
115	23
116	0
117	4
118	12
119	16
120	24
121	1
122	11
123	6
124	1
125	30
126	29
127	23
128	8
129	3
130	30
131	26
132	27
133	15
134	6
135	0
136	25
137	8
138	3
139	6
140	29
141	0
142	20
143	17
144	15
145	27
146	11
147	3
148	17
149	9
150	13
151	28
152	30
153	9
154	17
155	13
156	15
157	19
158	2
159	27
160	7
161	16
162	21
163	19
164	12
165	1
166	10
167	5
168	29
169	12
170	27
171	10
172	9
173	5
174	2
175	29
176	3
177	31
178	8
179	30
180	3
181	17
182	13
183	10
184	21
185	6
186	11
187	29
188	24
189	3
190	28
191	2
192	14
193	6
194	9
195	20
196	18
197	27
198	3
199	17
200	14
201	9
202	2
203	3
204	15
205	25
206	4
207	22
208	21
209	12
210	1
211	17
212	5
213	13
214	30
215	13
216	24
217	1
218	12
219	12
220	6
221	27
222	9
223	0
224	11
225	17
226	1
227	21
228	16
229	8
230	21
231	22
232	25
233	2
234	0
235	8
236	29
237	24
238	30
239	21
240	14
241	27
242	25
243	28
244	13
245	8
246	8
247	7
248	28
249	25
250	0
251	16
252	20
253	11
254	3
255	21
256	15
257	9
258	21
259	25
260	11
261	22
262	7
263	17
264	23
265	29
266	22
267	3
268	12
269	13
270	8
271	25
272	27
273	11
274	27
275	3
276	29
277	7
278	4
279	10
280	21
281	25
282	24
283	8
284	27
285	28
286	27
287	6
288	20
289	27
290	13
291	23
292	22
293	23
294	23
295	3
296	4
297	18
298	0
299	20
300	9
301	8
302	29
303	16
304	0
305	20
306	22
307	0
308	16
309	9
310	10
311	22
312	5
313	7
314	20
315	4
316	25
317	29
318	27
319	27
320	24
321	15
322	18
323	21
324	27
325	10
326	5
327	26
328	25
329	0
330	22
331	28
332	0
333	28
334	5
335	3
336	28
337	12
338	29
339	31
340	4
341	0
342	5
343	6
344	0
345	8
346	2
347	3
348	13
349	10
350	28
351	8
352	14
353	15
354	22
355	31
356	1
357	21
358	0
359	24
360	29
361	9
362	17
363	6
364	9
365	2
366	3
367	13
368	25
369	6
370	6
371	18
372	6
373	29
374	24
375	12
376	28
377	23
378	4
379	30
380	2
381	9
382	2
383	25
384	18
385	19
386	8
387	14
388	13
389	16
390	26
391	3
392	14
393	24
394	31
395	6
396	3
397	15
398	3
399	25
400	2
401	27
402	4
403	7
404	16
405	21
406	26
407	27
408	25
409	16
410	27
411	3
412	19
413	2
414	3
415	5
416	4
417	1
418	1
419	18
420	20
421	19
422	7
423	21
424	22
425	22
426	15
427	11
428	16
429	6
430	30
431	22
432	9
433	30
434	26
435	24
436	22
437	23
438	27
439	17
440	31
441	12
442	5
443	17
444	19
445	2
446	3
447	6
448	8
449	12
450	5
451	21
452	20
453	16
454	6
455	15
456	18
457	14
458	1
459	15
460	15
461	5
462	10
463	1
464	4
465	22
466	9
467	20
468	26
469	10
470	18
471	31
472	0
473	7
474	25
475	26
476	0
477	22
478	17
479	11
480	16
481	9
482	10
483	29
484	12
485	10
486	27
487	12
488	25
489	31
490	26
491	31
492	25
493	20
494	22
495	18
496	18
497	29
498	6
499	31
500	13
501	30
502	7
503	20
504	23
505	10
506	21
507	27
508	3
509	26
510	17
511	14
512	17
513	25
514	12
515	15
516	16
517	29
518	11
519	18
520	15
521	15
522	19
523	30
524	7
525	6
526	1
527	7
528	18
529	8
530	25
531	21
532	26
533	5
534	21
535	0
536	12
537	23
538	9
539	8
540	16
541	23
542	14
543	1
544	17
545	5
546	11
547	17
548	6
549	0
550	20
551	12
552	2
553	31
554	1
555	15
556	17
557	21
558	8
559	24
560	26
561	24
562	0
563	13
564	25
565	22
566	1
567	8
568	13
569	12
570	0
571	20
572	14
573	3
574	11
575	1
576	9
577	25
578	9
579	7
580	20
581	16
582	21
583	7
584	11
585	12
586	13
587	1
588	15
589	10
590	18
591	24
592	25
593	12
594	4
595	13
596	11
597	13
598	26
599	2
600	27
601	6
602	18
603	1
604	29
605	1
606	22
607	5
608	21
609	15
610	22
611	3
612	25
613	11
614	22
615	20
616	9
617	22
618	18
619	11
620	8
621	24
622	15
623	0
624	19
625	21
626	15
627	2
628	29
629	6
630	16
631	12
632	7
633	15
634	11
635	12
636	6
637	19
638	29
639	29
640	19
641	31
642	24
643	8
644	4
645	6
646	4
647	8
648	4
649	15
650	8
651	6
652	8
653	5
654	5
655	3
656	12
657	11
658	23
659	13
660	23
661	16
662	11
663	16
664	9
665	11
666	1
667	5
668	3
669	23
670	9
671	17
672	14
673	7
674	29
675	5
676	21
677	7
678	19
679	0
680	19
681	3
682	19
683	13
684	24
685	7
686	21
687	5
688	5
689	5
690	21
691	1
692	4
693	8
694	6
695	9
696	4
697	29
698	18
699	13
700	3
701	16
702	22
703	5
704	18
705	25
706	19
707	1
708	8
709	24
710	1
711	14
712	17
713	6
714	3
715	16
716	15
717	14
718	5
719	13
720	22
721	3
722	14
723	14
724	0
725	4
726	29
727	24
728	13
729	7
730	25
731	1
732	14
733	13
734	7
735	1
736	31
737	23
738	24
739	21
740	9
741	7
742	8
743	11
744	29
745	24
746	22
747	9
748	7
749	7
750	3
751	17
752	22
753	15
754	12
755	24
756	22
757	7
758	25
759	4
760	15
761	21
762	3
763	4
764	9
765	1
766	25
767	14
768	9
769	15
770	6
771	9
772	13
773	1
774	3
775	13
776	12
777	15
778	13
779	12
780	9
781	15
782	5
783	12
784	29
785	6
786	3
787	22
788	5
789	0
790	0
791	1
792	5
793	18
794	21
795	7
796	25
797	15
798	1
799	21
800	1
801	5
802	1
803	25
804	8
805	0
806	11
807	0
808	21
809	3
810	7
811	8
812	9
813	3
814	6
815	15
816	11
817	12
818	5
819	1
820	5
821	17
822	29
823	6
824	12
825	7
826	13
827	1
828	9
829	21
830	9
831	6
832	16
833	6
834	16
835	9
836	17
837	29
838	22
839	13
840	15
841	6
842	15
843	25
844	5
845	5
846	0
847	12
848	7
849	7
850	25
851	11
852	5
853	13
854	29
855	12
856	25
857	11
858	7
859	7
860	12
861	12
862	15
863	3
864	11
865	6
866	12
867	17
868	9
869	9
870	6
871	9
872	1
873	5
874	7
875	5
876	25
877	25
878	17
879	13
880	16
881	7
882	29
883	29
884	3
885	8
886	11
887	22
888	25
889	25
890	29
891	11
892	1
893	15
894	13
895	17
896	9
897	21
898	9
899	5
900	7
901	22
902	16
903	11
904	16
905	22
906	6
907	15
908	8
909	13
910	13
911	16
912	25
913	11
914	5
915	15
916	17
917	15
918	3
919	1
920	15
921	17
922	3
923	22
924	12
925	16
926	16
927	3
928	7
929	5
930	22
931	9
932	15
933	7
934	3
935	22
936	21
937	6
938	17
939	13
940	25
941	17
942	13
943	5
944	1
945	6
946	8
947	13
948	22
949	25
950	25
951	29
952	25
953	13
954	13
955	29
956	13
957	15
958	12
959	6
960	5
961	11
962	29
963	3
964	21
965	5
966	21
967	21
968	15
969	22
970	11
971	8
972	1
973	22
974	3
975	22
976	9
977	8
978	8
979	11
980	29
981	9
982	5
983	6
984	1
985	13
986	8
987	13
988	5
989	29
990	1
991	5
992	21
993	21
994	5
995	9
996	13
997	3
998	7
999	9
1000	3
