1	5
2	3
3	13
4	19
5	13
6	10
7	17
8	2
9	29
10	15
11	16
12	23
13	1
14	21
15	5
16	0
17	20
18	25
19	1
20	13
21	22
22	0
23	1
24	9
25	18
26	3
27	30
28	29
29	14
30	18
31	1
32	31
33	10
34	20
35	22
36	14
37	28
38	6
39	14
40	26
41	5
42	22
43	9
44	17
45	27
46	2
47	16
48	0
49	5
50	27
51	26
52	7
53	12
54	22
55	33
56	18
57	8
58	8
59	27
60	24
61	8
62	5
63	12
64	25
65	10
66	12
67	18
68	35
69	17
70	5
71	33
72	31
73	1
74	3
75	35
76	19
77	34
78	14
79	26
80	2
81	26
82	3
83	17
84	21
85	14
86	3
87	26
88	19
89	22
90	25
91	28
92	29
93	0
94	23
95	26
96	10
97	5
98	1
99	20
100	30
101	3
102	26
103	29
104	19
105	21
106	10
107	14
108	19
109	3
110	3
111	16
112	24
113	24
114	27
115	1
116	35
117	3
118	8
119	12
120	23
121	9
122	24
123	34
124	32
125	26
126	27
127	10
128	24
129	9
130	24
131	32
132	21
133	29
134	33
135	31
136	5
137	2
138	3
139	19
140	27
141	1
142	31
143	6
144	14
145	19
146	15
147	0
148	22
149	33
150	35
151	16
152	17
153	25
154	5
155	3
156	11
157	35
158	35
159	23
160	18
161	35
162	22
163	9
164	24
165	19
166	25
167	1
168	0
169	8
170	15
171	13
172	5
173	17
174	21
175	15
176	25
177	34
178	19
179	15
180	10
181	26
182	6
183	10
184	23
185	8
186	34
187	31
188	5
189	21
190	22
191	1
192	16
193	16
194	14
195	24
196	3
197	11
198	0
199	3
200	14
201	10
202	32
203	2
204	9
205	23
206	1
207	24
208	16
209	7
210	15
211	31
212	28
213	5
214	14
215	24
216	28
217	26
218	13
219	20
220	22
221	31
222	12
223	32
224	24
225	9
226	22
227	34
228	18
229	1
230	21
231	34
232	24
233	12
234	25
235	21
236	18
237	11
238	16
239	29
240	19
241	23
242	34
243	24
244	0
245	22
246	35
247	10
248	14
249	35
250	4
251	25
252	0
253	17
254	5
255	9
256	22
257	25
258	29
259	16
260	23
261	31
262	6
263	30
264	22
265	31
266	33
267	27
268	3
269	28
270	25
271	11
272	26
273	3
274	6
275	27
276	21
277	3
278	28
279	22
280	23
281	26
282	2
283	8
284	20
285	3
286	1
287	22
288	25
289	29
290	1
291	23
292	2
293	16
294	7
295	20
296	22
297	19
298	21
299	12
300	27
301	13
302	14
303	33
304	26
305	2
306	6
307	0
308	19
309	27
310	2
311	1
312	3
313	21
314	3
315	0
316	5
317	17
318	33
319	20
320	2
321	30
322	24
323	0
324	28
325	34
326	17
327	5
328	29
329	25
330	19
331	2
332	29
333	18
334	22
335	4
336	33
337	13
338	29
339	28
340	0
341	5
342	6
343	7
344	1
345	13
346	3
347	4
348	20
349	8
350	28
351	18
352	12
353	20
354	1
355	24
356	10
357	10
358	34
359	29
360	35
361	34
362	16
363	4
364	24
365	1
366	0
367	5
368	16
369	31
370	0
371	28
372	0
373	10
374	19
375	5
376	30
377	21
378	27
379	11
380	22
381	10
382	2
383	1
384	12
385	26
386	27
387	8
388	22
389	13
390	24
391	16
392	13
393	13
394	6
395	15
396	30
397	18
398	13
399	24
400	12
401	26
402	5
403	11
404	24
405	12
406	7
407	11
408	1
409	13
410	14
411	26
412	23
413	24
414	28
415	14
416	4
417	24
418	19
419	19
420	19
421	31
422	5
423	0
424	22
425	19
426	5
427	4
428	22
429	34
430	33
431	19
432	16
433	7
434	9
435	14
436	17
437	32
438	29
439	23
440	13
441	15
442	18
443	24
444	22
445	26
446	12
447	3
448	20
449	0
450	15
451	11
452	30
453	34
454	5
455	17
456	29
457	6
458	33
459	19
460	30
461	20
462	5
463	19
464	30
465	26
466	32
467	19
468	30
469	27
470	33
471	15
472	22
473	26
474	15
475	30
476	25
477	25
478	9
479	5
480	0
481	19
482	24
483	1
484	4
485	7
486	12
487	24
488	2
489	29
490	1
491	0
492	4
493	13
494	18
495	22
496	3
497	24
498	11
499	3
500	7
501	22
502	29
503	19
504	19
505	19
506	29
507	0
508	25
509	29
510	27
511	28
512	10
513	7
514	0
515	25
516	20
517	12
518	24
519	16
520	8
521	7
522	0
523	29
524	0
525	25
526	14
527	29
528	6
529	7
530	30
531	29
532	1
533	9
534	22
535	20
536	7
537	33
538	22
539	0
540	25
541	28
542	31
543	33
544	12
545	25
546	30
547	33
548	31
549	32
550	18
551	12
552	18
553	16
554	30
555	27
556	27
557	9
558	28
559	13
560	0
561	24
562	34
563	23
564	0
565	4
566	2
567	31
568	20
569	3
570	28
571	31
572	27
573	24
574	12
575	34
576	13
577	7
578	23
579	32
580	17
581	26
582	26
583	18
584	4
585	6
586	15
587	33
588	7
589	11
590	23
591	4
592	0
593	9
594	1
595	32
596	13
597	24
598	14
599	29
600	3
601	20
602	34
603	11
604	8
605	9
606	12
607	16
608	28
609	1
610	11
611	7
612	28
613	17
614	15
615	11
616	10
617	7
618	30
619	32
620	3
621	26
622	17
623	9
624	32
625	27
626	23
627	18
628	26
629	2
630	7
631	28
632	8
633	2
634	6
635	32
636	4
637	32
638	4
639	2
640	22
641	32
642	13
643	16
644	2
645	30
646	29
647	16
648	22
649	28
650	33
651	12
652	6
653	31
654	4
655	25
656	10
657	22
658	17
659	6
660	3
661	4
662	17
663	7
664	27
665	26
666	1
667	9
668	13
669	25
670	20
671	33
672	23
673	23
674	12
675	17
676	27
677	32
678	6
679	27
680	15
681	2
682	6
683	32
684	30
685	6
686	31
687	12
688	29
689	13
690	8
691	10
692	6
693	9
694	1
695	11
696	11
697	6
698	9
699	2
700	3
701	17
702	1
703	1
704	18
705	14
706	1
707	2
708	11
709	32
710	18
711	1
712	7
713	16
714	3
715	13
716	1
717	17
718	16
719	15
720	18
721	9
722	15
723	11
724	6
725	10
726	17
727	27
728	11
729	13
730	14
731	9
732	28
733	10
734	20
735	18
736	13
737	9
738	6
739	15
740	8
741	17
742	16
743	13
744	11
745	10
746	29
747	28
748	7
749	17
750	20
751	7
752	4
753	28
754	4
755	8
756	18
757	2
758	13
759	18
760	4
761	20
762	6
763	9
764	28
765	15
766	10
767	15
768	12
769	17
770	15
771	9
772	7
773	11
774	2
775	6
776	15
777	29
778	28
779	18
780	14
781	20
782	17
783	6
784	18
785	28
786	4
787	10
788	25
789	10
790	12
791	29
792	4
793	14
794	7
795	6
796	28
797	4
798	26
799	15
800	16
801	29
802	20
803	18
804	2
805	18
806	11
807	15
808	4
809	15
810	8
811	9
812	10
813	11
814	12
815	13
816	4
817	14
818	17
819	2
820	25
821	12
822	28
823	8
824	11
825	11
826	14
827	28
828	18
829	4
830	6
831	16
832	25
833	12
834	28
835	8
836	25
837	26
838	10
839	27
840	6
841	11
842	18
843	27
844	9
845	8
846	10
847	7
848	16
849	26
850	8
851	2
852	7
853	12
854	14
855	16
856	7
857	10
858	27
859	6
860	26
861	14
862	14
863	20
864	8
865	13
866	2
867	4
868	20
869	4
870	12
871	27
872	12
873	11
874	17
875	17
876	11
877	4
878	25
879	17
880	2
881	7
882	16
883	20
884	11
885	7
886	17
887	12
888	6
889	14
890	26
891	18
892	13
893	20
894	17
895	14
896	18
897	7
898	26
899	6
900	8
901	14
902	4
903	2
904	16
905	13
906	2
907	27
908	4
909	12
910	20
911	20
912	13
913	18
914	20
915	16
916	28
917	4
918	20
919	11
920	17
921	7
922	7
923	11
924	13
925	2
926	20
927	8
928	20
929	8
930	6
931	16
932	6
933	11
934	6
935	6
936	12
937	8
938	18
939	27
940	7
941	13
942	8
943	26
944	16
945	27
946	27
947	18
948	18
949	27
950	8
951	8
952	27
953	13
954	18
955	8
956	6
957	16
958	13
959	8
960	18
961	26
962	16
963	26
964	18
965	16
966	26
967	8
968	27
969	27
970	8
971	8
972	8
973	8
974	16
975	8
976	8
977	13
978	16
979	6
980	18
981	16
982	18
983	27
984	8
985	18
986	8
987	8
988	27
989	27
990	8
991	6
992	16
993	27
994	27
995	27
996	8
997	6
998	6
999	8
1000	8
