1	34 
2	14 
3	26 
4	28 
5	26 
6	31 
7	9 
8	41 
9	13 
10	3 
11	42 
12	15 
13	30 
14	39 
15	15 
16	35 
17	28 
18	2 
19	33 
20	36 
21	40 
22	14 
23	2 
24	2 
25	26 
26	3 
27	42 
28	38 
29	14 
30	12 
31	17 
32	9 
33	6 
34	21 
35	36 
36	17 
37	4 
38	39 
39	12 
40	14 
41	24 
42	18 
43	13 
44	7 
45	12 
46	6 
47	21 
48	13 
49	28 
50	38 
51	23 
52	25 
53	31 
54	17 
55	8 
56	30 
57	20 
58	8 
59	11 
60	27 
61	19 
62	13 
63	13 
64	34 
65	29 
66	32 
67	11 
68	6 
69	17 
70	37 
71	30 
72	39 
73	39 
74	42 
75	32 
76	35 
77	21 
78	20 
79	18 
80	17 
81	22 
82	21 
83	34 
84	31 
85	3 
86	31 
87	9 
88	32 
89	15 
90	32 
91	7 
92	4 
93	32 
94	30 
95	3 
96	6 
97	26 
98	34 
99	2 
100	34 
101	38 
102	18 
103	2 
104	12 
105	34 
106	21 
107	37 
108	42 
109	40 
110	20 
111	11 
112	31 
113	8 
114	29 
115	35 
116	40 
117	32 
118	3 
119	10 
120	32 
121	14 
122	34 
123	34 
124	8 
125	31 
126	33 
127	34 
128	3 
129	22 
130	38 
131	42 
132	28 
133	7 
134	36 
135	41 
136	30 
137	8 
138	34 
139	13 
140	41 
141	36 
142	28 
143	13 
144	37 
145	3 
146	42 
147	14 
148	8 
149	27 
150	34 
151	12 
152	7 
153	33 
154	34 
155	2 
156	29 
157	28 
158	22 
159	11 
160	26 
161	26 
162	32 
163	2 
164	34 
165	13 
166	7 
167	9 
168	33 
169	17 
170	4 
171	32 
172	18 
173	10 
174	23 
175	5 
176	33 
177	32 
178	24 
179	7 
180	3 
181	39 
182	31 
183	7 
184	33 
185	26 
186	31 
187	9 
188	13 
189	34 
190	27 
191	22 
192	9 
193	17 
194	25 
195	30 
196	14 
197	21 
198	34 
199	3 
200	33 
201	14 
202	6 
203	9 
204	17 
205	22 
206	22 
207	9 
208	29 
209	20 
210	9 
211	13 
212	18 
213	21 
214	10 
215	22 
216	7 
217	22 
218	21 
219	31 
220	20 
221	32 
222	2 
223	26 
224	28 
225	37 
226	22 
227	31 
228	3 
229	8 
230	35 
231	8 
232	21 
233	3 
234	20 
235	13 
236	16 
237	3 
238	39 
239	8 
240	24 
241	8 
242	34 
243	8 
244	32 
245	26 
246	9 
247	42 
248	3 
249	41 
250	28 
251	8 
252	41 
253	13 
254	13 
255	36 
256	14 
257	38 
258	35 
259	13 
260	33 
261	18 
262	17 
263	30 
264	23 
265	34 
266	26 
267	13 
268	26 
269	18 
270	17 
271	42 
272	17 
273	23 
274	40 
275	8 
276	20 
277	19 
278	20 
279	14 
280	21 
281	14 
282	14 
283	8 
284	3 
285	14 
286	14 
287	41 
288	8 
289	36 
290	26 
291	1 
292	16 
293	3 
294	19 
295	23 
296	35 
297	32 
298	34 
299	26 
300	23 
301	10 
302	41 
303	28 
304	31 
305	22 
306	33 
307	25 
308	39 
309	6 
310	9 
311	4 
312	10 
313	34 
314	29 
315	2 
316	4 
317	17 
318	2 
319	39 
320	2 
321	12 
322	11 
323	10 
324	2 
325	20 
326	34 
327	11 
328	14 
329	11 
330	9 
331	28 
332	2 
333	31 
334	30 
335	34 
336	18 
337	13 
338	2 
339	4 
340	16 
341	21 
342	2 
343	28 
344	9 
345	6 
346	7 
347	7 
348	14 
349	1 
350	40 
351	2 
352	10 
353	17 
354	16 
355	19 
356	9 
357	17 
358	38 
359	27 
360	13 
361	12 
362	9 
363	17 
364	10 
365	31 
366	25 
367	3 
368	10 
369	41 
370	16 
371	2 
372	8 
373	38 
374	31 
375	15 
376	23 
377	26 
378	12 
379	25 
380	8 
381	9 
382	39 
383	25 
384	30 
385	8 
386	21 
387	12 
388	9 
389	25 
390	16 
391	14 
392	17 
393	39 
394	22 
395	33 
396	31 
397	9 
398	29 
399	37 
400	31 
401	7 
402	13 
403	14 
404	42 
405	1 
406	9 
407	38 
408	33 
409	3 
410	37 
411	34 
412	28 
413	16 
414	40 
415	31 
416	9 
417	24 
418	3 
419	7 
420	27 
421	21 
422	35 
423	13 
424	39 
425	7 
426	21 
427	3 
428	26 
429	42 
430	16 
431	42 
432	15 
433	14 
434	10 
435	5 
436	16 
437	16 
438	31 
439	39 
440	14 
441	18 
442	5 
443	2 
444	14 
445	17 
446	32 
447	32 
448	24 
449	29 
450	41 
451	17 
452	13 
453	2 
454	2 
455	36 
456	5 
457	28 
458	2 
459	42 
460	19 
461	31 
462	11 
463	9 
464	9 
465	19 
466	9 
467	18 
468	31 
469	3 
470	8 
471	8 
472	21 
473	32 
474	12 
475	19 
476	7 
477	30 
478	4 
479	20 
480	7 
481	7 
482	30 
483	3 
484	32 
485	2 
486	22 
487	19 
488	7 
489	27 
490	9 
491	30 
492	28 
493	37 
494	8 
495	10 
496	39 
497	24 
498	26 
499	34 
500	7 
501	2 
502	41 
503	15 
504	29 
505	40 
506	33 
507	26 
508	2 
509	8 
510	39 
511	34 
512	32 
513	17 
514	8 
515	14 
516	3 
517	10 
518	31 
519	31 
520	17 
521	17 
522	17 
523	28 
524	28 
525	38 
526	4 
527	32 
528	9 
529	8 
530	42 
531	41 
532	2 
533	19 
534	5 
535	14 
536	35 
537	8 
538	17 
539	31 
540	20 
541	16 
542	32 
543	28 
544	19 
545	35 
546	36 
547	11 
548	19 
549	26 
550	9 
551	12 
552	14 
553	17 
554	33 
555	39 
556	2 
557	16 
558	12 
559	24 
560	18 
561	15 
562	9 
563	26 
564	14 
565	13 
566	7 
567	18 
568	41 
569	42 
570	14 
571	34 
572	40 
573	3 
574	3 
575	32 
576	31 
577	42 
578	24 
579	17 
580	8 
581	22 
582	39 
583	4 
584	41 
585	26 
586	3 
587	9 
588	42 
589	2 
590	13 
591	17 
592	18 
593	17 
594	13 
595	16 
596	32 
597	33 
598	31 
599	6 
600	28 
601	8 
602	12 
603	5 
604	18 
605	28 
606	41 
607	39 
608	40 
609	28 
610	35 
611	25 
612	31 
613	5 
614	41 
615	34 
616	9 
617	21 
618	25 
619	27 
620	1 
621	15 
622	9 
623	18 
624	21 
625	33 
626	41 
627	2 
628	5 
629	28 
630	1 
631	20 
632	2 
633	36 
634	16 
635	32 
636	28 
637	9 
638	8 
639	31 
640	12 
641	8 
642	6 
643	10 
644	41 
645	17 
646	12 
647	1 
648	16 
649	41 
650	6 
651	34 
652	8 
653	29 
654	32 
655	8 
656	7 
657	2 
658	33 
659	20 
660	9 
661	31 
662	18 
663	34 
664	13 
665	21 
666	7 
667	30 
668	3 
669	18 
670	39 
671	8 
672	8 
673	37 
674	21 
675	3 
676	9 
677	31 
678	18 
679	41 
680	38 
681	29 
682	18 
683	3 
684	20 
685	9 
686	9 
687	2 
688	12 
689	9 
690	2 
691	14 
692	9 
693	32 
694	12 
695	4 
696	7 
697	33 
698	20 
699	2 
700	5 
701	18 
702	17 
703	34 
704	26 
705	10 
706	12 
707	2 
708	30 
709	37 
710	32 
711	27 
712	23 
713	32 
714	17 
715	26 
716	17 
717	10 
718	4 
719	5 
720	3 
721	31 
722	23 
723	13 
724	36 
725	26 
726	31 
727	20 
728	31 
729	33 
730	26 
731	28 
732	36 
733	14 
734	8 
735	28 
736	5 
737	39 
738	34 
739	20 
740	16 
741	22 
742	16 
743	10 
744	24 
745	39 
746	30 
747	39 
748	24 
749	16 
750	27 
751	7 
752	20 
753	12 
754	35 
755	10 
756	18 
757	31 
758	13 
759	28 
760	17 
761	32 
762	2 
763	26 
764	15 
765	39 
766	35 
767	41 
768	26 
769	3 
770	5 
771	7 
772	32 
773	14 
774	22 
775	30 
776	17 
777	8 
778	26 
779	23 
780	9 
781	17 
782	18 
783	3 
784	34 
785	14 
786	17 
787	9 
788	4 
789	12 
790	8 
791	14 
792	18 
793	30 
794	15 
795	9 
796	3 
797	2 
798	4 
799	32 
800	22 
801	24 
802	17 
803	7 
804	28 
805	13 
806	8 
807	38 
808	17 
809	31 
810	14 
811	11 
812	8 
813	24 
814	26 
815	27 
816	31 
817	30 
818	25 
819	36 
820	41 
821	42 
822	32 
823	34 
824	12 
825	31 
826	33 
827	41 
828	14 
829	20 
830	3 
831	25 
832	32 
833	41 
834	3 
835	8 
836	6 
837	11 
838	42 
839	13 
840	13 
841	21 
842	40 
843	17 
844	14 
845	4 
846	32 
847	14 
848	28 
849	2 
850	2 
851	13 
852	12 
853	23 
854	31 
855	13 
856	41 
857	17 
858	4 
859	1 
860	3 
861	34 
862	8 
863	2 
864	22 
865	3 
866	27 
867	20 
868	9 
869	36 
870	41 
871	22 
872	37 
873	9 
874	3 
875	38 
876	14 
877	2 
878	36 
879	42 
880	13 
881	2 
882	14 
883	4 
884	14 
885	28 
886	1 
887	12 
888	14 
889	28 
890	9 
891	6 
892	9 
893	34 
894	34 
895	2 
896	19 
897	4 
898	9 
899	20 
900	37 
901	40 
902	10 
903	39 
904	9 
905	30 
906	8 
907	13 
908	37 
909	14 
910	32 
911	2 
912	35 
913	2 
914	2 
915	14 
916	2 
917	6 
918	5 
919	9 
920	34 
921	8 
922	18 
923	18 
924	32 
925	8 
926	34 
927	34 
928	13 
929	10 
930	4 
931	39 
932	14 
933	3 
934	31 
935	13 
936	2 
937	23 
938	15 
939	31 
940	1 
941	14 
942	36 
943	14 
944	14 
945	14 
946	11 
947	17 
948	14 
949	31 
950	41 
951	30 
952	25 
953	33 
954	32 
955	33 
956	23 
957	3 
958	23 
959	8 
960	37 
961	10 
962	23 
963	34 
964	31 
965	17 
966	35 
967	6 
968	10 
969	30 
970	25 
971	32 
972	28 
973	37 
974	12 
975	3 
976	22 
977	9 
978	3 
979	1 
980	12 
981	8 
982	9 
983	2 
984	13 
985	2 
986	9 
987	34 
988	8 
989	25 
990	14 
991	30 
992	2 
993	24 
994	17 
995	5 
996	31 
997	14 
998	39 
999	30 
1000	33 
