1	6
2	6
3	36
4	6
5	10
6	25
7	6
8	23
9	34
10	6
11	41
12	6
13	16
14	36
15	22
16	6
17	6
18	6
19	35
20	34
21	38
22	6
23	36
24	6
25	20
26	31
27	23
28	6
29	7
30	18
31	6
32	6
33	22
34	40
35	33
36	6
37	6
38	41
39	32
40	6
41	31
42	6
43	35
44	28
45	29
46	26
47	0
48	12
49	39
50	36
51	14
52	38
53	31
54	25
55	10
56	6
57	10
58	17
59	6
60	22
61	16
62	4
63	6
64	6
65	12
66	7
67	16
68	31
69	30
70	27
71	6
72	33
73	14
74	6
75	30
76	7
77	6
78	6
79	12
80	6
81	6
82	39
83	6
84	6
85	21
86	10
87	28
88	39
89	6
90	6
91	17
92	23
93	21
94	33
95	26
96	6
97	20
98	27
99	7
100	6
101	32
102	34
103	6
104	12
105	26
106	10
107	38
108	35
109	33
110	6
111	6
112	6
113	35
114	18
115	18
116	6
117	4
118	30
119	38
120	20
121	23
122	31
123	33
124	33
125	1
126	35
127	6
128	1
129	6
130	36
131	17
132	29
133	30
134	28
135	6
136	6
137	0
138	6
139	7
140	20
141	25
142	17
143	6
144	41
145	6
146	16
147	10
148	32
149	36
150	6
151	34
152	6
153	7
154	10
155	6
156	38
157	6
158	29
159	6
160	31
161	0
162	28
163	34
164	36
165	18
166	23
167	20
168	31
169	1
170	39
171	21
172	25
173	25
174	6
175	39
176	6
177	35
178	40
179	25
180	33
181	25
182	30
183	30
184	6
185	6
186	6
187	6
188	18
189	6
190	0
191	41
192	24
193	12
194	7
195	31
196	27
197	6
198	35
199	34
200	6
201	29
202	6
203	38
204	23
205	18
206	6
207	6
208	23
209	22
210	17
211	30
212	34
213	26
214	32
215	26
216	20
217	4
218	40
219	34
220	22
221	6
222	0
223	29
224	6
225	14
226	38
227	16
228	17
229	27
230	27
231	16
232	38
233	21
234	36
235	12
236	6
237	18
238	6
239	26
240	10
241	6
242	38
243	38
244	6
245	6
246	25
247	1
248	29
249	33
250	33
251	6
252	6
253	12
254	29
255	25
256	12
257	22
258	27
259	4
260	1
261	21
262	36
263	32
264	20
265	6
266	1
267	7
268	35
269	6
270	36
271	17
272	16
273	6
274	6
275	0
276	6
277	35
278	20
279	35
280	0
281	6
282	6
283	6
284	24
285	41
286	39
287	0
288	6
289	6
290	25
291	4
292	26
293	22
294	16
295	25
296	6
297	21
298	6
299	6
300	7
301	14
302	6
303	6
304	25
305	25
306	7
307	24
308	4
309	16
310	28
311	6
312	34
313	22
314	40
315	36
316	35
317	32
318	11
319	26
320	22
321	32
322	6
323	1
324	29
325	6
326	33
327	6
328	40
329	4
330	25
331	32
332	6
333	6
334	32
335	10
336	6
337	18
338	29
339	28
340	41
341	4
342	41
343	12
344	35
345	6
346	0
347	31
348	6
349	7
350	10
351	41
352	41
353	24
354	30
355	41
356	6
357	6
358	39
359	6
360	32
361	41
362	40
363	18
364	27
365	36
366	17
367	6
368	40
369	1
370	35
371	14
372	0
373	16
374	1
375	6
376	17
377	34
378	39
379	24
380	6
381	29
382	14
383	16
384	26
385	6
386	31
387	10
388	14
389	34
390	6
391	11
392	4
393	20
394	27
395	4
396	23
397	10
398	2
399	34
400	1
401	2
402	6
403	6
404	9
405	12
406	31
407	7
408	29
409	6
410	17
411	6
412	24
413	14
414	4
415	30
416	1
417	40
418	39
419	1
420	40
421	20
422	40
423	14
424	40
425	30
426	32
427	7
428	22
429	11
430	21
431	19
432	6
433	6
434	34
435	2
436	11
437	0
438	23
439	11
440	6
441	20
442	11
443	28
444	16
445	27
446	11
447	18
448	19
449	25
450	25
451	34
452	6
453	21
454	1
455	29
456	28
457	25
458	30
459	6
460	1
461	30
462	28
463	0
464	39
465	39
466	8
467	6
468	25
469	9
470	20
471	16
472	6
473	7
474	17
475	16
476	40
477	6
478	7
479	8
480	19
481	6
482	19
483	2
484	26
485	17
486	14
487	16
488	25
489	19
490	34
491	34
492	22
493	21
494	24
495	9
496	12
497	6
498	24
499	21
500	18
501	22
502	21
503	11
504	27
505	2
506	16
507	11
508	20
509	6
510	2
511	21
512	39
513	8
514	18
515	11
516	9
517	8
518	26
519	27
520	12
521	4
522	6
523	14
524	0
525	31
526	31
527	20
528	21
529	31
530	34
531	17
532	39
533	2
534	1
535	19
536	26
537	9
538	6
539	34
540	4
541	8
542	7
543	7
544	15
545	2
546	24
547	26
548	25
549	36
550	19
551	20
552	27
553	22
554	24
555	12
556	6
557	32
558	19
559	31
560	17
561	19
562	15
563	28
564	27
565	14
566	19
567	36
568	6
569	15
570	4
571	19
572	4
573	11
574	32
575	22
576	2
577	10
578	3
579	7
580	31
581	27
582	24
583	23
584	8
585	6
586	35
587	18
588	2
589	4
590	0
591	11
592	8
593	12
594	24
595	26
596	6
597	4
598	17
599	9
600	7
601	6
602	10
603	18
604	28
605	27
606	32
607	6
608	4
609	0
610	22
611	24
612	18
613	28
614	7
615	16
616	14
617	17
618	14
619	6
620	23
621	21
622	31
623	14
624	0
625	0
626	21
627	9
628	4
629	20
630	13
631	34
632	28
633	2
634	10
635	15
636	9
637	17
638	32
639	34
640	19
641	3
642	8
643	2
644	21
645	15
646	21
647	25
648	8
649	31
650	18
651	4
652	23
653	28
654	17
655	24
656	23
657	14
658	13
659	12
660	23
661	9
662	24
663	32
664	22
665	10
666	14
667	11
668	18
669	18
670	14
671	23
672	5
673	20
674	8
675	8
676	9
677	21
678	13
679	17
680	25
681	18
682	2
683	1
684	10
685	4
686	7
687	23
688	24
689	17
690	14
691	2
692	19
693	15
694	15
695	21
696	24
697	11
698	34
699	19
700	1
701	7
702	14
703	18
704	2
705	3
706	8
707	19
708	28
709	16
710	12
711	1
712	9
713	32
714	22
715	19
716	3
717	1
718	23
719	22
720	11
721	12
722	19
723	28
724	16
725	31
726	3
727	5
728	27
729	4
730	25
731	23
732	21
733	11
734	0
735	23
736	28
737	17
738	1
739	4
740	1
741	1
742	28
743	13
744	19
745	20
746	28
747	31
748	28
749	20
750	13
751	23
752	27
753	1
754	24
755	27
756	5
757	27
758	19
759	27
760	14
761	11
762	5
763	25
764	11
765	24
766	9
767	5
768	5
769	5
770	1
771	9
772	18
773	1
774	22
775	5
776	12
777	15
778	18
779	14
780	12
781	37
782	16
783	17
784	2
785	2
786	13
787	22
788	17
789	25
790	5
791	27
792	24
793	16
794	20
795	15
796	3
797	23
798	9
799	21
800	3
801	8
802	34
803	19
804	31
805	20
806	8
807	18
808	9
809	14
810	12
811	8
812	1
813	1
814	25
815	37
816	15
817	15
818	22
819	22
820	31
821	5
822	11
823	12
824	27
825	17
826	11
827	15
828	12
829	8
830	14
831	9
832	13
833	15
834	16
835	16
836	9
837	25
838	31
839	11
840	37
841	27
842	13
843	27
844	18
845	13
846	3
847	16
848	19
849	14
850	2
851	3
852	2
853	22
854	1
855	18
856	17
857	5
858	16
859	9
860	4
861	31
862	1
863	37
864	15
865	8
866	22
867	16
868	15
869	25
870	27
871	37
872	16
873	9
874	15
875	15
876	15
877	4
878	11
879	3
880	8
881	8
882	2
883	9
884	11
885	3
886	13
887	8
888	2
889	11
890	4
891	13
892	25
893	3
894	37
895	8
896	2
897	11
898	5
899	37
900	5
901	1
902	16
903	11
904	4
905	5
906	5
907	13
908	5
909	15
910	4
911	13
912	4
913	2
914	37
915	4
916	16
917	37
918	2
919	13
920	37
921	9
922	13
923	2
924	3
925	9
926	5
927	5
928	3
929	8
930	3
931	8
932	8
933	9
934	15
935	9
936	9
937	5
938	1
939	9
940	15
941	13
942	19
943	9
944	15
945	1
946	3
947	13
948	15
949	15
950	9
951	5
952	37
953	37
954	3
955	8
956	8
957	13
958	19
959	8
960	19
961	5
962	13
963	37
964	3
965	13
966	19
967	13
968	37
969	3
970	5
971	13
972	3
973	15
974	19
975	13
976	13
977	5
978	15
979	5
980	8
981	37
982	13
983	13
984	13
985	8
986	8
987	13
988	5
989	13
990	5
991	15
992	37
993	5
994	5
995	13
996	13
997	9
998	5
999	5
1000	13
