1	84
2	81
3	82
4	84
5	73
6	76
7	66
8	62
9	71
10	17
11	52
12	44
13	77
14	52
15	65
16	52
17	12
18	80
19	34
20	81
21	52
22	70
23	52
24	69
25	52
26	33
27	29
28	52
29	55
30	38
31	81
32	42
33	66
34	51
35	54
36	17
37	77
38	38
39	46
40	62
41	37
42	74
43	63
44	52
45	42
46	33
47	36
48	24
49	56
50	68
51	61
52	70
53	64
54	44
55	62
56	81
57	27
58	65
59	65
60	47
61	53
62	68
63	28
64	16
65	52
66	72
67	81
68	73
69	52
70	73
71	69
72	37
73	22
74	73
75	72
76	79
77	52
78	52
79	86
80	52
81	52
82	52
83	60
84	69
85	86
86	57
87	67
88	80
89	52
90	85
91	79
92	64
93	27
94	4
95	16
96	80
97	58
98	60
99	25
100	71
101	73
102	69
103	76
104	66
105	57
106	3
107	77
108	30
109	29
110	40
111	63
112	34
113	16
114	80
115	45
116	52
117	2
118	71
119	55
120	52
121	15
122	29
123	50
124	52
125	79
126	36
127	30
128	60
129	52
130	52
131	52
132	83
133	18
134	52
135	84
136	52
137	52
138	34
139	2
140	45
141	76
142	51
143	83
144	73
145	48
146	72
147	60
148	52
149	52
150	45
151	46
152	75
153	52
154	83
155	52
156	85
157	63
158	73
159	1
160	66
161	52
162	33
163	79
164	66
165	79
166	65
167	74
168	67
169	74
170	72
171	24
172	54
173	52
174	71
175	85
176	52
177	84
178	25
179	39
180	85
181	43
182	52
183	22
184	52
185	48
186	72
187	53
188	73
189	82
190	77
191	80
192	55
193	20
194	52
195	71
196	22
197	82
198	84
199	83
200	4
201	32
202	23
203	28
204	43
205	52
206	76
207	82
208	61
209	32
210	47
211	75
212	20
213	37
214	18
215	60
216	61
217	15
218	70
219	40
220	58
221	61
222	35
223	58
224	82
225	52
226	73
227	16
228	72
229	64
230	86
231	63
232	65
233	27
234	27
235	29
236	1
237	11
238	70
239	32
240	52
241	52
242	64
243	68
244	28
245	39
246	28
247	52
248	53
249	52
250	50
251	58
252	0
253	55
254	1
255	48
256	39
257	52
258	53
259	64
260	47
261	46
262	57
263	31
264	25
265	64
266	22
267	4
268	66
269	56
270	18
271	68
272	52
273	73
274	82
275	12
276	37
277	34
278	61
279	54
280	45
281	85
282	47
283	39
284	54
285	85
286	79
287	61
288	12
289	81
290	35
291	1
292	16
293	28
294	77
295	32
296	33
297	41
298	43
299	43
300	57
301	86
302	75
303	13
304	69
305	56
306	19
307	52
308	44
309	56
310	45
311	35
312	14
313	58
314	51
315	35
316	64
317	14
318	41
319	14
320	74
321	41
322	84
323	15
324	23
325	81
326	33
327	38
328	48
329	76
330	4
331	17
332	59
333	45
334	1
335	62
336	33
337	45
338	24
339	55
340	59
341	71
342	86
343	74
344	12
345	54
346	62
347	20
348	39
349	42
350	29
351	75
352	83
353	41
354	86
355	18
356	65
357	80
358	40
359	60
360	22
361	29
362	57
363	29
364	0
365	47
366	63
367	46
368	12
369	42
370	67
371	75
372	31
373	71
374	17
375	1
376	44
377	11
378	48
379	24
380	7
381	38
382	59
383	5
384	24
385	69
386	23
387	10
388	57
389	74
390	15
391	22
392	48
393	9
394	45
395	21
396	44
397	29
398	4
399	77
400	10
401	42
402	43
403	27
404	64
405	71
406	61
407	54
408	24
409	33
410	69
411	75
412	59
413	63
414	83
415	32
416	2
417	38
418	10
419	23
420	64
421	40
422	30
423	7
424	22
425	46
426	39
427	28
428	56
429	54
430	46
431	77
432	51
433	37
434	18
435	70
436	56
437	18
438	5
439	59
440	58
441	0
442	12
443	22
444	3
445	75
446	24
447	43
448	28
449	0
450	34
451	2
452	49
453	16
454	27
455	3
456	35
457	35
458	2
459	22
460	70
461	58
462	52
463	71
464	21
465	3
466	49
467	66
468	25
469	41
470	80
471	15
472	36
473	72
474	35
475	62
476	49
477	63
478	4
479	45
480	0
481	41
482	25
483	10
484	6
485	5
486	23
487	19
488	26
489	20
490	54
491	36
492	30
493	28
494	76
495	36
496	28
497	40
498	57
499	14
500	59
501	12
502	42
503	68
504	30
505	24
506	25
507	24
508	76
509	73
510	69
511	62
512	6
513	73
514	62
515	55
516	16
517	50
518	29
519	27
520	73
521	47
522	44
523	23
524	68
525	19
526	70
527	83
528	8
529	50
530	26
531	41
532	33
533	5
534	74
535	54
536	56
537	15
538	23
539	57
540	49
541	83
542	2
543	51
544	21
545	2
546	80
547	31
548	11
549	70
550	49
551	37
552	37
553	1
554	17
555	39
556	55
557	11
558	39
559	59
560	55
561	25
562	20
563	14
564	67
565	53
566	26
567	49
568	21
569	42
570	37
571	53
572	76
573	59
574	18
575	47
576	43
577	63
578	72
579	0
580	27
581	46
582	60
583	50
584	38
585	8
586	26
587	14
588	72
589	17
590	70
591	15
592	40
593	51
594	2
595	58
596	24
597	40
598	70
599	17
600	23
601	56
602	2
603	20
604	56
605	67
606	31
607	9
608	49
609	7
610	68
611	32
612	83
613	58
614	6
615	43
616	20
617	44
618	67
619	32
620	3
621	7
622	67
623	16
624	22
625	23
626	23
627	22
628	46
629	60
630	38
631	12
632	16
633	11
634	19
635	26
636	30
637	4
638	4
639	54
640	47
641	42
642	15
643	69
644	26
645	20
646	3
647	23
648	26
649	51
650	62
651	32
652	33
653	45
654	4
655	35
656	21
657	48
658	33
659	35
660	51
661	48
662	5
663	36
664	67
665	73
666	48
667	19
668	67
669	72
670	23
671	5
672	73
673	53
674	25
675	40
676	0
677	26
678	9
679	1
680	40
681	72
682	26
683	21
684	31
685	16
686	45
687	50
688	53
689	25
690	25
691	9
692	50
693	1
694	25
695	16
696	49
697	28
698	32
699	31
700	38
701	17
702	16
703	7
704	13
705	59
706	38
707	50
708	51
709	37
710	50
711	31
712	12
713	37
714	14
715	19
716	35
717	49
718	67
719	47
720	27
721	49
722	67
723	30
724	32
725	41
726	33
727	11
728	21
729	27
730	1
731	40
732	32
733	31
734	0
735	43
736	24
737	64
738	1
739	16
740	47
741	17
742	20
743	30
744	20
745	33
746	39
747	5
748	7
749	20
750	26
751	53
752	15
753	22
754	68
755	43
756	25
757	13
758	16
759	67
760	10
761	36
762	47
763	44
764	78
765	30
766	31
767	20
768	39
769	36
770	10
771	31
772	9
773	40
774	14
775	17
776	29
777	0
778	78
779	11
780	53
781	6
782	68
783	33
784	42
785	68
786	6
787	18
788	42
789	2
790	22
791	2
792	68
793	13
794	19
795	22
796	26
797	2
798	44
799	12
800	33
801	2
802	6
803	3
804	44
805	31
806	7
807	43
808	58
809	34
810	8
811	39
812	12
813	1
814	9
815	29
816	13
817	33
818	22
819	68
820	72
821	3
822	11
823	38
824	34
825	17
826	3
827	26
828	38
829	45
830	36
831	68
832	6
833	8
834	58
835	18
836	1
837	30
838	42
839	16
840	1
841	44
842	15
843	41
844	30
845	13
846	39
847	25
848	7
849	21
850	78
851	21
852	30
853	15
854	19
855	16
856	29
857	45
858	24
859	30
860	15
861	18
862	54
863	10
864	54
865	23
866	3
867	44
868	8
869	5
870	44
871	38
872	19
873	24
874	10
875	14
876	38
877	0
878	19
879	78
880	29
881	16
882	18
883	0
884	23
885	18
886	3
887	5
888	21
889	34
890	14
891	41
892	18
893	9
894	1
895	9
896	5
897	19
898	13
899	11
900	14
901	20
902	41
903	14
904	39
905	78
906	11
907	0
908	21
909	0
910	36
911	24
912	14
913	36
914	16
915	34
916	1
917	6
918	9
919	0
920	41
921	3
922	0
923	34
924	20
925	14
926	21
927	34
928	10
929	78
930	30
931	10
932	0
933	5
934	6
935	8
936	1
937	10
938	39
939	7
940	24
941	23
942	8
943	21
944	23
945	7
946	20
947	6
948	20
949	1
950	11
951	9
952	5
953	6
954	9
955	11
956	13
957	41
958	13
959	8
960	78
961	7
962	22
963	5
964	11
965	23
966	21
967	9
968	13
969	6
970	7
971	0
972	10
973	78
974	11
975	5
976	10
977	19
978	13
979	10
980	78
981	7
982	5
983	10
984	1
985	10
986	24
987	20
988	8
989	5
990	6
991	6
992	7
993	6
994	22
995	13
996	7
997	8
998	11
999	7
1000	5
