1	41
2	13
3	13
4	13
5	40
6	13
7	13
8	31
9	20
10	13
11	42
12	13
13	7
14	25
15	13
16	13
17	33
18	38
19	1
20	0
21	13
22	38
23	43
24	13
25	27
26	29
27	6
28	28
29	19
30	13
31	19
32	34
33	30
34	13
35	7
36	30
37	33
38	24
39	23
40	6
41	25
42	13
43	6
44	24
45	15
46	43
47	28
48	34
49	13
50	25
51	42
52	39
53	42
54	38
55	35
56	39
57	26
58	13
59	41
60	13
61	26
62	0
63	35
64	31
65	34
66	15
67	2
68	13
69	29
70	13
71	35
72	29
73	39
74	33
75	25
76	40
77	34
78	24
79	2
80	32
81	39
82	38
83	31
84	13
85	36
86	25
87	26
88	28
89	34
90	41
91	1
92	2
93	35
94	17
95	13
96	23
97	33
98	30
99	15
100	38
101	31
102	28
103	13
104	42
105	0
106	13
107	26
108	34
109	29
110	27
111	1
112	37
113	13
114	13
115	37
116	13
117	41
118	15
119	13
120	6
121	31
122	13
123	18
124	13
125	20
126	13
127	43
128	18
129	19
130	42
131	22
132	13
133	13
134	26
135	2
136	23
137	2
138	29
139	38
140	17
141	32
142	41
143	27
144	21
145	27
146	28
147	0
148	13
149	20
150	32
151	13
152	13
153	6
154	31
155	27
156	13
157	33
158	15
159	18
160	2
161	23
162	13
163	13
164	21
165	24
166	13
167	39
168	18
169	13
170	13
171	38
172	39
173	43
174	13
175	13
176	15
177	13
178	34
179	25
180	13
181	1
182	13
183	23
184	2
185	13
186	6
187	13
188	37
189	40
190	33
191	40
192	23
193	13
194	15
195	13
196	13
197	27
198	21
199	32
200	39
201	19
202	41
203	13
204	40
205	22
206	23
207	34
208	13
209	37
210	43
211	37
212	34
213	18
214	41
215	34
216	13
217	29
218	13
219	13
220	13
221	30
222	33
223	6
224	17
225	37
226	41
227	29
228	13
229	39
230	43
231	13
232	42
233	35
234	43
235	18
236	32
237	13
238	40
239	17
240	25
241	30
242	13
243	43
244	36
245	20
246	13
247	1
248	13
249	1
250	13
251	27
252	7
253	21
254	27
255	19
256	33
257	40
258	26
259	28
260	32
261	7
262	28
263	40
264	15
265	32
266	13
267	22
268	18
269	23
270	36
271	20
272	19
273	38
274	36
275	36
276	0
277	0
278	27
279	13
280	19
281	17
282	30
283	24
284	13
285	16
286	35
287	29
288	30
289	37
290	43
291	0
292	13
293	35
294	35
295	13
296	13
297	1
298	38
299	26
300	24
301	22
302	13
303	26
304	37
305	42
306	20
307	13
308	36
309	2
310	37
311	13
312	37
313	32
314	37
315	40
316	13
317	13
318	43
319	13
320	26
321	21
322	35
323	33
324	13
325	1
326	13
327	13
328	1
329	26
330	39
331	26
332	38
333	30
334	24
335	0
336	13
337	29
338	42
339	27
340	7
341	13
342	13
343	19
344	13
345	30
346	20
347	29
348	39
349	31
350	13
351	36
352	15
353	33
354	5
355	13
356	22
357	7
358	18
359	17
360	36
361	13
362	13
363	31
364	39
365	13
366	6
367	18
368	42
369	40
370	31
371	13
372	4
373	23
374	33
375	32
376	27
377	36
378	38
379	21
380	20
381	32
382	13
383	13
384	13
385	19
386	1
387	13
388	7
389	19
390	13
391	13
392	1
393	36
394	2
395	23
396	1
397	13
398	40
399	13
400	31
401	18
402	23
403	24
404	15
405	0
406	35
407	15
408	18
409	16
410	22
411	6
412	25
413	28
414	18
415	32
416	4
417	13
418	21
419	41
420	13
421	26
422	31
423	19
424	39
425	13
426	17
427	41
428	5
429	5
430	9
431	23
432	24
433	35
434	13
435	42
436	33
437	35
438	2
439	9
440	27
441	22
442	13
443	32
444	5
445	18
446	40
447	30
448	22
449	22
450	16
451	36
452	20
453	12
454	13
455	29
456	40
457	20
458	31
459	9
460	7
461	36
462	41
463	42
464	14
465	22
466	0
467	24
468	22
469	13
470	41
471	30
472	6
473	6
474	11
475	22
476	7
477	29
478	26
479	0
480	36
481	28
482	29
483	28
484	40
485	28
486	41
487	41
488	7
489	2
490	20
491	35
492	7
493	5
494	16
495	18
496	42
497	13
498	26
499	28
500	28
501	4
502	14
503	1
504	13
505	7
506	19
507	1
508	41
509	24
510	13
511	6
512	32
513	23
514	13
515	16
516	42
517	31
518	18
519	42
520	12
521	33
522	7
523	24
524	18
525	13
526	42
527	10
528	0
529	5
530	16
531	13
532	14
533	0
534	28
535	6
536	18
537	9
538	21
539	17
540	2
541	25
542	17
543	40
544	24
545	13
546	32
547	20
548	23
549	11
550	12
551	16
552	31
553	30
554	24
555	10
556	12
557	17
558	31
559	18
560	22
561	23
562	18
563	21
564	2
565	33
566	7
567	9
568	25
569	7
570	5
571	0
572	5
573	32
574	11
575	26
576	13
577	6
578	19
579	31
580	8
581	10
582	25
583	10
584	15
585	1
586	21
587	20
588	13
589	10
590	26
591	25
592	7
593	5
594	15
595	12
596	40
597	20
598	35
599	40
600	0
601	17
602	4
603	9
604	3
605	4
606	33
607	6
608	0
609	9
610	42
611	22
612	4
613	0
614	18
615	25
616	21
617	7
618	15
619	12
620	19
621	10
622	21
623	17
624	24
625	6
626	21
627	9
628	24
629	15
630	26
631	22
632	10
633	26
634	14
635	20
636	31
637	33
638	12
639	35
640	15
641	21
642	33
643	3
644	9
645	35
646	15
647	19
648	11
649	32
650	3
651	9
652	12
653	12
654	4
655	10
656	22
657	12
658	2
659	21
660	16
661	25
662	11
663	19
664	17
665	30
666	20
667	12
668	35
669	5
670	7
671	25
672	23
673	9
674	9
675	5
676	17
677	2
678	8
679	5
680	5
681	4
682	18
683	3
684	9
685	22
686	30
687	16
688	14
689	20
690	33
691	3
692	20
693	15
694	4
695	40
696	10
697	3
698	21
699	35
700	6
701	12
702	23
703	4
704	5
705	25
706	4
707	7
708	25
709	25
710	33
711	11
712	30
713	30
714	33
715	2
716	3
717	6
718	4
719	7
720	17
721	16
722	26
723	15
724	2
725	30
726	11
727	17
728	16
729	20
730	30
731	23
732	18
733	19
734	2
735	22
736	17
737	15
738	18
739	4
740	33
741	12
742	20
743	21
744	11
745	6
746	6
747	22
748	16
749	11
750	7
751	14
752	17
753	4
754	2
755	6
756	17
757	4
758	23
759	22
760	5
761	26
762	30
763	21
764	11
765	9
766	9
767	3
768	4
769	15
770	17
771	30
772	8
773	21
774	22
775	19
776	4
777	10
778	21
779	5
780	6
781	4
782	19
783	16
784	20
785	16
786	21
787	15
788	17
789	21
790	23
791	33
792	11
793	12
794	4
795	12
796	9
797	26
798	14
799	14
800	19
801	19
802	9
803	30
804	3
805	2
806	17
807	5
808	23
809	8
810	2
811	10
812	3
813	21
814	9
815	20
816	4
817	17
818	16
819	12
820	8
821	11
822	21
823	7
824	16
825	10
826	4
827	3
828	5
829	26
830	15
831	11
832	16
833	8
834	18
835	7
836	10
837	30
838	17
839	18
840	26
841	16
842	26
843	14
844	12
845	22
846	22
847	10
848	10
849	18
850	22
851	12
852	10
853	7
854	12
855	8
856	15
857	16
858	11
859	11
860	18
861	9
862	10
863	18
864	14
865	15
866	10
867	14
868	16
869	9
870	26
871	5
872	4
873	9
874	4
875	14
876	4
877	3
878	11
879	5
880	5
881	3
882	18
883	22
884	10
885	4
886	4
887	5
888	3
889	3
890	9
891	3
892	5
893	11
894	11
895	14
896	12
897	3
898	14
899	3
900	12
901	16
902	16
903	10
904	22
905	11
906	9
907	5
908	12
909	8
910	18
911	11
912	16
913	9
914	10
915	3
916	3
917	8
918	8
919	16
920	10
921	5
922	3
923	10
924	9
925	11
926	11
927	18
928	14
929	9
930	9
931	11
932	3
933	8
934	8
935	18
936	3
937	11
938	10
939	14
940	5
941	10
942	9
943	10
944	3
945	8
946	16
947	10
948	16
949	11
950	11
951	18
952	14
953	14
954	4
955	4
956	10
957	4
958	18
959	12
960	3
961	12
962	14
963	8
964	9
965	3
966	5
967	5
968	8
969	10
970	8
971	9
972	5
973	12
974	8
975	4
976	12
977	5
978	14
979	11
980	10
981	8
982	11
983	5
984	12
985	3
986	4
987	4
988	12
989	12
990	3
991	8
992	8
993	8
994	8
995	3
996	3
997	10
998	10
999	3
1000	12
