1	34
2	25
3	14
4	7
5	7
6	0
7	11
8	7
9	13
10	30
11	26
12	19
13	7
14	7
15	13
16	9
17	7
18	7
19	35
20	7
21	7
22	0
23	31
24	7
25	7
26	7
27	7
28	9
29	29
30	7
31	35
32	25
33	0
34	7
35	7
36	7
37	7
38	22
39	7
40	27
41	33
42	25
43	7
44	6
45	13
46	29
47	25
48	25
49	23
50	7
51	25
52	30
53	7
54	7
55	33
56	11
57	7
58	28
59	7
60	21
61	33
62	7
63	34
64	7
65	17
66	23
67	7
68	7
69	34
70	7
71	31
72	25
73	13
74	29
75	32
76	25
77	33
78	7
79	7
80	27
81	27
82	30
83	18
84	7
85	7
86	11
87	7
88	20
89	11
90	7
91	7
92	34
93	30
94	7
95	7
96	14
97	24
98	6
99	17
100	18
101	7
102	7
103	22
104	7
105	7
106	0
107	7
108	20
109	26
110	7
111	24
112	7
113	7
114	7
115	7
116	7
117	7
118	31
119	7
120	7
121	7
122	17
123	7
124	32
125	7
126	7
127	7
128	15
129	34
130	7
131	31
132	7
133	25
134	7
135	7
136	11
137	33
138	7
139	7
140	7
141	7
142	24
143	17
144	7
145	23
146	0
147	7
148	7
149	15
150	7
151	20
152	19
153	14
154	7
155	7
156	33
157	22
158	7
159	22
160	7
161	7
162	7
163	7
164	21
165	11
166	0
167	27
168	7
169	35
170	7
171	7
172	17
173	7
174	9
175	22
176	14
177	32
178	32
179	7
180	7
181	7
182	19
183	7
184	9
185	7
186	15
187	6
188	7
189	33
190	0
191	24
192	20
193	34
194	21
195	7
196	7
197	7
198	9
199	15
200	17
201	21
202	29
203	26
204	18
205	31
206	13
207	7
208	21
209	7
210	24
211	7
212	20
213	7
214	7
215	32
216	0
217	27
218	7
219	14
220	33
221	18
222	23
223	7
224	7
225	31
226	19
227	19
228	27
229	19
230	26
231	18
232	25
233	7
234	34
235	7
236	7
237	14
238	17
239	7
240	17
241	26
242	23
243	24
244	7
245	28
246	6
247	11
248	35
249	32
250	7
251	23
252	30
253	7
254	7
255	7
256	7
257	21
258	7
259	7
260	33
261	7
262	0
263	6
264	19
265	7
266	17
267	30
268	29
269	13
270	6
271	22
272	26
273	11
274	7
275	9
276	31
277	21
278	24
279	7
280	0
281	0
282	7
283	7
284	29
285	7
286	7
287	7
288	7
289	32
290	9
291	35
292	34
293	7
294	14
295	7
296	33
297	30
298	23
299	7
300	15
301	29
302	35
303	7
304	1
305	6
306	1
307	11
308	11
309	32
310	7
311	12
312	9
313	6
314	11
315	7
316	28
317	7
318	30
319	14
320	18
321	7
322	6
323	19
324	21
325	17
326	12
327	9
328	35
329	24
330	32
331	22
332	7
333	20
334	32
335	13
336	17
337	33
338	24
339	7
340	27
341	22
342	24
343	7
344	17
345	7
346	19
347	28
348	23
349	34
350	11
351	23
352	7
353	14
354	26
355	32
356	7
357	28
358	7
359	7
360	23
361	30
362	19
363	33
364	20
365	15
366	30
367	11
368	0
369	7
370	7
371	7
372	34
373	1
374	1
375	30
376	17
377	6
378	7
379	14
380	34
381	7
382	7
383	7
384	7
385	23
386	13
387	19
388	6
389	7
390	0
391	7
392	1
393	35
394	31
395	30
396	7
397	28
398	13
399	6
400	26
401	7
402	17
403	20
404	13
405	31
406	11
407	34
408	26
409	29
410	0
411	28
412	7
413	7
414	13
415	7
416	12
417	1
418	9
419	18
420	0
421	9
422	18
423	33
424	7
425	5
426	1
427	14
428	11
429	6
430	27
431	29
432	11
433	9
434	14
435	29
436	1
437	0
438	1
439	6
440	7
441	31
442	29
443	9
444	9
445	6
446	27
447	14
448	14
449	27
450	7
451	22
452	17
453	21
454	34
455	32
456	31
457	7
458	15
459	6
460	30
461	31
462	18
463	33
464	20
465	6
466	29
467	7
468	18
469	7
470	11
471	28
472	35
473	7
474	26
475	7
476	9
477	28
478	9
479	4
480	7
481	7
482	5
483	12
484	27
485	7
486	7
487	7
488	30
489	17
490	19
491	17
492	22
493	26
494	7
495	7
496	0
497	30
498	13
499	24
500	22
501	7
502	5
503	27
504	28
505	27
506	24
507	28
508	22
509	7
510	8
511	15
512	4
513	12
514	29
515	7
516	15
517	1
518	7
519	7
520	8
521	5
522	7
523	7
524	26
525	10
526	21
527	14
528	7
529	1
530	9
531	29
532	27
533	18
534	20
535	7
536	32
537	22
538	35
539	4
540	15
541	36
542	17
543	11
544	10
545	9
546	5
547	6
548	30
549	0
550	8
551	14
552	33
553	12
554	2
555	3
556	28
557	7
558	5
559	16
560	8
561	0
562	27
563	15
564	12
565	22
566	18
567	7
568	27
569	21
570	10
571	13
572	7
573	21
574	28
575	35
576	5
577	27
578	24
579	35
580	10
581	35
582	12
583	12
584	15
585	24
586	3
587	26
588	18
589	29
590	11
591	6
592	2
593	18
594	24
595	30
596	27
597	26
598	10
599	0
600	4
601	30
602	20
603	16
604	21
605	6
606	22
607	4
608	21
609	32
610	13
611	20
612	21
613	4
614	20
615	32
616	16
617	12
618	20
619	1
620	36
621	11
622	35
623	21
624	18
625	5
626	14
627	6
628	29
629	30
630	13
631	9
632	6
633	13
634	8
635	36
636	4
637	12
638	8
639	26
640	16
641	9
642	5
643	9
644	35
645	18
646	35
647	15
648	36
649	1
650	5
651	14
652	5
653	2
654	16
655	3
656	20
657	15
658	8
659	32
660	26
661	28
662	26
663	4
664	9
665	16
666	10
667	11
668	12
669	15
670	14
671	28
672	32
673	9
674	13
675	28
676	3
677	5
678	21
679	2
680	11
681	5
682	28
683	2
684	1
685	8
686	3
687	24
688	27
689	21
690	10
691	12
692	12
693	20
694	12
695	5
696	3
697	36
698	0
699	21
700	24
701	20
702	36
703	36
704	30
705	4
706	1
707	16
708	28
709	4
710	5
711	28
712	14
713	13
714	9
715	13
716	3
717	4
718	28
719	24
720	15
721	36
722	1
723	16
724	11
725	8
726	20
727	15
728	15
729	28
730	15
731	4
732	10
733	8
734	17
735	10
736	36
737	14
738	9
739	16
740	36
741	13
742	8
743	8
744	14
745	6
746	13
747	1
748	2
749	0
750	5
751	16
752	16
753	27
754	14
755	15
756	4
757	16
758	14
759	28
760	1
761	13
762	10
763	24
764	27
765	30
766	24
767	12
768	2
769	10
770	5
771	2
772	27
773	13
774	13
775	21
776	0
777	0
778	1
779	21
780	6
781	21
782	11
783	12
784	12
785	30
786	10
787	16
788	10
789	5
790	28
791	8
792	16
793	8
794	3
795	8
796	36
797	6
798	11
799	30
800	4
801	5
802	5
803	8
804	15
805	5
806	1
807	11
808	16
809	12
810	8
811	15
812	5
813	37
814	15
815	8
816	37
817	12
818	8
819	2
820	2
821	3
822	2
823	1
824	6
825	4
826	27
827	37
828	3
829	15
830	12
831	11
832	5
833	5
834	3
835	12
836	28
837	27
838	2
839	5
840	4
841	1
842	36
843	4
844	15
845	12
846	14
847	27
848	4
849	9
850	37
851	11
852	10
853	9
854	16
855	5
856	8
857	13
858	12
859	9
860	2
861	2
862	10
863	27
864	12
865	2
866	15
867	10
868	2
869	8
870	6
871	9
872	1
873	2
874	10
875	12
876	3
877	36
878	6
879	8
880	8
881	6
882	8
883	8
884	28
885	5
886	36
887	37
888	8
889	16
890	8
891	28
892	3
893	5
894	36
895	37
896	28
897	9
898	4
899	4
900	5
901	16
902	27
903	2
904	37
905	16
906	2
907	37
908	6
909	27
910	4
911	5
912	6
913	6
914	37
915	1
916	6
917	2
918	10
919	16
920	9
921	36
922	36
923	4
924	28
925	2
926	2
927	2
928	28
929	5
930	3
931	2
932	16
933	3
934	36
935	1
936	36
937	8
938	36
939	36
940	4
941	8
942	36
943	12
944	8
945	16
946	6
947	4
948	4
949	6
950	12
951	1
952	8
953	4
954	36
955	4
956	9
957	36
958	16
959	10
960	36
961	10
962	12
963	9
964	12
965	37
966	4
967	16
968	4
969	10
970	3
971	37
972	5
973	37
974	1
975	3
976	3
977	36
978	1
979	16
980	3
981	3
982	16
983	2
984	4
985	1
986	36
987	4
988	37
989	8
990	2
991	8
992	10
993	8
994	3
995	16
996	10
997	1
998	2
999	4
1000	10
