1	37
2	34
3	37
4	17
5	37
6	19
7	26
8	37
9	21
10	26
11	37
12	24
13	37
14	16
15	37
16	37
17	37
18	1
19	32
20	18
21	30
22	37
23	1
24	29
25	19
26	3
27	37
28	37
29	3
30	29
31	34
32	37
33	37
34	37
35	37
36	37
37	37
38	37
39	34
40	37
41	37
42	15
43	3
44	32
45	32
46	35
47	15
48	37
49	5
50	37
51	37
52	37
53	24
54	37
55	37
56	33
57	37
58	35
59	3
60	34
61	37
62	37
63	37
64	37
65	37
66	27
67	32
68	37
69	37
70	1
71	27
72	32
73	5
74	37
75	37
76	30
77	37
78	29
79	2
80	31
81	15
82	1
83	18
84	31
85	26
86	33
87	1
88	37
89	28
90	35
91	37
92	37
93	37
94	37
95	37
96	29
97	37
98	37
99	37
100	37
101	37
102	37
103	37
104	37
105	37
106	37
107	37
108	37
109	33
110	37
111	37
112	34
113	29
114	27
115	15
116	37
117	30
118	17
119	24
120	21
121	37
122	37
123	16
124	21
125	0
126	37
127	37
128	5
129	37
130	28
131	1
132	33
133	35
134	37
135	17
136	15
137	37
138	37
139	29
140	26
141	37
142	31
143	37
144	35
145	32
146	32
147	37
148	32
149	31
150	37
151	1
152	37
153	37
154	37
155	32
156	37
157	28
158	28
159	37
160	31
161	24
162	37
163	1
164	3
165	37
166	37
167	37
168	37
169	1
170	29
171	24
172	5
173	19
174	37
175	37
176	7
177	37
178	33
179	37
180	1
181	37
182	37
183	37
184	29
185	37
186	32
187	28
188	21
189	37
190	1
191	37
192	1
193	27
194	37
195	30
196	37
197	16
198	1
199	37
200	1
201	37
202	37
203	3
204	37
205	33
206	1
207	37
208	37
209	21
210	24
211	34
212	26
213	1
214	37
215	37
216	16
217	37
218	37
219	8
220	37
221	37
222	33
223	20
224	37
225	37
226	25
227	8
228	37
229	20
230	34
231	37
232	30
233	37
234	24
235	37
236	37
237	3
238	7
239	37
240	37
241	16
242	25
243	37
244	20
245	37
246	1
247	37
248	37
249	3
250	37
251	34
252	26
253	17
254	37
255	16
256	3
257	18
258	7
259	33
260	18
261	18
262	3
263	16
264	37
265	37
266	37
267	8
268	37
269	3
270	37
271	37
272	26
273	2
274	15
275	37
276	37
277	16
278	35
279	17
280	37
281	20
282	21
283	32
284	1
285	16
286	5
287	33
288	3
289	31
290	1
291	26
292	37
293	37
294	30
295	37
296	37
297	5
298	28
299	20
300	37
301	37
302	37
303	29
304	27
305	0
306	20
307	16
308	20
309	29
310	21
311	37
312	37
313	27
314	37
315	5
316	8
317	37
318	21
319	1
320	29
321	32
322	16
323	19
324	37
325	0
326	21
327	35
328	16
329	32
330	8
331	20
332	37
333	1
334	2
335	33
336	15
337	37
338	28
339	37
340	9
341	37
342	23
343	5
344	5
345	34
346	25
347	28
348	18
349	8
350	37
351	37
352	37
353	0
354	30
355	28
356	37
357	24
358	37
359	3
360	5
361	8
362	9
363	28
364	3
365	26
366	37
367	31
368	19
369	30
370	4
371	37
372	37
373	31
374	33
375	0
376	8
377	26
378	37
379	9
380	3
381	0
382	2
383	15
384	17
385	28
386	19
387	9
388	26
389	24
390	10
391	17
392	33
393	37
394	7
395	18
396	0
397	22
398	25
399	17
400	37
401	31
402	23
403	25
404	20
405	31
406	37
407	37
408	0
409	0
410	2
411	4
412	4
413	1
414	23
415	18
416	37
417	26
418	23
419	5
420	0
421	33
422	32
423	5
424	10
425	31
426	25
427	23
428	18
429	17
430	23
431	31
432	30
433	7
434	12
435	7
436	25
437	32
438	10
439	28
440	25
441	37
442	34
443	10
444	7
445	29
446	28
447	10
448	35
449	5
450	37
451	19
452	30
453	16
454	8
455	33
456	28
457	7
458	4
459	15
460	10
461	2
462	37
463	2
464	18
465	13
466	37
467	27
468	9
469	1
470	29
471	7
472	37
473	3
474	5
475	24
476	31
477	3
478	13
479	23
480	29
481	21
482	10
483	36
484	22
485	25
486	25
487	37
488	11
489	35
490	2
491	27
492	0
493	0
494	3
495	8
496	23
497	29
498	4
499	20
500	0
501	24
502	37
503	24
504	15
505	0
506	32
507	29
508	9
509	18
510	23
511	33
512	24
513	27
514	26
515	37
516	35
517	16
518	0
519	13
520	20
521	31
522	28
523	29
524	23
525	3
526	12
527	7
528	33
529	24
530	30
531	33
532	13
533	19
534	29
535	27
536	16
537	15
538	34
539	4
540	35
541	37
542	9
543	8
544	26
545	36
546	23
547	31
548	32
549	9
550	36
551	0
552	29
553	9
554	11
555	4
556	8
557	11
558	9
559	23
560	3
561	29
562	19
563	37
564	13
565	0
566	28
567	12
568	20
569	2
570	13
571	0
572	1
573	8
574	4
575	8
576	36
577	26
578	3
579	27
580	17
581	21
582	10
583	5
584	20
585	3
586	5
587	9
588	26
589	20
590	15
591	20
592	32
593	33
594	9
595	24
596	22
597	36
598	22
599	19
600	28
601	4
602	6
603	17
604	35
605	32
606	28
607	21
608	23
609	30
610	13
611	0
612	4
613	3
614	5
615	24
616	9
617	36
618	31
619	14
620	8
621	36
622	11
623	15
624	0
625	8
626	26
627	18
628	25
629	27
630	22
631	26
632	29
633	6
634	20
635	8
636	9
637	31
638	2
639	20
640	10
641	13
642	23
643	0
644	15
645	8
646	28
647	11
648	10
649	7
650	12
651	23
652	1
653	4
654	36
655	25
656	1
657	2
658	24
659	4
660	10
661	20
662	10
663	5
664	7
665	1
666	29
667	4
668	8
669	23
670	21
671	9
672	24
673	3
674	1
675	26
676	14
677	0
678	7
679	0
680	16
681	26
682	26
683	20
684	19
685	31
686	9
687	12
688	18
689	1
690	22
691	10
692	6
693	28
694	22
695	25
696	12
697	8
698	11
699	3
700	19
701	13
702	36
703	22
704	17
705	10
706	24
707	8
708	24
709	20
710	19
711	15
712	16
713	0
714	5
715	24
716	20
717	5
718	13
719	5
720	27
721	17
722	15
723	36
724	19
725	29
726	24
727	4
728	9
729	2
730	14
731	28
732	6
733	5
734	23
735	0
736	27
737	22
738	29
739	32
740	10
741	24
742	12
743	28
744	25
745	23
746	36
747	11
748	8
749	3
750	16
751	22
752	8
753	29
754	28
755	28
756	11
757	36
758	20
759	10
760	10
761	26
762	0
763	23
764	28
765	12
766	20
767	28
768	7
769	20
770	27
771	25
772	19
773	12
774	26
775	12
776	12
777	5
778	5
779	7
780	24
781	13
782	8
783	26
784	33
785	9
786	1
787	32
788	11
789	2
790	2
791	24
792	24
793	31
794	19
795	4
796	5
797	1
798	12
799	13
800	22
801	24
802	24
803	5
804	6
805	0
806	20
807	7
808	36
809	12
810	23
811	25
812	10
813	32
814	25
815	36
816	36
817	36
818	0
819	3
820	25
821	7
822	29
823	0
824	36
825	27
826	13
827	1
828	14
829	0
830	13
831	20
832	4
833	33
834	20
835	19
836	31
837	25
838	12
839	4
840	12
841	2
842	20
843	33
844	7
845	28
846	27
847	26
848	11
849	11
850	9
851	9
852	10
853	22
854	20
855	1
856	8
857	29
858	12
859	6
860	12
861	10
862	12
863	0
864	26
865	0
866	4
867	0
868	36
869	6
870	24
871	12
872	10
873	12
874	23
875	2
876	8
877	10
878	11
879	9
880	11
881	6
882	1
883	12
884	22
885	6
886	11
887	23
888	25
889	16
890	0
891	22
892	9
893	5
894	4
895	22
896	16
897	20
898	6
899	0
900	20
901	2
902	2
903	5
904	1
905	23
906	13
907	13
908	28
909	6
910	0
911	11
912	36
913	28
914	22
915	25
916	36
917	11
918	0
919	4
920	33
921	14
922	4
923	16
924	29
925	2
926	4
927	23
928	20
929	14
930	2
931	3
932	28
933	32
934	0
935	20
936	5
937	32
938	22
939	2
940	12
941	6
942	8
943	14
944	23
945	13
946	8
947	36
948	23
949	28
950	28
951	29
952	6
953	23
954	3
955	6
956	0
957	12
958	12
959	2
960	0
961	23
962	14
963	26
964	8
965	10
966	12
967	13
968	6
969	36
970	4
971	36
972	8
973	23
974	9
975	9
976	14
977	10
978	0
979	36
980	14
981	10
982	6
983	4
984	24
985	6
986	4
987	3
988	4
989	36
990	20
991	20
992	14
993	23
994	10
995	14
996	26
997	36
998	5
999	9
1000	8
