1	20
2	22
3	36
4	22
5	22
6	32
7	22
8	35
9	14
10	22
11	22
12	22
13	22
14	2
15	7
16	36
17	4
18	22
19	12
20	12
21	22
22	20
23	22
24	19
25	16
26	17
27	16
28	22
29	2
30	22
31	37
32	39
33	33
34	39
35	22
36	4
37	22
38	3
39	12
40	24
41	22
42	21
43	25
44	3
45	12
46	34
47	20
48	30
49	32
50	20
51	18
52	9
53	20
54	33
55	22
56	22
57	22
58	22
59	16
60	2
61	25
62	32
63	22
64	22
65	3
66	15
67	33
68	24
69	22
70	16
71	15
72	6
73	22
74	15
75	22
76	19
77	4
78	22
79	22
80	4
81	16
82	37
83	22
84	22
85	21
86	22
87	22
88	29
89	39
90	14
91	33
92	20
93	19
94	19
95	9
96	22
97	38
98	14
99	33
100	39
101	3
102	22
103	37
104	29
105	3
106	3
107	17
108	3
109	30
110	2
111	22
112	9
113	37
114	22
115	29
116	36
117	36
118	21
119	9
120	34
121	30
122	2
123	36
124	34
125	2
126	29
127	18
128	17
129	19
130	17
131	19
132	29
133	6
134	16
135	3
136	12
137	22
138	22
139	15
140	18
141	6
142	22
143	37
144	17
145	17
146	22
147	22
148	22
149	3
150	22
151	21
152	22
153	16
154	14
155	20
156	7
157	24
158	16
159	12
160	16
161	35
162	16
163	22
164	3
165	24
166	2
167	22
168	3
169	14
170	38
171	39
172	35
173	19
174	8
175	34
176	12
177	17
178	25
179	22
180	22
181	16
182	34
183	22
184	38
185	16
186	4
187	21
188	22
189	12
190	21
191	22
192	3
193	38
194	11
195	35
196	16
197	22
198	4
199	33
200	35
201	36
202	22
203	22
204	22
205	36
206	9
207	37
208	4
209	7
210	27
211	25
212	6
213	4
214	22
215	31
216	22
217	2
218	21
219	32
220	3
221	36
222	20
223	29
224	27
225	6
226	27
227	22
228	11
229	27
230	22
231	8
232	22
233	22
234	22
235	34
236	26
237	22
238	32
239	22
240	32
241	4
242	22
243	3
244	16
245	2
246	27
247	12
248	14
249	22
250	35
251	30
252	22
253	32
254	11
255	39
256	6
257	22
258	16
259	22
260	32
261	4
262	31
263	22
264	16
265	22
266	2
267	31
268	24
269	20
270	35
271	22
272	22
273	32
274	39
275	37
276	4
277	20
278	18
279	22
280	8
281	15
282	22
283	30
284	22
285	27
286	34
287	29
288	22
289	27
290	11
291	20
292	16
293	35
294	37
295	19
296	39
297	26
298	8
299	15
300	21
301	16
302	22
303	3
304	20
305	26
306	19
307	18
308	4
309	22
310	6
311	16
312	4
313	37
314	21
315	19
316	18
317	22
318	35
319	29
320	12
321	22
322	12
323	12
324	32
325	35
326	22
327	22
328	31
329	15
330	7
331	20
332	20
333	36
334	9
335	22
336	7
337	37
338	22
339	22
340	6
341	39
342	32
343	11
344	9
345	22
346	24
347	22
348	8
349	11
350	22
351	15
352	22
353	38
354	37
355	22
356	29
357	20
358	3
359	34
360	38
361	26
362	22
363	4
364	7
365	18
366	30
367	2
368	16
369	31
370	22
371	36
372	4
373	34
374	32
375	33
376	8
377	11
378	17
379	19
380	22
381	7
382	12
383	37
384	8
385	11
386	0
387	8
388	16
389	38
390	37
391	22
392	7
393	6
394	11
395	3
396	27
397	26
398	33
399	22
400	18
401	21
402	16
403	4
404	3
405	22
406	16
407	22
408	22
409	22
410	3
411	33
412	2
413	39
414	22
415	24
416	20
417	2
418	20
419	0
420	30
421	32
422	3
423	34
424	6
425	12
426	22
427	22
428	25
429	27
430	22
431	22
432	22
433	14
434	21
435	22
436	34
437	13
438	23
439	20
440	17
441	37
442	39
443	30
444	35
445	7
446	3
447	24
448	9
449	34
450	32
451	2
452	4
453	39
454	12
455	11
456	12
457	8
458	35
459	8
460	26
461	17
462	34
463	20
464	7
465	26
466	25
467	12
468	31
469	12
470	33
471	38
472	0
473	30
474	7
475	16
476	31
477	17
478	25
479	11
480	27
481	31
482	39
483	17
484	26
485	22
486	3
487	30
488	4
489	3
490	4
491	16
492	10
493	29
494	26
495	10
496	37
497	20
498	10
499	26
500	7
501	16
502	31
503	2
504	15
505	4
506	17
507	36
508	35
509	4
510	29
511	9
512	20
513	38
514	21
515	0
516	32
517	15
518	15
519	27
520	8
521	3
522	22
523	3
524	2
525	39
526	10
527	14
528	31
529	22
530	14
531	22
532	24
533	7
534	16
535	32
536	20
537	36
538	31
539	15
540	19
541	16
542	1
543	6
544	4
545	6
546	20
547	26
548	31
549	13
550	23
551	13
552	6
553	9
554	12
555	25
556	8
557	12
558	14
559	26
560	18
561	6
562	9
563	20
564	0
565	38
566	15
567	20
568	4
569	11
570	15
571	11
572	36
573	12
574	25
575	12
576	22
577	32
578	7
579	22
580	10
581	2
582	4
583	25
584	33
585	20
586	17
587	38
588	24
589	19
590	11
591	1
592	4
593	20
594	38
595	9
596	35
597	12
598	26
599	13
600	12
601	21
602	30
603	19
604	22
605	8
606	32
607	4
608	17
609	16
610	34
611	17
612	26
613	7
614	16
615	17
616	23
617	10
618	11
619	0
620	4
621	10
622	20
623	35
624	7
625	0
626	20
627	25
628	32
629	11
630	12
631	28
632	28
633	30
634	7
635	15
636	35
637	31
638	18
639	7
640	12
641	14
642	23
643	39
644	9
645	16
646	11
647	4
648	22
649	31
650	19
651	12
652	29
653	13
654	34
655	26
656	24
657	9
658	27
659	12
660	39
661	11
662	20
663	17
664	0
665	16
666	35
667	35
668	3
669	36
670	0
671	14
672	10
673	19
674	10
675	3
676	35
677	9
678	1
679	7
680	31
681	28
682	38
683	22
684	37
685	14
686	29
687	0
688	4
689	12
690	18
691	21
692	28
693	4
694	11
695	6
696	27
697	31
698	35
699	25
700	25
701	26
702	7
703	28
704	11
705	30
706	2
707	16
708	7
709	10
710	0
711	31
712	29
713	13
714	10
715	21
716	6
717	6
718	13
719	19
720	12
721	29
722	16
723	35
724	26
725	18
726	11
727	25
728	26
729	29
730	7
731	6
732	32
733	12
734	36
735	36
736	15
737	9
738	6
739	28
740	14
741	25
742	17
743	1
744	11
745	3
746	9
747	14
748	37
749	16
750	11
751	0
752	13
753	18
754	27
755	12
756	20
757	0
758	31
759	10
760	37
761	18
762	12
763	34
764	35
765	0
766	27
767	11
768	11
769	37
770	6
771	25
772	0
773	23
774	8
775	21
776	17
777	18
778	16
779	8
780	0
781	7
782	7
783	19
784	12
785	12
786	12
787	1
788	0
789	28
790	11
791	17
792	20
793	6
794	7
795	13
796	12
797	4
798	13
799	2
800	13
801	14
802	0
803	1
804	32
805	15
806	16
807	18
808	12
809	23
810	13
811	9
812	14
813	11
814	12
815	12
816	19
817	26
818	19
819	34
820	25
821	10
822	11
823	23
824	17
825	8
826	28
827	15
828	11
829	34
830	36
831	16
832	25
833	23
834	4
835	21
836	18
837	3
838	12
839	31
840	15
841	10
842	4
843	9
844	12
845	16
846	6
847	20
848	8
849	6
850	26
851	23
852	6
853	11
854	36
855	4
856	4
857	4
858	31
859	10
860	16
861	34
862	15
863	12
864	13
865	25
866	15
867	5
868	6
869	28
870	0
871	1
872	12
873	1
874	0
875	17
876	4
877	19
878	11
879	11
880	12
881	35
882	9
883	17
884	0
885	19
886	0
887	5
888	12
889	4
890	4
891	0
892	23
893	2
894	11
895	13
896	13
897	12
898	26
899	13
900	0
901	8
902	0
903	13
904	26
905	26
906	1
907	8
908	3
909	16
910	4
911	23
912	0
913	31
914	11
915	31
916	0
917	3
918	2
919	5
920	7
921	8
922	5
923	13
924	28
925	20
926	23
927	0
928	26
929	13
930	28
931	17
932	10
933	1
934	11
935	10
936	1
937	13
938	10
939	10
940	3
941	13
942	13
943	10
944	8
945	31
946	1
947	1
948	35
949	10
950	11
951	28
952	1
953	20
954	1
955	5
956	20
957	26
958	1
959	28
960	20
961	12
962	6
963	20
964	26
965	11
966	6
967	28
968	5
969	26
970	7
971	11
972	4
973	7
974	23
975	7
976	7
977	0
978	5
979	28
980	0
981	28
982	5
983	13
984	5
985	11
986	5
987	26
988	20
989	3
990	16
991	16
992	23
993	16
994	16
995	13
996	10
997	6
998	12
999	0
1000	7
