1	19
2	0
3	36
4	9
5	10
6	8
7	2
8	6
9	29
10	0
11	38
12	5
13	9
14	9
15	18
16	30
17	1
18	13
19	25
20	33
21	38
22	10
23	8
24	2
25	31
26	8
27	26
28	5
29	7
30	8
31	1
32	29
33	21
34	27
35	35
36	10
37	30
38	19
39	33
40	15
41	1
42	33
43	8
44	8
45	19
46	23
47	8
48	29
49	10
50	32
51	8
52	37
53	31
54	13
55	6
56	19
57	20
58	17
59	10
60	26
61	6
62	7
63	8
64	11
65	27
66	32
67	17
68	1
69	26
70	2
71	12
72	30
73	20
74	38
75	6
76	14
77	6
78	11
79	29
80	13
81	6
82	7
83	24
84	9
85	6
86	16
87	21
88	11
89	2
90	8
91	22
92	29
93	11
94	24
95	14
96	36
97	6
98	11
99	22
100	12
101	34
102	37
103	19
104	7
105	7
106	38
107	19
108	22
109	19
110	19
111	19
112	2
113	25
114	8
115	19
116	29
117	12
118	1
119	25
120	35
121	24
122	36
123	15
124	19
125	9
126	34
127	36
128	7
129	20
130	27
131	1
132	37
133	37
134	35
135	10
136	5
137	11
138	32
139	22
140	23
141	27
142	33
143	34
144	12
145	12
146	31
147	9
148	35
149	1
150	14
151	15
152	10
153	21
154	12
155	18
156	0
157	12
158	35
159	19
160	7
161	13
162	24
163	23
164	6
165	1
166	38
167	27
168	30
169	34
170	6
171	14
172	6
173	18
174	31
175	7
176	10
177	7
178	0
179	6
180	15
181	10
182	13
183	10
184	10
185	29
186	30
187	27
188	9
189	14
190	6
191	7
192	20
193	2
194	35
195	12
196	29
197	29
198	10
199	2
200	26
201	20
202	29
203	36
204	10
205	0
206	15
207	13
208	10
209	7
210	15
211	1
212	5
213	10
214	9
215	34
216	19
217	38
218	18
219	5
220	25
221	37
222	30
223	18
224	27
225	31
226	38
227	29
228	8
229	36
230	34
231	22
232	19
233	7
234	8
235	34
236	11
237	6
238	37
239	32
240	32
241	24
242	31
243	35
244	21
245	6
246	18
247	23
248	37
249	21
250	36
251	9
252	10
253	23
254	23
255	32
256	19
257	13
258	2
259	23
260	20
261	11
262	9
263	10
264	16
265	7
266	29
267	37
268	22
269	34
270	20
271	5
272	2
273	0
274	18
275	0
276	22
277	30
278	2
279	15
280	8
281	10
282	32
283	15
284	31
285	9
286	31
287	2
288	0
289	10
290	33
291	30
292	9
293	7
294	31
295	20
296	22
297	5
298	2
299	19
300	6
301	4
302	37
303	13
304	15
305	34
306	22
307	11
308	7
309	31
310	19
311	19
312	2
313	19
314	6
315	9
316	1
317	10
318	19
319	8
320	26
321	27
322	12
323	21
324	15
325	9
326	10
327	36
328	8
329	11
330	0
331	10
332	33
333	9
334	27
335	6
336	0
337	19
338	21
339	23
340	7
341	29
342	17
343	11
344	9
345	23
346	24
347	11
348	26
349	24
350	10
351	11
352	30
353	19
354	17
355	21
356	34
357	9
358	23
359	7
360	2
361	33
362	4
363	0
364	2
365	29
366	22
367	24
368	2
369	38
370	18
371	0
372	29
373	21
374	36
375	18
376	7
377	6
378	37
379	8
380	2
381	19
382	8
383	12
384	22
385	5
386	15
387	16
388	24
389	14
390	18
391	0
392	6
393	2
394	10
395	37
396	6
397	12
398	16
399	38
400	33
401	19
402	18
403	26
404	22
405	37
406	15
407	22
408	2
409	30
410	32
411	34
412	13
413	2
414	19
415	6
416	6
417	20
418	23
419	0
420	2
421	8
422	30
423	0
424	17
425	26
426	9
427	18
428	37
429	17
430	33
431	0
432	18
433	8
434	29
435	6
436	10
437	19
438	30
439	18
440	19
441	0
442	5
443	20
444	37
445	7
446	27
447	26
448	8
449	30
450	25
451	1
452	13
453	38
454	4
455	32
456	24
457	2
458	20
459	13
460	19
461	22
462	15
463	15
464	15
465	15
466	33
467	0
468	18
469	4
470	37
471	33
472	4
473	38
474	25
475	12
476	18
477	23
478	35
479	1
480	9
481	32
482	23
483	37
484	10
485	6
486	15
487	34
488	2
489	5
490	0
491	1
492	16
493	4
494	16
495	16
496	27
497	11
498	30
499	37
500	19
501	37
502	32
503	1
504	12
505	9
506	38
507	15
508	9
509	19
510	26
511	16
512	12
513	27
514	29
515	9
516	25
517	12
518	0
519	32
520	6
521	13
522	21
523	5
524	26
525	5
526	11
527	19
528	18
529	17
530	1
531	32
532	18
533	0
534	34
535	25
536	2
537	10
538	14
539	9
540	15
541	29
542	0
543	36
544	21
545	35
546	4
547	0
548	16
549	23
550	13
551	33
552	15
553	1
554	32
555	38
556	25
557	22
558	6
559	37
560	33
561	4
562	10
563	25
564	8
565	18
566	18
567	30
568	17
569	35
570	18
571	0
572	30
573	4
574	18
575	11
576	9
577	25
578	37
579	15
580	35
581	18
582	8
583	20
584	10
585	8
586	8
587	21
588	14
589	14
590	14
591	17
592	10
593	11
594	10
595	2
596	23
597	22
598	10
599	6
600	30
601	2
602	1
603	1
604	10
605	15
606	23
607	18
608	10
609	16
610	31
611	7
612	17
613	25
614	18
615	8
616	14
617	9
618	27
619	2
620	2
621	33
622	21
623	10
624	36
625	10
626	37
627	15
628	2
629	24
630	36
631	10
632	0
633	15
634	9
635	14
636	33
637	4
638	12
639	27
640	17
641	24
642	10
643	18
644	16
645	7
646	32
647	18
648	10
649	21
650	11
651	19
652	15
653	19
654	36
655	28
656	38
657	37
658	7
659	27
660	9
661	2
662	8
663	27
664	26
665	10
666	22
667	9
668	33
669	17
670	25
671	18
672	20
673	32
674	15
675	5
676	21
677	15
678	10
679	1
680	10
681	34
682	30
683	19
684	22
685	11
686	25
687	6
688	26
689	9
690	28
691	22
692	18
693	8
694	10
695	9
696	4
697	35
698	15
699	0
700	1
701	7
702	4
703	14
704	16
705	15
706	18
707	4
708	30
709	11
710	13
711	6
712	9
713	16
714	2
715	37
716	36
717	1
718	33
719	14
720	19
721	20
722	34
723	9
724	28
725	37
726	11
727	23
728	25
729	19
730	17
731	0
732	15
733	6
734	4
735	15
736	5
737	36
738	27
739	6
740	10
741	28
742	9
743	27
744	16
745	29
746	6
747	1
748	38
749	9
750	12
751	32
752	4
753	2
754	33
755	11
756	14
757	22
758	35
759	19
760	1
761	35
762	28
763	11
764	11
765	1
766	32
767	18
768	21
769	15
770	2
771	11
772	25
773	34
774	18
775	18
776	0
777	12
778	19
779	27
780	37
781	1
782	10
783	14
784	38
785	1
786	23
787	0
788	28
789	21
790	11
791	25
792	36
793	4
794	1
795	8
796	8
797	33
798	36
799	4
800	8
801	0
802	10
803	26
804	37
805	21
806	0
807	27
808	13
809	37
810	18
811	13
812	15
813	9
814	37
815	16
816	22
817	15
818	0
819	19
820	19
821	16
822	2
823	30
824	30
825	19
826	34
827	36
828	10
829	27
830	16
831	16
832	10
833	19
834	3
835	0
836	18
837	10
838	23
839	33
840	25
841	21
842	28
843	9
844	3
845	28
846	28
847	15
848	4
849	30
850	14
851	0
852	34
853	19
854	16
855	33
856	30
857	19
858	1
859	2
860	16
861	6
862	4
863	15
864	0
865	10
866	1
867	28
868	14
869	8
870	12
871	6
872	29
873	8
874	18
875	15
876	18
877	18
878	22
879	1
880	32
881	29
882	6
883	14
884	6
885	0
886	15
887	19
888	28
889	21
890	28
891	10
892	33
893	21
894	32
895	16
896	2
897	29
898	10
899	11
900	1
901	19
902	28
903	2
904	3
905	15
906	21
907	28
908	2
909	8
910	6
911	1
912	22
913	8
914	15
915	10
916	15
917	10
918	0
919	22
920	4
921	28
922	11
923	8
924	18
925	1
926	15
927	33
928	18
929	18
930	18
931	10
932	18
933	9
934	15
935	1
936	33
937	4
938	27
939	3
940	0
941	3
942	8
943	2
944	29
945	6
946	22
947	6
948	8
949	4
950	8
951	8
952	6
953	1
954	15
955	2
956	8
957	1
958	18
959	11
960	1
961	3
962	3
963	19
964	9
965	30
966	19
967	18
968	2
969	0
970	15
971	0
972	4
973	2
974	1
975	4
976	3
977	0
978	19
979	8
980	10
981	8
982	22
983	0
984	18
985	3
986	9
987	18
988	22
989	6
990	15
991	15
992	18
993	18
994	9
995	6
996	0
997	19
998	0
999	15
1000	4
