1	39
2	8
3	18
4	8
5	41
6	8
7	27
8	29
9	8
10	30
11	8
12	32
13	42
14	8
15	8
16	33
17	8
18	24
19	8
20	36
21	15
22	8
23	8
24	33
25	34
26	33
27	8
28	8
29	8
30	24
31	30
32	8
33	34
34	8
35	8
36	8
37	24
38	39
39	11
40	8
41	24
42	24
43	25
44	8
45	7
46	31
47	42
48	8
49	14
50	24
51	8
52	34
53	17
54	8
55	16
56	8
57	16
58	28
59	38
60	8
61	27
62	8
63	8
64	30
65	8
66	8
67	8
68	8
69	13
70	29
71	41
72	8
73	8
74	17
75	8
76	22
77	8
78	8
79	24
80	8
81	8
82	28
83	16
84	8
85	8
86	8
87	8
88	25
89	24
90	36
91	32
92	16
93	29
94	8
95	35
96	8
97	42
98	18
99	8
100	8
101	32
102	8
103	26
104	8
105	8
106	34
107	1
108	8
109	7
110	8
111	8
112	17
113	28
114	34
115	35
116	24
117	34
118	8
119	8
120	27
121	31
122	30
123	8
124	27
125	8
126	24
127	25
128	1
129	8
130	8
131	8
132	31
133	8
134	28
135	26
136	8
137	18
138	8
139	8
140	42
141	8
142	32
143	38
144	8
145	8
146	29
147	16
148	8
149	7
150	20
151	8
152	7
153	8
154	8
155	25
156	8
157	7
158	13
159	8
160	38
161	8
162	13
163	1
164	8
165	37
166	13
167	8
168	11
169	8
170	14
171	0
172	20
173	8
174	8
175	8
176	8
177	41
178	8
179	8
180	25
181	41
182	32
183	23
184	13
185	41
186	18
187	30
188	11
189	8
190	39
191	33
192	8
193	8
194	36
195	29
196	13
197	8
198	29
199	0
200	39
201	32
202	8
203	8
204	8
205	8
206	34
207	8
208	8
209	41
210	28
211	32
212	16
213	30
214	8
215	32
216	37
217	11
218	8
219	7
220	6
221	27
222	12
223	8
224	17
225	8
226	0
227	0
228	15
229	13
230	26
231	17
232	0
233	8
234	8
235	24
236	34
237	20
238	16
239	5
240	22
241	38
242	8
243	30
244	34
245	8
246	11
247	25
248	8
249	8
250	8
251	30
252	23
253	6
254	8
255	20
256	18
257	33
258	42
259	41
260	8
261	8
262	14
263	8
264	8
265	13
266	8
267	37
268	28
269	8
270	7
271	13
272	23
273	17
274	36
275	22
276	39
277	8
278	8
279	8
280	17
281	0
282	39
283	11
284	6
285	35
286	23
287	42
288	8
289	26
290	8
291	34
292	29
293	31
294	13
295	26
296	23
297	17
298	8
299	28
300	24
301	8
302	37
303	16
304	8
305	8
306	6
307	21
308	8
309	32
310	30
311	18
312	6
313	39
314	12
315	25
316	27
317	25
318	25
319	8
320	5
321	23
322	11
323	17
324	20
325	42
326	37
327	42
328	42
329	35
330	27
331	9
332	22
333	23
334	33
335	38
336	8
337	15
338	20
339	1
340	11
341	29
342	21
343	1
344	8
345	14
346	39
347	32
348	28
349	11
350	28
351	11
352	41
353	0
354	8
355	9
356	5
357	9
358	17
359	22
360	13
361	8
362	37
363	33
364	7
365	6
366	18
367	35
368	30
369	38
370	26
371	42
372	5
373	28
374	11
375	36
376	18
377	8
378	7
379	6
380	14
381	7
382	8
383	27
384	8
385	8
386	39
387	8
388	42
389	39
390	22
391	11
392	17
393	16
394	28
395	14
396	28
397	16
398	32
399	31
400	6
401	35
402	25
403	33
404	39
405	31
406	0
407	8
408	6
409	34
410	34
411	4
412	20
413	12
414	14
415	38
416	28
417	15
418	26
419	8
420	11
421	8
422	7
423	7
424	29
425	1
426	38
427	15
428	3
429	39
430	6
431	28
432	8
433	30
434	9
435	5
436	41
437	37
438	25
439	35
440	26
441	31
442	16
443	31
444	15
445	28
446	17
447	19
448	23
449	1
450	12
451	21
452	23
453	38
454	5
455	42
456	6
457	26
458	11
459	11
460	4
461	3
462	6
463	37
464	7
465	8
466	23
467	8
468	14
469	35
470	16
471	13
472	20
473	27
474	41
475	30
476	8
477	0
478	42
479	8
480	8
481	34
482	12
483	35
484	4
485	3
486	22
487	3
488	11
489	16
490	8
491	15
492	24
493	1
494	21
495	4
496	14
497	4
498	18
499	8
500	38
501	2
502	12
503	31
504	18
505	26
506	6
507	13
508	5
509	28
510	30
511	8
512	7
513	8
514	11
515	8
516	31
517	1
518	36
519	37
520	21
521	15
522	22
523	36
524	24
525	8
526	12
527	1
528	12
529	18
530	8
531	1
532	15
533	37
534	8
535	20
536	31
537	23
538	11
539	11
540	7
541	8
542	25
543	36
544	32
545	5
546	0
547	23
548	27
549	8
550	38
551	29
552	18
553	19
554	6
555	3
556	35
557	2
558	8
559	16
560	21
561	30
562	27
563	33
564	3
565	33
566	8
567	34
568	23
569	2
570	7
571	17
572	21
573	8
574	29
575	33
576	10
577	2
578	8
579	11
580	39
581	25
582	1
583	26
584	29
585	28
586	1
587	9
588	22
589	0
590	11
591	24
592	16
593	0
594	9
595	7
596	23
597	11
598	15
599	16
600	14
601	12
602	13
603	22
604	5
605	11
606	12
607	16
608	12
609	5
610	2
611	37
612	11
613	12
614	11
615	6
616	39
617	20
618	40
619	27
620	5
621	1
622	1
623	1
624	30
625	42
626	40
627	15
628	40
629	0
630	16
631	3
632	7
633	39
634	8
635	0
636	5
637	4
638	7
639	9
640	15
641	10
642	20
643	9
644	1
645	36
646	22
647	6
648	2
649	5
650	12
651	21
652	1
653	34
654	5
655	4
656	11
657	23
658	21
659	6
660	23
661	22
662	11
663	10
664	7
665	38
666	40
667	40
668	3
669	36
670	28
671	7
672	17
673	7
674	42
675	13
676	30
677	32
678	36
679	21
680	37
681	12
682	14
683	14
684	40
685	15
686	18
687	20
688	7
689	16
690	4
691	15
692	21
693	37
694	21
695	2
696	20
697	6
698	1
699	14
700	40
701	5
702	7
703	9
704	32
705	9
706	16
707	21
708	10
709	29
710	23
711	39
712	16
713	42
714	24
715	34
716	27
717	5
718	3
719	6
720	23
721	3
722	17
723	20
724	19
725	9
726	36
727	32
728	2
729	6
730	14
731	39
732	3
733	13
734	11
735	3
736	4
737	0
738	6
739	6
740	7
741	4
742	18
743	19
744	13
745	24
746	4
747	21
748	37
749	32
750	36
751	14
752	16
753	4
754	7
755	3
756	40
757	6
758	10
759	14
760	15
761	19
762	2
763	5
764	36
765	6
766	2
767	9
768	21
769	40
770	7
771	3
772	40
773	17
774	17
775	1
776	20
777	12
778	42
779	23
780	16
781	11
782	23
783	42
784	19
785	2
786	24
787	15
788	11
789	19
790	23
791	37
792	3
793	9
794	13
795	7
796	4
797	15
798	1
799	1
800	21
801	24
802	2
803	19
804	4
805	2
806	6
807	16
808	19
809	17
810	21
811	30
812	15
813	34
814	11
815	7
816	7
817	5
818	42
819	28
820	20
821	4
822	23
823	17
824	10
825	3
826	10
827	32
828	23
829	11
830	28
831	5
832	20
833	2
834	3
835	19
836	6
837	12
838	30
839	6
840	5
841	21
842	9
843	10
844	14
845	40
846	1
847	30
848	1
849	14
850	17
851	21
852	39
853	12
854	17
855	34
856	1
857	3
858	14
859	19
860	1
861	39
862	20
863	40
864	6
865	23
866	14
867	5
868	2
869	40
870	1
871	10
872	19
873	1
874	24
875	40
876	3
877	20
878	9
879	9
880	21
881	28
882	37
883	11
884	12
885	12
886	21
887	16
888	13
889	4
890	3
891	3
892	2
893	11
894	40
895	9
896	9
897	4
898	12
899	3
900	21
901	1
902	7
903	6
904	19
905	21
906	3
907	1
908	12
909	9
910	12
911	23
912	37
913	11
914	4
915	6
916	6
917	37
918	2
919	23
920	40
921	6
922	2
923	14
924	5
925	11
926	23
927	5
928	16
929	11
930	40
931	6
932	4
933	3
934	2
935	11
936	11
937	11
938	6
939	6
940	1
941	12
942	2
943	12
944	6
945	3
946	12
947	10
948	7
949	10
950	4
951	5
952	4
953	3
954	6
955	2
956	10
957	37
958	19
959	5
960	21
961	4
962	2
963	40
964	40
965	19
966	10
967	12
968	7
969	1
970	37
971	11
972	40
973	4
974	12
975	6
976	7
977	7
978	37
979	23
980	10
981	3
982	2
983	7
984	2
985	40
986	19
987	12
988	10
989	19
990	10
991	3
992	5
993	10
994	10
995	5
996	40
997	3
998	40
999	23
1000	40
