1	21
2	22
3	2
4	21
5	5
6	10
7	3
8	12
9	31
10	5
11	26
12	16
13	16
14	27
15	24
16	11
17	31
18	30
19	29
20	27
21	15
22	26
23	0
24	28
25	6
26	0
27	29
28	18
29	13
30	26
31	10
32	1
33	11
34	26
35	8
36	27
37	7
38	0
39	30
40	5
41	30
42	23
43	14
44	26
45	28
46	11
47	19
48	31
49	20
50	7
51	31
52	28
53	27
54	12
55	30
56	10
57	31
58	25
59	20
60	21
61	19
62	11
63	13
64	5
65	8
66	31
67	21
68	11
69	19
70	19
71	27
72	6
73	0
74	15
75	4
76	21
77	30
78	8
79	18
80	32
81	13
82	14
83	26
84	1
85	23
86	31
87	23
88	19
89	26
90	16
91	2
92	28
93	33
94	16
95	25
96	30
97	4
98	15
99	27
100	22
101	2
102	3
103	30
104	17
105	33
106	32
107	18
108	19
109	9
110	14
111	15
112	26
113	1
114	32
115	17
116	31
117	19
118	32
119	23
120	0
121	23
122	2
123	11
124	4
125	13
126	13
127	19
128	0
129	30
130	9
131	10
132	3
133	29
134	11
135	23
136	19
137	24
138	19
139	31
140	3
141	12
142	20
143	30
144	0
145	29
146	3
147	15
148	32
149	5
150	28
151	7
152	9
153	25
154	16
155	20
156	17
157	28
158	32
159	15
160	9
161	26
162	4
163	19
164	31
165	3
166	8
167	19
168	25
169	12
170	23
171	23
172	18
173	9
174	13
175	9
176	26
177	1
178	23
179	26
180	24
181	7
182	0
183	12
184	26
185	2
186	15
187	22
188	33
189	5
190	4
191	7
192	31
193	26
194	30
195	21
196	0
197	13
198	23
199	19
200	0
201	32
202	23
203	3
204	2
205	6
206	12
207	8
208	10
209	20
210	33
211	19
212	19
213	18
214	14
215	8
216	1
217	16
218	18
219	25
220	33
221	26
222	19
223	14
224	13
225	28
226	2
227	33
228	20
229	11
230	21
231	17
232	13
233	8
234	27
235	32
236	14
237	8
238	3
239	5
240	15
241	8
242	24
243	6
244	18
245	9
246	0
247	26
248	12
249	15
250	4
251	14
252	0
253	12
254	14
255	3
256	29
257	9
258	9
259	28
260	12
261	22
262	21
263	24
264	14
265	29
266	0
267	26
268	0
269	21
270	3
271	25
272	18
273	16
274	20
275	15
276	2
277	15
278	11
279	26
280	19
281	19
282	5
283	24
284	5
285	27
286	19
287	7
288	11
289	28
290	28
291	15
292	26
293	27
294	2
295	3
296	12
297	3
298	7
299	25
300	14
301	19
302	20
303	9
304	28
305	12
306	23
307	12
308	29
309	26
310	24
311	19
312	24
313	22
314	33
315	24
316	11
317	25
318	1
319	33
320	24
321	14
322	27
323	9
324	1
325	1
326	32
327	10
328	15
329	19
330	3
331	6
332	19
333	29
334	5
335	26
336	33
337	29
338	33
339	11
340	4
341	5
342	6
343	7
344	0
345	2
346	2
347	3
348	10
349	17
350	21
351	10
352	21
353	8
354	4
355	9
356	7
357	27
358	15
359	17
360	26
361	12
362	18
363	26
364	5
365	17
366	28
367	8
368	2
369	33
370	33
371	3
372	28
373	22
374	17
375	22
376	1
377	23
378	12
379	18
380	25
381	28
382	15
383	20
384	7
385	21
386	4
387	22
388	16
389	12
390	8
391	9
392	16
393	28
394	33
395	0
396	29
397	28
398	13
399	27
400	1
401	23
402	8
403	12
404	25
405	28
406	21
407	20
408	7
409	23
410	21
411	14
412	24
413	5
414	13
415	23
416	22
417	18
418	6
419	29
420	20
421	19
422	22
423	21
424	29
425	10
426	17
427	15
428	23
429	8
430	3
431	15
432	3
433	1
434	0
435	24
436	23
437	33
438	20
439	25
440	23
441	1
442	2
443	32
444	20
445	13
446	9
447	23
448	5
449	23
450	15
451	11
452	32
453	20
454	14
455	7
456	8
457	24
458	14
459	28
460	7
461	18
462	0
463	0
464	24
465	2
466	23
467	10
468	6
469	22
470	10
471	0
472	26
473	3
474	5
475	12
476	13
477	4
478	26
479	6
480	10
481	9
482	8
483	1
484	2
485	27
486	13
487	8
488	7
489	2
490	6
491	5
492	22
493	23
494	15
495	22
496	16
497	9
498	3
499	22
500	20
501	24
502	20
503	27
504	3
505	10
506	1
507	29
508	3
509	28
510	25
511	6
512	28
513	12
514	24
515	5
516	10
517	11
518	14
519	6
520	3
521	11
522	29
523	11
524	21
525	21
526	18
527	15
528	16
529	18
530	27
531	1
532	18
533	3
534	22
535	20
536	2
537	5
538	17
539	28
540	17
541	17
542	21
543	12
544	6
545	32
546	10
547	5
548	29
549	5
550	9
551	11
552	27
553	3
554	0
555	12
556	16
557	23
558	6
559	29
560	33
561	14
562	6
563	9
564	6
565	17
566	32
567	14
568	25
569	16
570	33
571	21
572	17
573	20
574	8
575	4
576	11
577	14
578	2
579	1
580	25
581	18
582	23
583	17
584	12
585	20
586	16
587	23
588	24
589	2
590	27
591	29
592	2
593	9
594	9
595	25
596	14
597	21
598	29
599	23
600	20
601	23
602	21
603	20
604	27
605	32
606	4
607	5
608	18
609	11
610	11
611	15
612	21
613	32
614	25
615	1
616	1
617	16
618	13
619	24
620	4
621	14
622	21
623	32
624	27
625	11
626	24
627	32
628	3
629	13
630	21
631	15
632	6
633	25
634	4
635	2
636	3
637	18
638	8
639	14
640	14
641	8
642	11
643	21
644	14
645	5
646	6
647	28
648	4
649	0
650	23
651	24
652	15
653	2
654	15
655	29
656	6
657	5
658	20
659	2
660	16
661	21
662	9
663	21
664	11
665	23
666	13
667	4
668	4
669	5
670	2
671	1
672	28
673	4
674	16
675	15
676	16
677	17
678	13
679	18
680	24
681	13
682	13
683	4
684	5
685	18
686	16
687	16
688	27
689	6
690	6
691	0
692	11
693	9
694	0
695	1
696	3
697	0
698	12
699	4
700	23
701	14
702	15
703	27
704	21
705	2
706	4
707	17
708	12
709	15
710	18
711	17
712	16
713	8
714	9
715	15
716	6
717	11
718	9
719	14
720	11
721	12
722	13
723	12
724	12
725	2
726	24
727	20
728	21
729	8
730	20
731	18
732	29
733	11
734	5
735	27
736	3
737	29
738	17
739	20
740	14
741	16
742	16
743	13
744	15
745	6
746	21
747	27
748	5
749	28
750	21
751	14
752	17
753	13
754	9
755	21
756	23
757	4
758	23
759	17
760	28
761	29
762	5
763	11
764	0
765	5
766	20
767	11
768	18
769	8
770	23
771	15
772	23
773	4
774	0
775	12
776	23
777	3
778	11
779	6
780	1
781	1
782	15
783	2
784	3
785	20
786	16
787	15
788	1
789	15
790	24
791	18
792	3
793	27
794	11
795	0
796	17
797	9
798	0
799	27
800	17
801	20
802	1
803	21
804	18
805	23
806	12
807	2
808	16
809	9
810	8
811	6
812	6
813	9
814	16
815	11
816	12
817	13
818	1
819	1
820	9
821	20
822	17
823	11
824	13
825	28
826	24
827	24
828	18
829	5
830	23
831	15
832	28
833	24
834	13
835	18
836	14
837	17
838	14
839	21
840	1
841	24
842	21
843	21
844	24
845	24
846	27
847	27
848	20
849	9
850	16
851	20
852	18
853	21
854	27
855	0
856	13
857	20
858	18
859	27
860	14
861	15
862	23
863	12
864	21
865	28
866	24
867	20
868	20
869	23
870	20
871	21
872	2
873	23
874	11
875	18
876	11
877	1
878	18
879	18
880	27
881	5
882	15
883	18
884	28
885	0
886	1
887	1
888	16
889	1
890	20
891	12
892	15
893	14
894	1
895	16
896	0
897	3
898	16
899	28
900	5
901	23
902	0
903	28
904	1
905	12
906	5
907	0
908	15
909	16
910	15
911	23
912	5
913	16
914	12
915	9
916	18
917	21
918	3
919	20
920	18
921	12
922	1
923	20
924	12
925	21
926	11
927	15
928	15
929	1
930	16
931	5
932	5
933	16
934	12
935	11
936	20
937	11
938	5
939	20
940	16
941	15
942	16
943	12
944	20
945	16
946	3
947	15
948	12
949	18
950	12
951	21
952	23
953	16
954	18
955	21
956	3
957	3
958	1
959	12
960	3
961	21
962	1
963	1
964	21
965	15
966	16
967	16
968	16
969	21
970	20
971	11
972	16
973	20
974	12
975	21
976	5
977	11
978	23
979	5
980	23
981	5
982	23
983	3
984	3
985	21
986	5
987	3
988	15
989	20
990	3
991	3
992	21
993	15
994	11
995	11
996	20
997	15
998	15
999	3
1000	11
