1	39
2	40
3	29
4	42
5	44
6	13
7	34
8	37
9	29
10	26
11	30
12	38
13	31
14	1
15	5
16	17
17	39
18	39
19	17
20	24
21	24
22	31
23	30
24	39
25	22
26	29
27	37
28	30
29	39
30	29
31	27
32	22
33	17
34	28
35	2
36	21
37	32
38	22
39	39
40	21
41	40
42	46
43	43
44	43
45	34
46	20
47	39
48	27
49	34
50	39
51	27
52	28
53	11
54	30
55	33
56	42
57	32
58	33
59	33
60	13
61	28
62	27
63	33
64	24
65	41
66	25
67	5
68	34
69	17
70	32
71	17
72	26
73	17
74	30
75	4
76	40
77	11
78	7
79	33
80	46
81	17
82	29
83	36
84	26
85	38
86	41
87	38
88	37
89	30
90	37
91	27
92	5
93	34
94	17
95	21
96	4
97	39
98	33
99	32
100	39
101	34
102	31
103	31
104	29
105	39
106	31
107	40
108	30
109	2
110	12
111	47
112	13
113	21
114	32
115	37
116	25
117	45
118	39
119	13
120	37
121	29
122	32
123	33
124	6
125	17
126	35
127	37
128	39
129	33
130	28
131	30
132	34
133	44
134	5
135	17
136	41
137	41
138	30
139	4
140	33
141	40
142	7
143	28
144	30
145	17
146	8
147	42
148	17
149	16
150	39
151	36
152	43
153	27
154	32
155	30
156	16
157	25
158	22
159	13
160	0
161	4
162	45
163	28
164	15
165	22
166	27
167	40
168	11
169	41
170	19
171	17
172	25
173	16
174	11
175	22
176	18
177	15
178	36
179	33
180	26
181	36
182	26
183	40
184	18
185	22
186	29
187	27
188	39
189	42
190	29
191	29
192	28
193	30
194	31
195	30
196	30
197	32
198	3
199	9
200	41
201	2
202	30
203	2
204	3
205	32
206	16
207	5
208	42
209	30
210	39
211	31
212	1
213	11
214	33
215	13
216	42
217	36
218	21
219	30
220	2
221	28
222	32
223	9
224	21
225	4
226	25
227	42
228	45
229	4
230	21
231	27
232	29
233	48
234	1
235	4
236	5
237	33
238	48
239	16
240	0
241	10
242	26
243	24
244	1
245	11
246	4
247	36
248	29
249	3
250	38
251	13
252	5
253	27
254	22
255	43
256	5
257	33
258	26
259	10
260	39
261	35
262	18
263	2
264	30
265	25
266	33
267	17
268	16
269	7
270	16
271	33
272	4
273	25
274	34
275	21
276	35
277	7
278	11
279	26
280	17
281	40
282	26
283	11
284	27
285	26
286	2
287	46
288	3
289	11
290	25
291	26
292	18
293	12
294	23
295	24
296	4
297	22
298	21
299	8
300	25
301	27
302	21
303	4
304	21
305	36
306	13
307	27
308	22
309	26
310	23
311	30
312	24
313	40
314	41
315	31
316	3
317	25
318	41
319	1
320	44
321	23
322	1
323	5
324	14
325	36
326	33
327	29
328	15
329	29
330	21
331	31
332	44
333	3
334	30
335	22
336	2
337	18
338	33
339	11
340	4
341	5
342	5
343	2
344	0
345	24
346	2
347	3
348	23
349	22
350	32
351	4
352	29
353	26
354	1
355	5
356	4
357	38
358	5
359	37
360	34
361	39
362	18
363	37
364	47
365	36
366	39
367	8
368	19
369	7
370	38
371	26
372	16
373	7
374	15
375	38
376	5
377	31
378	25
379	11
380	1
381	36
382	2
383	2
384	25
385	3
386	3
387	40
388	26
389	45
390	5
391	7
392	29
393	5
394	5
395	14
396	45
397	36
398	48
399	30
400	48
401	2
402	3
403	48
404	26
405	29
406	11
407	12
408	15
409	38
410	8
411	18
412	49
413	40
414	40
415	19
416	23
417	13
418	36
419	32
420	27
421	8
422	18
423	16
424	49
425	27
426	3
427	20
428	7
429	16
430	21
431	36
432	27
433	41
434	18
435	23
436	37
437	27
438	1
439	29
440	12
441	34
442	17
443	5
444	18
445	13
446	36
447	29
448	34
449	38
450	10
451	2
452	42
453	18
454	45
455	46
456	48
457	37
458	3
459	38
460	7
461	27
462	1
463	34
464	24
465	1
466	34
467	18
468	16
469	47
470	23
471	3
472	2
473	16
474	45
475	38
476	26
477	45
478	13
479	5
480	26
481	11
482	22
483	19
484	7
485	17
486	5
487	38
488	9
489	39
490	10
491	18
492	48
493	36
494	44
495	44
496	41
497	38
498	45
499	42
500	27
501	16
502	28
503	3
504	38
505	1
506	29
507	27
508	23
509	18
510	20
511	3
512	6
513	11
514	45
515	29
516	26
517	40
518	43
519	14
520	5
521	21
522	22
523	12
524	30
525	11
526	32
527	36
528	3
529	16
530	19
531	45
532	42
533	31
534	38
535	46
536	16
537	17
538	5
539	17
540	6
541	1
542	46
543	33
544	48
545	16
546	14
547	6
548	29
549	41
550	33
551	40
552	47
553	15
554	27
555	8
556	46
557	3
558	17
559	45
560	6
561	43
562	3
563	46
564	27
565	36
566	27
567	39
568	13
569	26
570	49
571	5
572	5
573	17
574	24
575	9
576	10
577	49
578	41
579	40
580	49
581	38
582	47
583	45
584	25
585	28
586	13
587	29
588	26
589	10
590	27
591	21
592	10
593	28
594	17
595	47
596	29
597	0
598	1
599	43
600	26
601	11
602	30
603	47
604	14
605	3
606	33
607	20
608	15
609	47
610	10
611	34
612	27
613	27
614	26
615	49
616	13
617	1
618	14
619	25
620	0
621	7
622	0
623	38
624	2
625	3
626	6
627	2
628	13
629	13
630	33
631	21
632	34
633	38
634	26
635	33
636	0
637	3
638	3
639	5
640	16
641	36
642	41
643	40
644	42
645	21
646	26
647	43
648	47
649	34
650	16
651	41
652	37
653	1
654	13
655	18
656	1
657	40
658	25
659	25
660	13
661	1
662	0
663	31
664	0
665	26
666	12
667	7
668	44
669	28
670	42
671	16
672	35
673	45
674	21
675	16
676	12
677	45
678	44
679	13
680	47
681	32
682	32
683	36
684	41
685	47
686	44
687	20
688	12
689	18
690	45
691	10
692	46
693	42
694	46
695	44
696	24
697	32
698	27
699	49
700	27
701	42
702	42
703	45
704	34
705	33
706	14
707	7
708	41
709	35
710	9
711	2
712	13
713	9
714	3
715	12
716	3
717	11
718	10
719	9
720	23
721	26
722	3
723	23
724	13
725	42
726	19
727	43
728	1
729	45
730	7
731	15
732	12
733	43
734	14
735	3
736	24
737	7
738	1
739	20
740	1
741	43
742	40
743	36
744	42
745	1
746	10
747	41
748	5
749	9
750	43
751	14
752	42
753	35
754	9
755	31
756	3
757	44
758	13
759	35
760	5
761	43
762	19
763	7
764	10
765	20
766	3
767	6
768	46
769	9
770	46
771	35
772	8
773	37
774	48
775	9
776	32
777	15
778	35
779	32
780	26
781	14
782	45
783	9
784	7
785	16
786	46
787	48
788	23
789	41
790	48
791	6
792	23
793	7
794	24
795	5
796	20
797	1
798	8
799	0
800	35
801	7
802	40
803	11
804	5
805	8
806	15
807	37
808	38
809	18
810	6
811	7
812	7
813	3
814	3
815	3
816	0
817	8
818	14
819	1
820	6
821	49
822	45
823	32
824	12
825	49
826	12
827	28
828	43
829	3
830	14
831	20
832	30
833	37
834	18
835	15
836	7
837	3
838	35
839	44
840	14
841	48
842	43
843	45
844	35
845	32
846	48
847	32
848	11
849	20
850	44
851	45
852	18
853	19
854	7
855	9
856	31
857	45
858	6
859	7
860	30
861	36
862	7
863	38
864	28
865	31
866	15
867	35
868	12
869	20
870	7
871	16
872	30
873	18
874	43
875	0
876	45
877	15
878	36
879	8
880	0
881	15
882	44
883	31
884	38
885	13
886	10
887	28
888	31
889	12
890	3
891	6
892	6
893	28
894	49
895	11
896	44
897	37
898	9
899	0
900	12
901	28
902	28
903	38
904	8
905	10
906	28
907	18
908	44
909	20
910	19
911	8
912	11
913	12
914	15
915	38
916	11
917	0
918	28
919	37
920	32
921	49
922	20
923	19
924	20
925	19
926	10
927	18
928	10
929	8
930	38
931	49
932	6
933	20
934	12
935	44
936	8
937	44
938	38
939	19
940	20
941	19
942	18
943	49
944	31
945	19
946	11
947	8
948	15
949	11
950	43
951	49
952	31
953	11
954	0
955	43
956	6
957	31
958	8
959	8
960	18
961	49
962	43
963	37
964	8
965	31
966	28
967	44
968	31
969	28
970	28
971	37
972	18
973	49
974	49
975	8
976	37
977	37
978	32
979	18
980	18
981	37
982	11
983	19
984	19
985	19
986	31
987	31
988	19
989	32
990	37
991	31
992	15
993	15
994	37
995	6
996	43
997	31
998	6
999	15
1000	6
