1	18
2	4
3	17
4	6
5	23
6	0
7	1
8	32
9	31
10	0
11	0
12	33
13	22
14	27
15	0
16	21
17	15
18	25
19	34
20	10
21	33
22	2
23	14
24	32
25	0
26	15
27	0
28	23
29	33
30	11
31	7
32	5
33	32
34	22
35	10
36	3
37	28
38	33
39	32
40	18
41	19
42	0
43	3
44	23
45	26
46	29
47	26
48	1
49	17
50	8
51	0
52	34
53	8
54	32
55	0
56	17
57	32
58	9
59	11
60	27
61	27
62	33
63	32
64	0
65	12
66	6
67	5
68	33
69	24
70	14
71	24
72	3
73	0
74	0
75	1
76	24
77	12
78	15
79	32
80	29
81	24
82	29
83	8
84	9
85	0
86	7
87	34
88	34
89	32
90	19
91	4
92	2
93	11
94	30
95	7
96	18
97	11
98	27
99	28
100	1
101	31
102	2
103	4
104	16
105	32
106	32
107	32
108	0
109	1
110	3
111	15
112	28
113	5
114	32
115	28
116	32
117	29
118	32
119	22
120	4
121	33
122	18
123	12
124	30
125	27
126	25
127	33
128	14
129	1
130	18
131	31
132	33
133	30
134	12
135	10
136	22
137	27
138	26
139	7
140	26
141	3
142	3
143	11
144	25
145	13
146	26
147	0
148	23
149	22
150	10
151	24
152	26
153	8
154	20
155	9
156	23
157	26
158	14
159	20
160	1
161	26
162	4
163	0
164	25
165	32
166	22
167	26
168	19
169	31
170	14
171	33
172	0
173	13
174	7
175	5
176	34
177	6
178	0
179	31
180	18
181	25
182	29
183	5
184	33
185	23
186	6
187	25
188	22
189	32
190	24
191	0
192	21
193	13
194	20
195	25
196	5
197	2
198	0
199	1
200	7
201	4
202	10
203	17
204	6
205	32
206	15
207	27
208	20
209	32
210	28
211	25
212	11
213	7
214	6
215	30
216	16
217	32
218	5
219	24
220	34
221	16
222	4
223	16
224	6
225	24
226	4
227	23
228	23
229	11
230	22
231	17
232	24
233	34
234	10
235	12
236	28
237	8
238	4
239	13
240	21
241	5
242	10
243	4
244	21
245	7
246	20
247	29
248	31
249	25
250	31
251	23
252	5
253	17
254	14
255	6
256	11
257	31
258	30
259	27
260	11
261	6
262	30
263	16
264	5
265	32
266	23
267	34
268	6
269	0
270	2
271	12
272	23
273	22
274	6
275	13
276	10
277	10
278	26
279	18
280	22
281	21
282	4
283	34
284	24
285	30
286	12
287	25
288	13
289	15
290	23
291	6
292	17
293	1
294	16
295	22
296	20
297	2
298	21
299	1
300	31
301	12
302	27
303	6
304	17
305	32
306	34
307	27
308	4
309	4
310	17
311	15
312	20
313	9
314	7
315	16
316	5
317	4
318	2
319	19
320	16
321	20
322	17
323	9
324	16
325	23
326	3
327	31
328	17
329	10
330	3
331	11
332	9
333	25
334	8
335	34
336	25
337	12
338	8
339	21
340	5
341	6
342	7
343	8
344	1
345	22
346	3
347	4
348	29
349	13
350	14
351	28
352	3
353	0
354	9
355	23
356	7
357	21
358	21
359	18
360	2
361	17
362	13
363	19
364	29
365	28
366	34
367	12
368	34
369	30
370	31
371	28
372	18
373	15
374	6
375	18
376	3
377	34
378	22
379	2
380	16
381	14
382	24
383	8
384	33
385	9
386	20
387	10
388	34
389	30
390	17
391	34
392	27
393	22
394	0
395	4
396	23
397	12
398	18
399	23
400	33
401	2
402	30
403	29
404	25
405	13
406	27
407	20
408	3
409	9
410	11
411	18
412	33
413	1
414	13
415	1
416	30
417	4
418	10
419	14
420	20
421	8
422	26
423	3
424	16
425	7
426	16
427	22
428	22
429	26
430	30
431	25
432	8
433	9
434	3
435	13
436	21
437	26
438	12
439	22
440	3
441	5
442	3
443	6
444	19
445	30
446	19
447	14
448	10
449	14
450	16
451	31
452	9
453	2
454	19
455	31
456	14
457	7
458	11
459	2
460	33
461	13
462	15
463	21
464	7
465	30
466	0
467	6
468	5
469	17
470	27
471	6
472	28
473	8
474	31
475	7
476	9
477	21
478	12
479	2
480	9
481	19
482	22
483	17
484	14
485	6
486	29
487	20
488	9
489	26
490	11
491	34
492	23
493	27
494	6
495	23
496	8
497	28
498	34
499	24
500	23
501	16
502	10
503	15
504	17
505	21
506	9
507	20
508	18
509	12
510	20
511	16
512	13
513	23
514	2
515	0
516	14
517	2
518	31
519	2
520	28
521	29
522	20
523	13
524	22
525	27
526	4
527	15
528	23
529	0
530	11
531	8
532	11
533	10
534	4
535	28
536	17
537	23
538	17
539	14
540	28
541	3
542	2
543	29
544	20
545	18
546	19
547	19
548	13
549	13
550	14
551	28
552	11
553	4
554	13
555	8
556	14
557	33
558	3
559	6
560	10
561	9
562	3
563	24
564	24
565	24
566	21
567	4
568	23
569	20
570	17
571	9
572	28
573	17
574	17
575	10
576	12
577	10
578	27
579	2
580	20
581	15
582	15
583	9
584	34
585	33
586	29
587	18
588	29
589	22
590	23
591	24
592	22
593	19
594	17
595	17
596	13
597	2
598	6
599	22
600	8
601	11
602	14
603	8
604	3
605	22
606	23
607	29
608	2
609	24
610	16
611	11
612	4
613	27
614	14
615	4
616	19
617	15
618	29
619	24
620	34
621	10
622	21
623	9
624	3
625	2
626	2
627	18
628	15
629	6
630	16
631	27
632	33
633	23
634	4
635	29
636	11
637	6
638	13
639	8
640	18
641	14
642	18
643	28
644	21
645	18
646	24
647	11
648	29
649	33
650	28
651	13
652	3
653	27
654	6
655	29
656	22
657	9
658	13
659	15
660	11
661	3
662	17
663	28
664	13
665	34
666	14
667	17
668	12
669	8
670	16
671	3
672	24
673	16
674	22
675	22
676	12
677	6
678	10
679	19
680	11
681	2
682	28
683	17
684	12
685	23
686	19
687	13
688	9
689	8
690	13
691	19
692	10
693	21
694	34
695	19
696	9
697	4
698	4
699	24
700	18
701	33
702	9
703	3
704	28
705	11
706	29
707	14
708	21
709	23
710	19
711	18
712	17
713	16
714	10
715	16
716	16
717	4
718	9
719	15
720	15
721	33
722	17
723	21
724	28
725	21
726	10
727	15
728	9
729	21
730	2
731	9
732	29
733	19
734	11
735	19
736	23
737	13
738	23
739	21
740	4
741	29
742	15
743	34
744	3
745	2
746	19
747	33
748	19
749	14
750	4
751	2
752	22
753	9
754	11
755	10
756	2
757	23
758	2
759	28
760	15
761	29
762	14
763	33
764	16
765	4
766	3
767	4
768	9
769	15
770	11
771	11
772	15
773	10
774	6
775	10
776	21
777	9
778	10
779	21
780	28
781	10
782	15
783	2
784	2
785	11
786	12
787	15
788	12
789	9
790	14
791	3
792	2
793	14
794	23
795	13
796	23
797	3
798	14
799	28
800	13
801	6
802	28
803	9
804	23
805	11
806	4
807	12
808	34
809	3
810	9
811	10
812	3
813	11
814	12
815	11
816	12
817	14
818	11
819	2
820	17
821	22
822	11
823	17
824	23
825	11
826	28
827	13
828	6
829	34
830	3
831	9
832	17
833	23
834	2
835	34
836	6
837	13
838	14
839	34
840	15
841	23
842	3
843	14
844	22
845	15
846	12
847	33
848	11
849	2
850	33
851	14
852	3
853	15
854	6
855	6
856	9
857	22
858	34
859	2
860	22
861	14
862	9
863	12
864	22
865	13
866	13
867	9
868	34
869	11
870	4
871	2
872	34
873	11
874	17
875	34
876	12
877	2
878	15
879	33
880	2
881	11
882	11
883	13
884	6
885	3
886	14
887	22
888	4
889	13
890	2
891	9
892	11
893	33
894	13
895	13
896	12
897	12
898	15
899	14
900	22
901	12
902	4
903	6
904	11
905	15
906	15
907	15
908	33
909	15
910	12
911	17
912	13
913	9
914	6
915	3
916	13
917	12
918	34
919	2
920	34
921	34
922	4
923	13
924	33
925	12
926	34
927	11
928	17
929	15
930	12
931	11
932	22
933	14
934	9
935	2
936	14
937	17
938	12
939	6
940	33
941	9
942	23
943	12
944	6
945	4
946	6
947	13
948	4
949	6
950	4
951	14
952	12
953	9
954	33
955	12
956	9
957	33
958	12
959	14
960	23
961	11
962	9
963	9
964	12
965	33
966	23
967	33
968	23
969	4
970	9
971	11
972	33
973	33
974	33
975	14
976	9
977	9
978	14
979	4
980	2
981	4
982	33
983	33
984	9
985	4
986	11
987	9
988	33
989	4
990	33
991	33
992	4
993	9
994	2
995	11
996	33
997	2
998	2
999	4
1000	33
