1	15
2	16
3	13
4	31
5	20
6	17
7	0
8	31
9	21
10	8
11	25
12	7
13	25
14	14
15	14
16	16
17	32
18	31
19	22
20	25
21	27
22	13
23	23
24	6
25	24
26	0
27	2
28	31
29	30
30	31
31	27
32	20
33	31
34	30
35	9
36	8
37	6
38	24
39	31
40	10
41	5
42	31
43	22
44	31
45	30
46	27
47	34
48	27
49	20
50	6
51	10
52	34
53	28
54	10
55	22
56	1
57	27
58	9
59	2
60	1
61	8
62	29
63	1
64	16
65	35
66	1
67	28
68	26
69	12
70	11
71	25
72	29
73	25
74	31
75	18
76	7
77	1
78	3
79	27
80	27
81	7
82	25
83	9
84	23
85	31
86	29
87	17
88	31
89	2
90	11
91	35
92	25
93	9
94	20
95	24
96	31
97	18
98	18
99	24
100	27
101	13
102	11
103	20
104	31
105	29
106	23
107	26
108	1
109	33
110	1
111	34
112	7
113	19
114	29
115	35
116	25
117	28
118	35
119	25
120	35
121	15
122	20
123	17
124	19
125	7
126	9
127	5
128	35
129	5
130	29
131	34
132	10
133	8
134	29
135	3
136	22
137	19
138	16
139	0
140	34
141	20
142	30
143	3
144	29
145	3
146	27
147	31
148	16
149	20
150	9
151	3
152	29
153	26
154	31
155	29
156	23
157	16
158	24
159	35
160	0
161	8
162	10
163	11
164	16
165	33
166	22
167	32
168	25
169	25
170	34
171	30
172	31
173	16
174	25
175	1
176	29
177	12
178	18
179	17
180	6
181	0
182	0
183	25
184	30
185	21
186	22
187	22
188	6
189	6
190	21
191	23
192	20
193	29
194	31
195	29
196	1
197	31
198	29
199	14
200	11
201	12
202	0
203	16
204	16
205	28
206	14
207	29
208	21
209	29
210	2
211	20
212	34
213	29
214	7
215	1
216	25
217	3
218	7
219	29
220	25
221	27
222	24
223	12
224	28
225	29
226	3
227	16
228	0
229	14
230	16
231	10
232	21
233	34
234	29
235	7
236	25
237	12
238	20
239	23
240	10
241	26
242	25
243	17
244	2
245	4
246	25
247	15
248	19
249	18
250	12
251	17
252	22
253	2
254	27
255	6
256	27
257	5
258	7
259	12
260	0
261	13
262	27
263	1
264	24
265	25
266	31
267	27
268	23
269	5
270	27
271	24
272	3
273	32
274	32
275	33
276	16
277	6
278	13
279	19
280	25
281	33
282	11
283	29
284	5
285	27
286	3
287	13
288	35
289	22
290	17
291	27
292	25
293	26
294	10
295	2
296	2
297	24
298	2
299	23
300	7
301	25
302	27
303	34
304	27
305	7
306	7
307	3
308	21
309	27
310	10
311	1
312	6
313	2
314	0
315	34
316	6
317	24
318	7
319	3
320	28
321	22
322	4
323	21
324	19
325	30
326	21
327	33
328	35
329	25
330	28
331	26
332	9
333	8
334	12
335	33
336	29
337	4
338	27
339	34
340	1
341	2
342	4
343	5
344	0
345	23
346	2
347	3
348	13
349	27
350	15
351	6
352	11
353	18
354	18
355	1
356	4
357	18
358	26
359	12
360	34
361	9
362	21
363	1
364	10
365	17
366	6
367	5
368	4
369	23
370	9
371	9
372	8
373	24
374	16
375	17
376	23
377	0
378	12
379	18
380	25
381	6
382	32
383	29
384	35
385	22
386	22
387	9
388	4
389	4
390	8
391	25
392	8
393	12
394	10
395	19
396	0
397	32
398	25
399	19
400	31
401	10
402	15
403	28
404	14
405	23
406	14
407	22
408	14
409	28
410	15
411	9
412	5
413	24
414	32
415	17
416	21
417	4
418	24
419	31
420	12
421	18
422	13
423	32
424	12
425	21
426	4
427	15
428	8
429	30
430	28
431	8
432	26
433	27
434	14
435	24
436	33
437	22
438	26
439	14
440	8
441	22
442	20
443	25
444	1
445	34
446	7
447	5
448	2
449	32
450	14
451	35
452	24
453	18
454	27
455	12
456	9
457	33
458	31
459	21
460	23
461	5
462	9
463	2
464	7
465	7
466	35
467	25
468	32
469	20
470	14
471	33
472	21
473	28
474	26
475	5
476	18
477	32
478	17
479	13
480	32
481	9
482	13
483	27
484	4
485	20
486	30
487	18
488	22
489	12
490	24
491	14
492	31
493	33
494	20
495	31
496	11
497	33
498	28
499	5
500	6
501	4
502	27
503	5
504	19
505	9
506	30
507	33
508	21
509	35
510	26
511	26
512	23
513	6
514	35
515	30
516	21
517	15
518	30
519	1
520	7
521	20
522	18
523	23
524	33
525	7
526	32
527	17
528	33
529	16
530	18
531	19
532	5
533	11
534	23
535	24
536	33
537	15
538	1
539	16
540	20
541	19
542	14
543	28
544	28
545	11
546	33
547	8
548	14
549	12
550	24
551	14
552	12
553	24
554	23
555	10
556	23
557	26
558	9
559	19
560	7
561	22
562	18
563	13
564	17
565	24
566	26
567	30
568	17
569	21
570	1
571	32
572	17
573	28
574	32
575	20
576	30
577	16
578	23
579	1
580	19
581	1
582	23
583	21
584	15
585	23
586	20
587	8
588	18
589	32
590	11
591	17
592	28
593	20
594	15
595	10
596	12
597	17
598	30
599	8
600	28
601	11
602	12
603	16
604	18
605	12
606	19
607	8
608	10
609	10
610	19
611	26
612	13
613	30
614	28
615	1
616	18
617	16
618	11
619	22
620	15
621	32
622	12
623	4
624	11
625	14
626	20
627	9
628	4
629	22
630	14
631	14
632	19
633	30
634	33
635	30
636	22
637	17
638	4
639	4
640	9
641	4
642	22
643	13
644	13
645	14
646	12
647	9
648	10
649	16
650	14
651	26
652	13
653	11
654	30
655	19
656	6
657	19
658	13
659	4
660	13
661	30
662	12
663	13
664	10
665	8
666	15
667	6
668	6
669	17
670	4
671	13
672	15
673	19
674	17
675	15
676	26
677	11
678	20
679	9
680	11
681	10
682	19
683	14
684	18
685	26
686	1
687	9
688	33
689	20
690	12
691	15
692	11
693	11
694	23
695	18
696	13
697	26
698	24
699	4
700	16
701	8
702	33
703	1
704	17
705	10
706	23
707	20
708	30
709	22
710	17
711	10
712	1
713	16
714	15
715	11
716	14
717	14
718	13
719	9
720	10
721	20
722	26
723	13
724	1
725	12
726	7
727	33
728	33
729	6
730	7
731	7
732	19
733	4
734	33
735	4
736	16
737	22
738	26
739	22
740	23
741	26
742	4
743	19
744	7
745	30
746	6
747	16
748	11
749	16
750	19
751	15
752	14
753	19
754	16
755	11
756	23
757	8
758	30
759	8
760	9
761	6
762	7
763	7
764	15
765	4
766	15
767	16
768	16
769	8
770	26
771	6
772	13
773	6
774	1
775	30
776	17
777	10
778	26
779	4
780	4
781	30
782	12
783	1
784	9
785	11
786	17
787	26
788	17
789	9
790	10
791	33
792	15
793	15
794	26
795	9
796	15
797	15
798	17
799	1
800	1
801	16
802	8
803	9
804	15
805	6
806	16
807	12
808	8
809	17
810	6
811	7
812	8
813	9
814	7
815	10
816	11
817	12
818	16
819	1
820	4
821	33
822	7
823	10
824	7
825	4
826	11
827	33
828	11
829	14
830	11
831	16
832	10
833	14
834	20
835	1
836	22
837	6
838	23
839	20
840	23
841	23
842	14
843	23
844	4
845	9
846	17
847	10
848	33
849	33
850	9
851	17
852	8
853	9
854	33
855	8
856	33
857	16
858	33
859	7
860	20
861	6
862	8
863	10
864	7
865	9
866	12
867	6
868	16
869	10
870	7
871	7
872	22
873	20
874	10
875	22
876	12
877	22
878	9
879	1
880	8
881	16
882	7
883	12
884	4
885	33
886	7
887	4
888	6
889	20
890	8
891	22
892	1
893	8
894	22
895	20
896	6
897	33
898	12
899	4
900	1
901	7
902	22
903	1
904	8
905	1
906	6
907	4
908	4
909	33
910	33
911	8
912	22
913	4
914	7
915	20
916	20
917	16
918	6
919	10
920	6
921	1
922	9
923	33
924	33
925	9
926	9
927	22
928	9
929	22
930	6
931	16
932	10
933	33
934	33
935	10
936	6
937	1
938	20
939	10
940	9
941	6
942	1
943	7
944	20
945	33
946	20
947	9
948	6
949	20
950	7
951	7
952	10
953	1
954	1
955	16
956	22
957	6
958	20
959	22
960	6
961	1
962	10
963	20
964	16
965	16
966	9
967	16
968	20
969	10
970	22
971	9
972	10
973	1
974	22
975	22
976	10
977	10
978	9
979	22
980	20
981	22
982	20
983	9
984	10
985	9
986	10
987	20
988	16
989	1
990	20
991	10
992	9
993	22
994	1
995	22
996	9
997	1
998	9
999	1
1000	22
