1	16
2	19
3	24
4	26
5	25
6	21
7	31
8	23
9	33
10	7
11	0
12	6
13	15
14	25
15	20
16	20
17	18
18	25
19	34
20	21
21	31
22	20
23	31
24	9
25	29
26	25
27	31
28	34
29	22
30	17
31	10
32	32
33	26
34	13
35	14
36	30
37	26
38	30
39	10
40	17
41	29
42	24
43	14
44	26
45	2
46	28
47	30
48	26
49	29
50	30
51	9
52	11
53	26
54	12
55	25
56	5
57	7
58	29
59	8
60	24
61	1
62	5
63	12
64	11
65	26
66	1
67	6
68	1
69	14
70	2
71	32
72	8
73	17
74	22
75	0
76	12
77	20
78	15
79	10
80	27
81	0
82	30
83	22
84	29
85	31
86	29
87	31
88	21
89	24
90	33
91	25
92	8
93	14
94	20
95	5
96	34
97	17
98	29
99	21
100	17
101	15
102	24
103	18
104	19
105	20
106	27
107	13
108	31
109	26
110	31
111	34
112	28
113	4
114	1
115	13
116	9
117	0
118	29
119	27
120	27
121	24
122	12
123	16
124	24
125	34
126	20
127	2
128	1
129	34
130	3
131	25
132	22
133	32
134	32
135	33
136	33
137	24
138	4
139	15
140	12
141	33
142	24
143	29
144	16
145	10
146	6
147	7
148	27
149	25
150	18
151	22
152	13
153	0
154	6
155	16
156	5
157	32
158	20
159	24
160	2
161	21
162	14
163	18
164	5
165	4
166	33
167	24
168	11
169	19
170	34
171	24
172	16
173	24
174	21
175	8
176	0
177	11
178	15
179	0
180	30
181	31
182	28
183	24
184	24
185	22
186	31
187	12
188	11
189	6
190	19
191	6
192	26
193	7
194	1
195	24
196	25
197	21
198	3
199	33
200	24
201	27
202	1
203	8
204	21
205	29
206	18
207	5
208	25
209	24
210	32
211	26
212	12
213	2
214	9
215	29
216	12
217	10
218	14
219	32
220	28
221	21
222	0
223	0
224	34
225	23
226	32
227	22
228	34
229	15
230	9
231	7
232	19
233	11
234	22
235	27
236	33
237	24
238	29
239	32
240	19
241	29
242	11
243	22
244	24
245	33
246	24
247	7
248	2
249	9
250	33
251	23
252	23
253	34
254	29
255	12
256	12
257	22
258	0
259	29
260	3
261	14
262	17
263	3
264	19
265	23
266	10
267	3
268	24
269	28
270	4
271	17
272	10
273	20
274	25
275	27
276	7
277	27
278	28
279	3
280	20
281	3
282	30
283	14
284	14
285	2
286	26
287	32
288	30
289	6
290	21
291	22
292	18
293	20
294	3
295	10
296	13
297	3
298	17
299	2
300	29
301	25
302	29
303	34
304	11
305	12
306	28
307	13
308	13
309	29
310	29
311	8
312	6
313	18
314	13
315	11
316	29
317	30
318	2
319	23
320	7
321	23
322	5
323	8
324	2
325	10
326	23
327	28
328	30
329	13
330	28
331	13
332	11
333	30
334	10
335	34
336	0
337	18
338	22
339	30
340	0
341	4
342	5
343	6
344	15
345	1
346	2
347	3
348	0
349	12
350	29
351	33
352	10
353	18
354	23
355	30
356	9
357	28
358	11
359	3
360	15
361	27
362	13
363	11
364	29
365	2
366	19
367	20
368	6
369	23
370	23
371	29
372	11
373	1
374	19
375	27
376	5
377	27
378	16
379	3
380	17
381	1
382	20
383	0
384	1
385	9
386	33
387	0
388	18
389	4
390	21
391	27
392	29
393	15
394	10
395	19
396	11
397	1
398	3
399	0
400	4
401	32
402	28
403	27
404	30
405	13
406	33
407	0
408	32
409	9
410	28
411	6
412	6
413	0
414	23
415	9
416	27
417	3
418	30
419	25
420	5
421	20
422	16
423	18
424	19
425	0
426	13
427	4
428	14
429	10
430	14
431	9
432	11
433	22
434	27
435	5
436	21
437	33
438	27
439	33
440	8
441	21
442	29
443	23
444	29
445	25
446	15
447	19
448	16
449	7
450	1
451	21
452	16
453	25
454	11
455	8
456	4
457	9
458	29
459	17
460	2
461	3
462	7
463	17
464	23
465	6
466	10
467	9
468	9
469	18
470	4
471	32
472	32
473	3
474	21
475	28
476	16
477	7
478	28
479	18
480	29
481	27
482	22
483	9
484	19
485	3
486	14
487	10
488	6
489	20
490	3
491	5
492	23
493	23
494	17
495	2
496	20
497	13
498	4
499	29
500	4
501	2
502	18
503	6
504	23
505	29
506	8
507	27
508	7
509	15
510	28
511	23
512	15
513	20
514	29
515	3
516	5
517	16
518	20
519	29
520	14
521	13
522	23
523	0
524	11
525	29
526	4
527	0
528	19
529	5
530	7
531	21
532	27
533	8
534	25
535	15
536	16
537	7
538	10
539	0
540	25
541	13
542	14
543	6
544	20
545	28
546	11
547	9
548	10
549	25
550	14
551	0
552	19
553	23
554	8
555	16
556	11
557	17
558	6
559	33
560	33
561	23
562	32
563	6
564	8
565	32
566	3
567	25
568	4
569	32
570	5
571	14
572	16
573	27
574	14
575	4
576	15
577	0
578	17
579	13
580	15
581	4
582	17
583	25
584	32
585	19
586	18
587	2
588	10
589	15
590	5
591	2
592	0
593	2
594	2
595	23
596	14
597	0
598	8
599	33
600	10
601	19
602	33
603	5
604	8
605	5
606	8
607	32
608	14
609	29
610	9
611	32
612	29
613	0
614	11
615	27
616	8
617	6
618	13
619	8
620	19
621	13
622	3
623	0
624	3
625	17
626	27
627	19
628	13
629	7
630	15
631	7
632	10
633	17
634	14
635	17
636	18
637	3
638	32
639	0
640	11
641	6
642	25
643	20
644	21
645	33
646	13
647	25
648	25
649	21
650	11
651	16
652	13
653	7
654	2
655	11
656	16
657	10
658	8
659	9
660	0
661	25
662	15
663	11
664	0
665	27
666	25
667	6
668	17
669	33
670	10
671	16
672	13
673	7
674	18
675	23
676	5
677	5
678	15
679	21
680	20
681	32
682	5
683	11
684	19
685	21
686	27
687	16
688	9
689	13
690	10
691	5
692	27
693	32
694	18
695	14
696	11
697	21
698	15
699	29
700	10
701	13
702	17
703	32
704	19
705	14
706	13
707	15
708	16
709	15
710	15
711	15
712	6
713	11
714	3
715	17
716	16
717	15
718	10
719	14
720	9
721	7
722	5
723	17
724	17
725	21
726	18
727	27
728	16
729	9
730	19
731	19
732	0
733	2
734	18
735	13
736	8
737	16
738	18
739	23
740	9
741	20
742	13
743	3
744	9
745	2
746	2
747	6
748	9
749	13
750	21
751	5
752	17
753	15
754	13
755	5
756	5
757	25
758	25
759	2
760	15
761	18
762	0
763	21
764	3
765	17
766	3
767	6
768	16
769	17
770	20
771	9
772	27
773	0
774	18
775	8
776	13
777	17
778	0
779	2
780	2
781	0
782	10
783	6
784	10
785	3
786	11
787	13
788	6
789	18
790	8
791	15
792	15
793	15
794	15
795	7
796	13
797	27
798	17
799	18
800	5
801	3
802	2
803	5
804	8
805	9
806	17
807	23
808	27
809	7
810	7
811	8
812	9
813	10
814	11
815	0
816	3
817	13
818	0
819	6
820	0
821	13
822	27
823	11
824	6
825	3
826	8
827	13
828	11
829	15
830	7
831	8
832	3
833	6
834	3
835	27
836	6
837	15
838	2
839	11
840	2
841	11
842	15
843	2
844	8
845	3
846	7
847	5
848	15
849	13
850	13
851	2
852	10
853	10
854	0
855	15
856	3
857	13
858	17
859	15
860	2
861	6
862	7
863	17
864	2
865	5
866	10
867	3
868	15
869	6
870	17
871	10
872	27
873	9
874	5
875	10
876	7
877	3
878	17
879	0
880	17
881	15
882	9
883	2
884	5
885	3
886	5
887	3
888	7
889	15
890	17
891	2
892	9
893	17
894	6
895	2
896	7
897	17
898	0
899	9
900	9
901	6
902	5
903	9
904	9
905	2
906	0
907	7
908	2
909	5
910	5
911	7
912	2
913	17
914	3
915	13
916	7
917	6
918	3
919	11
920	27
921	3
922	13
923	10
924	2
925	3
926	7
927	10
928	7
929	15
930	15
931	10
932	2
933	6
934	3
935	6
936	7
937	2
938	15
939	7
940	7
941	27
942	2
943	9
944	27
945	5
946	27
947	15
948	5
949	13
950	10
951	7
952	10
953	5
954	3
955	3
956	7
957	13
958	2
959	5
960	6
961	27
962	9
963	13
964	7
965	9
966	17
967	5
968	13
969	7
970	2
971	17
972	3
973	2
974	5
975	2
976	7
977	0
978	15
979	2
980	0
981	0
982	17
983	15
984	10
985	3
986	5
987	7
988	10
989	10
990	7
991	3
992	2
993	17
994	0
995	17
996	7
997	15
998	13
999	13
1000	0
