1	11
2	20
3	3
4	4
5	7
6	8
7	3
8	20
9	25
10	25
11	18
12	25
13	29
14	25
15	30
16	25
17	20
18	32
19	27
20	18
21	18
22	18
23	21
24	23
25	11
26	5
27	9
28	4
29	24
30	21
31	27
32	21
33	5
34	11
35	0
36	25
37	12
38	4
39	11
40	1
41	0
42	5
43	25
44	22
45	21
46	6
47	6
48	6
49	26
50	22
51	8
52	6
53	21
54	25
55	3
56	17
57	25
58	27
59	22
60	22
61	33
62	29
63	1
64	13
65	24
66	33
67	25
68	33
69	16
70	33
71	8
72	25
73	28
74	20
75	16
76	20
77	14
78	17
79	16
80	15
81	32
82	17
83	33
84	12
85	33
86	11
87	14
88	26
89	25
90	20
91	25
92	6
93	14
94	6
95	30
96	10
97	25
98	25
99	22
100	18
101	19
102	29
103	8
104	30
105	30
106	13
107	27
108	5
109	6
110	25
111	20
112	0
113	28
114	5
115	25
116	18
117	32
118	21
119	19
120	18
121	10
122	6
123	17
124	7
125	16
126	9
127	25
128	7
129	31
130	20
131	4
132	18
133	29
134	15
135	31
136	25
137	14
138	18
139	9
140	23
141	1
142	2
143	14
144	30
145	14
146	11
147	20
148	13
149	4
150	15
151	10
152	19
153	30
154	30
155	18
156	18
157	5
158	6
159	14
160	30
161	24
162	18
163	20
164	21
165	4
166	0
167	18
168	17
169	0
170	14
171	25
172	4
173	28
174	8
175	13
176	18
177	23
178	16
179	31
180	25
181	3
182	4
183	18
184	27
185	28
186	31
187	5
188	7
189	10
190	25
191	7
192	9
193	7
194	1
195	24
196	11
197	9
198	25
199	23
200	14
201	29
202	18
203	25
204	33
205	30
206	8
207	24
208	0
209	18
210	0
211	3
212	10
213	7
214	8
215	18
216	31
217	25
218	28
219	21
220	26
221	10
222	30
223	21
224	14
225	5
226	25
227	0
228	32
229	12
230	20
231	5
232	19
233	27
234	13
235	11
236	12
237	26
238	17
239	18
240	33
241	32
242	23
243	33
244	33
245	12
246	8
247	4
248	19
249	33
250	7
251	26
252	31
253	25
254	24
255	6
256	26
257	16
258	0
259	1
260	30
261	15
262	11
263	16
264	8
265	9
266	11
267	27
268	24
269	19
270	5
271	2
272	26
273	10
274	25
275	15
276	13
277	21
278	3
279	24
280	12
281	22
282	18
283	8
284	31
285	24
286	20
287	29
288	17
289	10
290	20
291	21
292	20
293	2
294	19
295	15
296	10
297	18
298	15
299	14
300	27
301	12
302	29
303	27
304	24
305	20
306	28
307	20
308	18
309	24
310	15
311	9
312	24
313	2
314	10
315	9
316	28
317	26
318	18
319	6
320	25
321	19
322	20
323	26
324	18
325	20
326	21
327	5
328	28
329	10
330	16
331	1
332	9
333	18
334	11
335	25
336	13
337	27
338	16
339	8
340	4
341	2
342	5
343	6
344	0
345	24
346	2
347	3
348	8
349	24
350	1
351	16
352	10
353	13
354	7
355	31
356	13
357	18
358	22
359	25
360	32
361	1
362	31
363	4
364	32
365	25
366	7
367	19
368	7
369	2
370	31
371	25
372	28
373	10
374	19
375	15
376	22
377	6
378	32
379	18
380	3
381	31
382	8
383	10
384	10
385	2
386	20
387	10
388	20
389	15
390	0
391	16
392	8
393	8
394	27
395	29
396	13
397	28
398	0
399	18
400	1
401	27
402	2
403	3
404	25
405	1
406	0
407	4
408	31
409	15
410	9
411	9
412	28
413	26
414	20
415	25
416	11
417	4
418	9
419	32
420	16
421	12
422	2
423	6
424	10
425	15
426	2
427	17
428	2
429	17
430	23
431	12
432	23
433	28
434	28
435	23
436	19
437	29
438	31
439	15
440	23
441	20
442	18
443	16
444	1
445	0
446	7
447	26
448	2
449	28
450	17
451	13
452	13
453	31
454	4
455	18
456	24
457	2
458	17
459	24
460	10
461	13
462	10
463	11
464	1
465	25
466	1
467	18
468	10
469	12
470	26
471	1
472	13
473	32
474	14
475	25
476	32
477	11
478	31
479	14
480	14
481	1
482	9
483	11
484	9
485	9
486	23
487	19
488	29
489	17
490	12
491	2
492	23
493	8
494	10
495	3
496	12
497	32
498	20
499	20
500	7
501	15
502	3
503	20
504	20
505	26
506	16
507	31
508	1
509	28
510	29
511	25
512	3
513	25
514	32
515	29
516	4
517	14
518	29
519	7
520	6
521	3
522	12
523	24
524	27
525	26
526	23
527	27
528	28
529	7
530	19
531	26
532	14
533	16
534	29
535	1
536	11
537	3
538	19
539	27
540	15
541	1
542	17
543	12
544	23
545	13
546	12
547	20
548	8
549	31
550	7
551	25
552	1
553	6
554	20
555	7
556	20
557	8
558	32
559	11
560	12
561	3
562	27
563	9
564	22
565	19
566	20
567	32
568	14
569	13
570	17
571	17
572	14
573	14
574	1
575	26
576	26
577	12
578	13
579	3
580	1
581	11
582	26
583	28
584	22
585	32
586	19
587	11
588	3
589	27
590	6
591	22
592	20
593	15
594	7
595	23
596	14
597	3
598	9
599	9
600	32
601	6
602	10
603	13
604	8
605	26
606	23
607	17
608	2
609	22
610	8
611	11
612	9
613	17
614	14
615	13
616	10
617	6
618	15
619	6
620	13
621	22
622	29
623	20
624	26
625	8
626	23
627	2
628	6
629	2
630	31
631	8
632	9
633	23
634	12
635	11
636	11
637	7
638	13
639	31
640	2
641	15
642	12
643	4
644	24
645	7
646	9
647	24
648	3
649	2
650	8
651	26
652	15
653	6
654	2
655	13
656	27
657	31
658	29
659	9
660	14
661	17
662	27
663	15
664	22
665	17
666	27
667	15
668	17
669	3
670	4
671	29
672	17
673	23
674	17
675	4
676	27
677	31
678	8
679	26
680	29
681	2
682	27
683	20
684	4
685	26
686	26
687	6
688	7
689	9
690	20
691	11
692	22
693	7
694	6
695	11
696	23
697	26
698	7
699	9
700	12
701	27
702	29
703	29
704	23
705	29
706	12
707	1
708	17
709	10
710	11
711	12
712	6
713	8
714	15
715	4
716	9
717	14
718	13
719	12
720	3
721	7
722	29
723	6
724	2
725	6
726	4
727	10
728	23
729	31
730	9
731	11
732	28
733	22
734	27
735	29
736	1
737	22
738	17
739	23
740	11
741	9
742	8
743	1
744	28
745	7
746	13
747	17
748	31
749	11
750	4
751	13
752	11
753	15
754	28
755	7
756	31
757	8
758	28
759	6
760	10
761	7
762	28
763	11
764	2
765	17
766	14
767	22
768	13
769	1
770	6
771	22
772	22
773	1
774	10
775	22
776	7
777	6
778	11
779	1
780	17
781	12
782	15
783	2
784	1
785	11
786	15
787	10
788	22
789	22
790	17
791	17
792	7
793	28
794	9
795	6
796	10
797	15
798	10
799	15
800	8
801	28
802	28
803	28
804	11
805	31
806	12
807	26
808	7
809	28
810	7
811	8
812	9
813	10
814	1
815	11
816	9
817	11
818	23
819	1
820	2
821	9
822	22
823	15
824	31
825	28
826	10
827	23
828	15
829	31
830	2
831	2
832	6
833	28
834	11
835	14
836	7
837	23
838	14
839	1
840	15
841	26
842	28
843	6
844	8
845	9
846	28
847	22
848	9
849	28
850	14
851	11
852	14
853	13
854	26
855	28
856	14
857	8
858	10
859	28
860	31
861	9
862	9
863	2
864	15
865	9
866	31
867	6
868	22
869	9
870	17
871	22
872	8
873	10
874	23
875	14
876	28
877	17
878	26
879	17
880	8
881	6
882	28
883	23
884	31
885	31
886	8
887	23
888	15
889	23
890	8
891	23
892	8
893	6
894	23
895	22
896	9
897	28
898	8
899	8
900	8
901	17
902	31
903	6
904	31
905	22
906	17
907	11
908	22
909	7
910	22
911	17
912	15
913	7
914	6
915	17
916	10
917	22
918	8
919	17
920	7
921	9
922	22
923	31
924	17
925	31
926	17
927	9
928	31
929	22
930	31
931	8
932	17
933	17
934	17
935	31
936	31
937	7
938	31
939	8
940	6
941	9
942	31
943	17
944	10
945	7
946	7
947	10
948	28
949	10
950	22
951	28
952	7
953	9
954	22
955	28
956	9
957	9
958	31
959	7
960	6
961	22
962	22
963	17
964	8
965	11
966	28
967	22
968	10
969	10
970	31
971	11
972	22
973	22
974	28
975	10
976	17
977	31
978	8
979	9
980	6
981	22
982	22
983	7
984	31
985	22
986	8
987	6
988	9
989	7
990	31
991	7
992	7
993	8
994	17
995	9
996	17
997	31
998	17
999	9
1000	9
