1	21
2	12
3	31
4	36
5	20
6	6
7	8
8	35
9	23
10	35
11	28
12	29
13	33
14	11
15	36
16	35
17	36
18	23
19	11
20	18
21	5
22	1
23	17
24	20
25	36
26	9
27	37
28	7
29	6
30	7
31	35
32	6
33	35
34	14
35	28
36	21
37	20
38	36
39	11
40	25
41	23
42	36
43	8
44	3
45	12
46	6
47	26
48	16
49	21
50	21
51	12
52	28
53	24
54	4
55	31
56	13
57	36
58	15
59	35
60	35
61	35
62	26
63	17
64	26
65	12
66	18
67	20
68	0
69	16
70	5
71	9
72	21
73	27
74	4
75	27
76	25
77	6
78	5
79	10
80	37
81	15
82	36
83	27
84	35
85	32
86	25
87	17
88	0
89	32
90	33
91	3
92	12
93	36
94	33
95	20
96	17
97	6
98	6
99	27
100	29
101	20
102	24
103	11
104	35
105	34
106	3
107	10
108	34
109	33
110	6
111	31
112	26
113	26
114	35
115	26
116	6
117	2
118	21
119	9
120	35
121	19
122	36
123	14
124	29
125	32
126	27
127	27
128	6
129	26
130	4
131	21
132	24
133	26
134	35
135	26
136	32
137	4
138	9
139	2
140	15
141	19
142	15
143	26
144	4
145	5
146	32
147	18
148	29
149	31
150	35
151	34
152	6
153	18
154	26
155	35
156	32
157	3
158	6
159	24
160	35
161	12
162	26
163	21
164	23
165	17
166	22
167	21
168	17
169	28
170	3
171	28
172	35
173	27
174	13
175	23
176	23
177	26
178	28
179	18
180	27
181	22
182	37
183	26
184	20
185	10
186	17
187	31
188	14
189	10
190	0
191	19
192	23
193	9
194	30
195	23
196	21
197	32
198	22
199	11
200	0
201	10
202	29
203	6
204	27
205	21
206	18
207	25
208	12
209	22
210	25
211	26
212	11
213	26
214	5
215	25
216	0
217	9
218	2
219	28
220	34
221	9
222	32
223	4
224	16
225	10
226	22
227	23
228	9
229	23
230	14
231	24
232	24
233	24
234	24
235	8
236	22
237	31
238	6
239	13
240	29
241	11
242	26
243	30
244	5
245	22
246	19
247	20
248	3
249	26
250	30
251	0
252	0
253	11
254	12
255	1
256	35
257	7
258	7
259	13
260	11
261	5
262	23
263	14
264	4
265	16
266	30
267	31
268	4
269	28
270	33
271	10
272	14
273	29
274	5
275	0
276	3
277	4
278	9
279	24
280	8
281	30
282	27
283	6
284	8
285	24
286	32
287	30
288	25
289	33
290	3
291	29
292	26
293	26
294	27
295	28
296	26
297	6
298	25
299	5
300	7
301	10
302	18
303	31
304	11
305	13
306	8
307	33
308	21
309	24
310	26
311	3
312	8
313	3
314	29
315	1
316	11
317	9
318	30
319	13
320	9
321	2
322	17
323	16
324	34
325	25
326	10
327	37
328	1
329	0
330	35
331	4
332	16
333	4
334	18
335	17
336	37
337	33
338	7
339	19
340	4
341	5
342	6
343	7
344	1
345	37
346	3
347	1
348	16
349	29
350	35
351	31
352	25
353	18
354	15
355	2
356	33
357	20
358	28
359	1
360	1
361	32
362	17
363	33
364	2
365	22
366	17
367	15
368	7
369	8
370	17
371	13
372	6
373	19
374	7
375	2
376	18
377	30
378	30
379	35
380	19
381	31
382	18
383	11
384	24
385	7
386	24
387	0
388	10
389	9
390	14
391	35
392	37
393	3
394	20
395	34
396	11
397	17
398	7
399	21
400	17
401	9
402	22
403	12
404	2
405	11
406	34
407	4
408	25
409	5
410	0
411	16
412	13
413	23
414	2
415	13
416	37
417	22
418	32
419	15
420	25
421	33
422	9
423	6
424	23
425	35
426	34
427	24
428	14
429	33
430	0
431	14
432	10
433	18
434	8
435	30
436	32
437	20
438	25
439	13
440	31
441	33
442	8
443	18
444	6
445	5
446	34
447	0
448	34
449	11
450	2
451	11
452	7
453	31
454	20
455	5
456	21
457	30
458	12
459	11
460	31
461	28
462	0
463	2
464	12
465	16
466	37
467	28
468	32
469	21
470	20
471	0
472	22
473	1
474	15
475	37
476	18
477	15
478	5
479	11
480	9
481	5
482	28
483	28
484	6
485	37
486	2
487	22
488	8
489	20
490	2
491	19
492	15
493	10
494	10
495	2
496	8
497	6
498	9
499	18
500	16
501	31
502	19
503	11
504	11
505	10
506	24
507	0
508	0
509	10
510	31
511	15
512	30
513	12
514	32
515	19
516	29
517	22
518	9
519	22
520	29
521	2
522	16
523	14
524	6
525	16
526	6
527	5
528	31
529	8
530	1
531	0
532	28
533	11
534	37
535	37
536	22
537	34
538	30
539	18
540	1
541	30
542	0
543	7
544	19
545	3
546	24
547	28
548	37
549	6
550	15
551	34
552	25
553	13
554	16
555	20
556	1
557	33
558	6
559	14
560	37
561	37
562	25
563	12
564	20
565	3
566	17
567	15
568	1
569	15
570	12
571	19
572	20
573	13
574	25
575	16
576	8
577	12
578	15
579	15
580	10
581	7
582	34
583	2
584	25
585	7
586	30
587	0
588	14
589	6
590	10
591	8
592	30
593	0
594	9
595	13
596	14
597	14
598	31
599	11
600	22
601	1
602	7
603	29
604	20
605	8
606	21
607	12
608	11
609	13
610	19
611	16
612	34
613	22
614	34
615	16
616	19
617	29
618	17
619	22
620	13
621	15
622	0
623	5
624	31
625	19
626	31
627	0
628	7
629	22
630	8
631	3
632	18
633	6
634	2
635	15
636	22
637	12
638	9
639	29
640	1
641	13
642	20
643	19
644	33
645	33
646	29
647	1
648	2
649	16
650	33
651	19
652	2
653	16
654	13
655	10
656	22
657	21
658	2
659	20
660	22
661	8
662	14
663	6
664	8
665	17
666	29
667	29
668	1
669	33
670	19
671	7
672	14
673	22
674	14
675	33
676	3
677	31
678	11
679	3
680	3
681	17
682	14
683	12
684	2
685	20
686	16
687	9
688	17
689	3
690	13
691	14
692	21
693	7
694	12
695	34
696	12
697	6
698	15
699	12
700	14
701	8
702	21
703	29
704	17
705	29
706	22
707	1
708	15
709	6
710	8
711	16
712	20
713	19
714	18
715	17
716	16
717	11
718	15
719	1
720	15
721	19
722	14
723	14
724	34
725	8
726	17
727	1
728	17
729	20
730	9
731	21
732	7
733	29
734	18
735	34
736	7
737	6
738	14
739	8
740	3
741	3
742	29
743	29
744	13
745	10
746	19
747	19
748	18
749	22
750	7
751	18
752	9
753	20
754	16
755	11
756	9
757	2
758	9
759	11
760	9
761	9
762	1
763	20
764	21
765	10
766	34
767	18
768	21
769	13
770	3
771	18
772	9
773	1
774	12
775	22
776	14
777	18
778	11
779	22
780	13
781	9
782	34
783	2
784	34
785	2
786	15
787	18
788	16
789	17
790	20
791	17
792	21
793	11
794	34
795	10
796	7
797	18
798	14
799	29
800	3
801	12
802	13
803	21
804	12
805	15
806	34
807	10
808	9
809	12
810	8
811	9
812	10
813	11
814	12
815	13
816	14
817	13
818	34
819	2
820	7
821	15
822	10
823	22
824	34
825	11
826	7
827	9
828	8
829	29
830	21
831	11
832	15
833	14
834	14
835	2
836	10
837	12
838	9
839	21
840	10
841	12
842	10
843	18
844	12
845	20
846	7
847	3
848	14
849	9
850	34
851	22
852	17
853	3
854	7
855	15
856	34
857	12
858	10
859	14
860	34
861	21
862	9
863	17
864	20
865	22
866	20
867	17
868	34
869	9
870	11
871	34
872	14
873	7
874	2
875	11
876	2
877	11
878	10
879	15
880	12
881	9
882	9
883	20
884	17
885	22
886	9
887	20
888	17
889	21
890	7
891	22
892	2
893	12
894	21
895	2
896	14
897	9
898	17
899	21
900	20
901	11
902	2
903	21
904	22
905	11
906	12
907	22
908	9
909	2
910	11
911	3
912	14
913	17
914	14
915	17
916	22
917	9
918	9
919	21
920	22
921	12
922	22
923	22
924	14
925	3
926	11
927	14
928	9
929	21
930	34
931	9
932	11
933	12
934	3
935	34
936	34
937	17
938	17
939	34
940	3
941	12
942	12
943	17
944	34
945	11
946	9
947	12
948	12
949	3
950	12
951	17
952	17
953	3
954	14
955	3
956	9
957	11
958	11
959	12
960	17
961	3
962	17
963	12
964	11
965	12
966	17
967	3
968	12
969	9
970	12
971	17
972	9
973	12
974	3
975	3
976	17
977	3
978	9
979	3
980	12
981	3
982	11
983	11
984	17
985	3
986	17
987	11
988	17
989	11
990	17
991	3
992	17
993	9
994	17
995	3
996	12
997	12
998	3
999	3
1000	12
