1	34
2	17
3	24
4	33
5	15
6	0
7	22
8	29
9	29
10	21
11	5
12	31
13	34
14	27
15	31
16	24
17	2
18	3
19	29
20	17
21	6
22	26
23	35
24	2
25	6
26	1
27	35
28	24
29	33
30	6
31	8
32	27
33	1
34	17
35	22
36	21
37	1
38	16
39	0
40	6
41	2
42	3
43	35
44	20
45	5
46	1
47	25
48	28
49	33
50	14
51	23
52	19
53	6
54	29
55	34
56	24
57	1
58	24
59	27
60	9
61	3
62	34
63	19
64	17
65	12
66	31
67	24
68	6
69	1
70	28
71	12
72	31
73	34
74	6
75	4
76	16
77	24
78	32
79	6
80	4
81	11
82	31
83	26
84	1
85	29
86	6
87	15
88	8
89	21
90	13
91	27
92	9
93	34
94	19
95	9
96	0
97	6
98	22
99	34
100	16
101	32
102	6
103	6
104	2
105	25
106	18
107	4
108	11
109	23
110	11
111	33
112	28
113	33
114	10
115	16
116	18
117	20
118	7
119	23
120	31
121	28
122	11
123	24
124	32
125	8
126	26
127	35
128	32
129	7
130	29
131	24
132	7
133	19
134	15
135	28
136	24
137	16
138	34
139	5
140	30
141	7
142	32
143	13
144	35
145	11
146	3
147	7
148	24
149	28
150	19
151	33
152	33
153	6
154	29
155	6
156	24
157	28
158	2
159	1
160	34
161	29
162	29
163	5
164	28
165	24
166	34
167	0
168	9
169	16
170	31
171	15
172	13
173	5
174	34
175	33
176	10
177	19
178	14
179	17
180	19
181	27
182	24
183	34
184	21
185	21
186	23
187	24
188	34
189	21
190	6
191	28
192	29
193	9
194	21
195	0
196	0
197	16
198	1
199	22
200	34
201	17
202	0
203	15
204	34
205	30
206	24
207	25
208	24
209	2
210	19
211	33
212	35
213	15
214	30
215	33
216	9
217	32
218	9
219	30
220	32
221	12
222	13
223	23
224	22
225	26
226	5
227	6
228	27
229	34
230	28
231	14
232	21
233	5
234	7
235	26
236	14
237	24
238	16
239	21
240	3
241	22
242	27
243	28
244	30
245	23
246	4
247	32
248	15
249	16
250	7
251	34
252	10
253	2
254	24
255	2
256	0
257	1
258	32
259	2
260	1
261	21
262	29
263	22
264	8
265	22
266	30
267	18
268	25
269	24
270	2
271	21
272	26
273	11
274	8
275	6
276	30
277	26
278	31
279	26
280	31
281	9
282	18
283	34
284	25
285	27
286	32
287	28
288	28
289	33
290	4
291	20
292	25
293	26
294	24
295	6
296	23
297	11
298	6
299	10
300	12
301	15
302	11
303	25
304	15
305	16
306	16
307	9
308	5
309	20
310	25
311	26
312	12
313	3
314	3
315	22
316	8
317	7
318	23
319	16
320	7
321	25
322	25
323	17
324	20
325	24
326	14
327	10
328	18
329	19
330	25
331	26
332	0
333	6
334	5
335	23
336	2
337	34
338	31
339	32
340	6
341	7
342	8
343	9
344	2
345	13
346	4
347	5
348	12
349	33
350	31
351	31
352	25
353	11
354	27
355	34
356	0
357	17
358	34
359	27
360	3
361	28
362	0
363	3
364	17
365	32
366	8
367	10
368	30
369	10
370	27
371	3
372	27
373	22
374	9
375	17
376	8
377	19
378	7
379	35
380	15
381	14
382	7
383	20
384	23
385	19
386	6
387	20
388	23
389	31
390	21
391	27
392	18
393	15
394	19
395	17
396	33
397	15
398	19
399	22
400	15
401	15
402	16
403	28
404	21
405	7
406	27
407	6
408	30
409	10
410	15
411	27
412	27
413	35
414	25
415	30
416	18
417	4
418	33
419	26
420	13
421	30
422	18
423	8
424	12
425	22
426	6
427	14
428	34
429	12
430	22
431	15
432	34
433	21
434	28
435	18
436	16
437	24
438	22
439	6
440	12
441	23
442	30
443	5
444	0
445	23
446	5
447	16
448	23
449	7
450	28
451	17
452	26
453	25
454	12
455	8
456	33
457	13
458	0
459	27
460	13
461	26
462	16
463	17
464	13
465	1
466	33
467	20
468	23
469	21
470	10
471	22
472	35
473	4
474	28
475	18
476	31
477	35
478	14
479	13
480	35
481	35
482	16
483	14
484	23
485	13
486	10
487	8
488	24
489	3
490	9
491	30
492	7
493	13
494	28
495	23
496	1
497	12
498	4
499	14
500	8
501	30
502	21
503	27
504	19
505	27
506	33
507	0
508	10
509	0
510	14
511	17
512	5
513	6
514	17
515	6
516	4
517	33
518	9
519	17
520	11
521	14
522	1
523	4
524	23
525	27
526	14
527	5
528	25
529	20
530	6
531	33
532	14
533	15
534	9
535	14
536	16
537	23
538	23
539	19
540	10
541	3
542	0
543	12
544	12
545	3
546	13
547	10
548	18
549	19
550	0
551	1
552	28
553	14
554	3
555	10
556	20
557	7
558	3
559	0
560	9
561	21
562	16
563	14
564	13
565	6
566	30
567	11
568	10
569	17
570	28
571	33
572	33
573	23
574	11
575	35
576	35
577	35
578	21
579	0
580	20
581	8
582	18
583	8
584	25
585	11
586	33
587	8
588	9
589	22
590	27
591	5
592	0
593	28
594	9
595	14
596	21
597	24
598	1
599	0
600	15
601	4
602	14
603	13
604	16
605	14
606	35
607	18
608	3
609	9
610	22
611	14
612	15
613	19
614	12
615	27
616	1
617	21
618	21
619	24
620	22
621	4
622	25
623	12
624	12
625	4
626	17
627	5
628	4
629	23
630	0
631	0
632	28
633	16
634	18
635	4
636	33
637	18
638	20
639	24
640	3
641	18
642	20
643	28
644	3
645	28
646	8
647	8
648	16
649	10
650	20
651	4
652	33
653	8
654	0
655	22
656	23
657	14
658	23
659	13
660	33
661	10
662	13
663	16
664	18
665	12
666	33
667	10
668	14
669	3
670	15
671	20
672	11
673	0
674	3
675	10
676	19
677	19
678	10
679	8
680	5
681	13
682	15
683	14
684	8
685	19
686	23
687	15
688	4
689	11
690	11
691	5
692	11
693	21
694	15
695	0
696	22
697	12
698	13
699	7
700	13
701	17
702	17
703	8
704	17
705	4
706	8
707	16
708	9
709	8
710	16
711	12
712	20
713	19
714	11
715	18
716	17
717	17
718	16
719	9
720	9
721	12
722	5
723	28
724	27
725	10
726	21
727	16
728	21
729	33
730	22
731	12
732	19
733	8
734	33
735	23
736	15
737	14
738	14
739	18
740	33
741	10
742	16
743	7
744	13
745	7
746	23
747	9
748	20
749	10
750	18
751	11
752	20
753	7
754	12
755	10
756	23
757	12
758	13
759	8
760	13
761	16
762	28
763	7
764	17
765	13
766	16
767	14
768	33
769	0
770	19
771	14
772	20
773	21
774	33
775	27
776	22
777	3
778	23
779	11
780	20
781	22
782	16
783	23
784	11
785	28
786	13
787	0
788	3
789	19
790	14
791	11
792	27
793	21
794	11
795	27
796	8
797	3
798	16
799	20
800	22
801	13
802	27
803	13
804	13
805	8
806	27
807	33
808	14
809	8
810	10
811	10
812	11
813	3
814	0
815	13
816	14
817	15
818	27
819	3
820	22
821	17
822	16
823	16
824	13
825	20
826	21
827	16
828	14
829	11
830	13
831	17
832	15
833	33
834	28
835	13
836	20
837	19
838	0
839	22
840	23
841	19
842	0
843	8
844	20
845	3
846	20
847	20
848	23
849	16
850	19
851	17
852	3
853	20
854	16
855	16
856	27
857	11
858	22
859	14
860	28
861	33
862	20
863	27
864	22
865	27
866	23
867	33
868	33
869	21
870	17
871	3
872	0
873	17
874	33
875	3
876	23
877	13
878	3
879	27
880	0
881	0
882	3
883	19
884	14
885	28
886	3
887	21
888	33
889	23
890	14
891	0
892	21
893	0
894	17
895	21
896	0
897	33
898	3
899	23
900	16
901	33
902	8
903	23
904	14
905	11
906	11
907	17
908	27
909	0
910	3
911	8
912	23
913	14
914	14
915	11
916	23
917	8
918	27
919	27
920	23
921	28
922	11
923	28
924	21
925	21
926	11
927	17
928	0
929	8
930	28
931	21
932	21
933	13
934	27
935	8
936	21
937	28
938	0
939	0
940	27
941	11
942	27
943	11
944	14
945	13
946	23
947	27
948	11
949	16
950	27
951	11
952	27
953	3
954	11
955	27
956	33
957	8
958	13
959	28
960	13
961	28
962	28
963	3
964	28
965	23
966	8
967	3
968	21
969	21
970	21
971	21
972	21
973	14
974	21
975	16
976	28
977	14
978	33
979	28
980	21
981	27
982	0
983	14
984	28
985	27
986	33
987	21
988	28
989	33
990	27
991	21
992	27
993	27
994	16
995	21
996	28
997	21
998	33
999	0
1000	21
