1	10 
2	19 
3	38 
4	4 
5	4 
6	23 
7	14 
8	25 
9	15 
10	20 
11	38 
12	25 
13	11 
14	5 
15	13 
16	28 
17	26 
18	20 
19	28 
20	35 
21	4 
22	11 
23	11 
24	16 
25	17 
26	2 
27	30 
28	28 
29	10 
30	8 
31	25 
32	38 
33	25 
34	14 
35	11 
36	8 
37	21 
38	30 
39	20 
40	32 
41	27 
42	4 
43	5 
44	17 
45	22 
46	20 
47	19 
48	35 
49	11 
50	3 
51	30 
52	19 
53	34 
54	27 
55	33 
56	25 
57	7 
58	27 
59	35 
60	31 
61	24 
62	25 
63	25 
64	35 
65	16 
66	25 
67	19 
68	30 
69	27 
70	35 
71	11 
72	29 
73	15 
74	27 
75	27 
76	30 
77	4 
78	34 
79	38 
80	17 
81	18 
82	4 
83	6 
84	25 
85	4 
86	30 
87	33 
88	18 
89	38 
90	23 
91	27 
92	15 
93	18 
94	17 
95	2 
96	30 
97	17 
98	25 
99	1 
100	11 
101	11 
102	27 
103	37 
104	27 
105	11 
106	25 
107	29 
108	6 
109	15 
110	1 
111	1 
112	4 
113	24 
114	19 
115	25 
116	21 
117	3 
118	2 
119	4 
120	27 
121	22 
122	30 
123	2 
124	7 
125	28 
126	20 
127	7 
128	29 
129	34 
130	30 
131	36 
132	1 
133	15 
134	16 
135	12 
136	19 
137	2 
138	8 
139	28 
140	18 
141	29 
142	24 
143	3 
144	35 
145	7 
146	18 
147	35 
148	14 
149	9 
150	12 
151	30 
152	18 
153	5 
154	27 
155	7 
156	29 
157	20 
158	4 
159	27 
160	2 
161	38 
162	2 
163	6 
164	4 
165	35 
166	7 
167	15 
168	34 
169	31 
170	19 
171	14 
172	2 
173	18 
174	32 
175	20 
176	16 
177	22 
178	36 
179	27 
180	9 
181	36 
182	1 
183	26 
184	18 
185	24 
186	10 
187	29 
188	23 
189	38 
190	4 
191	20 
192	9 
193	9 
194	15 
195	34 
196	30 
197	20 
198	34 
199	12 
200	35 
201	17 
202	4 
203	26 
204	2 
205	15 
206	38 
207	21 
208	26 
209	9 
210	1 
211	33 
212	12 
213	32 
214	38 
215	29 
216	25 
217	30 
218	11 
219	19 
220	23 
221	25 
222	4 
223	35 
224	3 
225	16 
226	5 
227	20 
228	10 
229	10 
230	35 
231	34 
232	23 
233	37 
234	29 
235	34 
236	7 
237	4 
238	3 
239	20 
240	5 
241	13 
242	16 
243	20 
244	1 
245	25 
246	25 
247	11 
248	8 
249	25 
250	25 
251	15 
252	27 
253	10 
254	20 
255	13 
256	17 
257	35 
258	36 
259	19 
260	20 
261	12 
262	29 
263	38 
264	33 
265	34 
266	14 
267	8 
268	25 
269	35 
270	27 
271	9 
272	34 
273	3 
274	30 
275	15 
276	4 
277	13 
278	34 
279	27 
280	4 
281	18 
282	32 
283	9 
284	12 
285	20 
286	7 
287	5 
288	3 
289	31 
290	2 
291	9 
292	34 
293	21 
294	33 
295	21 
296	10 
297	27 
298	1 
299	12 
300	20 
301	36 
302	14 
303	8 
304	16 
305	16 
306	29 
307	14 
308	25 
309	12 
310	26 
311	18 
312	3 
313	34 
314	16 
315	27 
316	9 
317	19 
318	5 
319	4 
320	22 
321	15 
322	26 
323	34 
324	7 
325	17 
326	18 
327	2 
328	4 
329	8 
330	12 
331	29 
332	2 
333	28 
334	17 
335	8 
336	34 
337	8 
338	10 
339	12 
340	15 
341	33 
342	27 
343	27 
344	23 
345	14 
346	21 
347	24 
348	29 
349	38 
350	12 
351	13 
352	28 
353	21 
354	11 
355	2 
356	14 
357	29 
358	7 
359	28 
360	30 
361	28 
362	9 
363	38 
364	29 
365	24 
366	28 
367	4 
368	20 
369	25 
370	18 
371	16 
372	31 
373	18 
374	16 
375	21 
376	22 
377	25 
378	29 
379	3 
380	17 
381	20 
382	38 
383	29 
384	26 
385	25 
386	17 
387	21 
388	8 
389	4 
390	23 
391	5 
392	1 
393	11 
394	10 
395	1 
396	20 
397	1 
398	5 
399	1 
400	38 
401	30 
402	1 
403	19 
404	27 
405	33 
406	13 
407	9 
408	38 
409	4 
410	27 
411	5 
412	33 
413	38 
414	24 
415	25 
416	17 
417	4 
418	23 
419	17 
420	30 
421	29 
422	6 
423	26 
424	12 
425	6 
426	20 
427	27 
428	19 
429	30 
430	30 
431	15 
432	5 
433	34 
434	14 
435	29 
436	6 
437	28 
438	4 
439	4 
440	10 
441	19 
442	29 
443	34 
444	29 
445	2 
446	34 
447	11 
448	11 
449	35 
450	24 
451	6 
452	38 
453	9 
454	16 
455	2 
456	35 
457	34 
458	1 
459	2 
460	22 
461	29 
462	38 
463	34 
464	29 
465	19 
466	25 
467	29 
468	12 
469	26 
470	4 
471	4 
472	20 
473	28 
474	15 
475	7 
476	21 
477	35 
478	17 
479	15 
480	20 
481	16 
482	4 
483	23 
484	15 
485	33 
486	7 
487	32 
488	27 
489	18 
490	33 
491	15 
492	18 
493	5 
494	25 
495	25 
496	1 
497	5 
498	34 
499	35 
500	21 
501	25 
502	33 
503	9 
504	20 
505	22 
506	15 
507	35 
508	24 
509	24 
510	5 
511	32 
512	15 
513	18 
514	11 
515	38 
516	30 
517	5 
518	24 
519	32 
520	32 
521	10 
522	19 
523	27 
524	21 
525	29 
526	34 
527	28 
528	10 
529	25 
530	14 
531	21 
532	8 
533	6 
534	27 
535	38 
536	20 
537	32 
538	6 
539	17 
540	36 
541	24 
542	7 
543	33 
544	35 
545	33 
546	38 
547	31 
548	30 
549	9 
550	27 
551	36 
552	11 
553	18 
554	27 
555	14 
556	24 
557	8 
558	23 
559	26 
560	37 
561	17 
562	33 
563	9 
564	34 
565	15 
566	11 
567	17 
568	9 
569	20 
570	5 
571	17 
572	9 
573	7 
574	38 
575	2 
576	16 
577	35 
578	9 
579	37 
580	6 
581	4 
582	17 
583	29 
584	4 
585	35 
586	3 
587	6 
588	19 
589	15 
590	16 
591	17 
592	6 
593	17 
594	22 
595	6 
596	38 
597	32 
598	16 
599	2 
600	7 
601	36 
602	12 
603	10 
604	20 
605	28 
606	34 
607	35 
608	24 
609	20 
610	21 
611	36 
612	29 
613	6 
614	1 
615	15 
616	35 
617	34 
618	6 
619	14 
620	4 
621	4 
622	17 
623	8 
624	17 
625	21 
626	13 
627	5 
628	28 
629	1 
630	15 
631	2 
632	19 
633	17 
634	18 
635	34 
636	37 
637	4 
638	22 
639	1 
640	24 
641	20 
642	35 
643	7 
644	21 
645	31 
646	37 
647	19 
648	12 
649	10 
650	2 
651	8 
652	17 
653	33 
654	4 
655	7 
656	16 
657	10 
658	9 
659	33 
660	34 
661	34 
662	6 
663	29 
664	8 
665	14 
666	29 
667	20 
668	14 
669	35 
670	30 
671	29 
672	13 
673	9 
674	4 
675	2 
676	5 
677	37 
678	10 
679	26 
680	15 
681	4 
682	4 
683	19 
684	34 
685	20 
686	28 
687	20 
688	30 
689	18 
690	24 
691	7 
692	9 
693	24 
694	34 
695	15 
696	19 
697	24 
698	20 
699	18 
700	4 
701	38 
702	28 
703	7 
704	26 
705	1 
706	20 
707	28 
708	30 
709	17 
710	12 
711	38 
712	25 
713	15 
714	22 
715	20 
716	10 
717	18 
718	38 
719	15 
720	38 
721	32 
722	22 
723	5 
724	10 
725	24 
726	8 
727	15 
728	29 
729	2 
730	38 
731	2 
732	12 
733	9 
734	27 
735	15 
736	20 
737	5 
738	12 
739	7 
740	11 
741	11 
742	15 
743	10 
744	2 
745	17 
746	3 
747	26 
748	3 
749	20 
750	26 
751	31 
752	10 
753	13 
754	34 
755	26 
756	33 
757	15 
758	21 
759	22 
760	17 
761	16 
762	12 
763	27 
764	34 
765	28 
766	17 
767	12 
768	17 
769	18 
770	20 
771	34 
772	29 
773	29 
774	18 
775	34 
776	34 
777	20 
778	4 
779	17 
780	18 
781	26 
782	32 
783	28 
784	28 
785	26 
786	17 
787	2 
788	4 
789	22 
790	2 
791	27 
792	27 
793	33 
794	8 
795	24 
796	8 
797	15 
798	24 
799	30 
800	10 
801	35 
802	10 
803	27 
804	14 
805	11 
806	17 
807	34 
808	38 
809	3 
810	7 
811	20 
812	22 
813	1 
814	25 
815	26 
816	2 
817	24 
818	32 
819	20 
820	27 
821	29 
822	20 
823	15 
824	15 
825	15 
826	5 
827	34 
828	5 
829	5 
830	35 
831	1 
832	4 
833	24 
834	8 
835	2 
836	19 
837	8 
838	8 
839	11 
840	17 
841	17 
842	5 
843	21 
844	19 
845	10 
846	1 
847	17 
848	1 
849	33 
850	29 
851	34 
852	1 
853	34 
854	29 
855	31 
856	4 
857	29 
858	19 
859	2 
860	35 
861	15 
862	38 
863	17 
864	13 
865	37 
866	7 
867	10 
868	21 
869	31 
870	29 
871	9 
872	12 
873	16 
874	5 
875	36 
876	10 
877	12 
878	17 
879	38 
880	34 
881	17 
882	35 
883	5 
884	30 
885	14 
886	29 
887	34 
888	1 
889	29 
890	4 
891	31 
892	21 
893	35 
894	19 
895	6 
896	38 
897	26 
898	11 
899	5 
900	7 
901	7 
902	1 
903	34 
904	10 
905	35 
906	4 
907	36 
908	7 
909	30 
910	26 
911	6 
912	33 
913	35 
914	5 
915	15 
916	27 
917	29 
918	38 
919	20 
920	23 
921	18 
922	6 
923	25 
924	35 
925	15 
926	3 
927	1 
928	35 
929	11 
930	9 
931	24 
932	20 
933	24 
934	9 
935	29 
936	10 
937	6 
938	26 
939	36 
940	1 
941	8 
942	1 
943	30 
944	17 
945	5 
946	15 
947	5 
948	5 
949	7 
950	28 
951	15 
952	31 
953	19 
954	33 
955	2 
956	7 
957	20 
958	9 
959	12 
960	2 
961	35 
962	9 
963	32 
964	15 
965	34 
966	31 
967	2 
968	21 
969	5 
970	24 
971	38 
972	29 
973	21 
974	17 
975	15 
976	27 
977	38 
978	37 
979	6 
980	22 
981	23 
982	30 
983	12 
984	27 
985	37 
986	38 
987	6 
988	1 
989	21 
990	5 
991	1 
992	23 
993	33 
994	10 
995	6 
996	17 
997	4 
998	18 
999	4 
1000	25 
