1	17 
2	19 
3	31 
4	31 
5	11 
6	11 
7	3 
8	15 
9	17 
10	17 
11	13 
12	22 
13	30 
14	16 
15	8 
16	7 
17	30 
18	18 
19	16 
20	13 
21	8 
22	24 
23	32 
24	35 
25	15 
26	18 
27	19 
28	11 
29	8 
30	14 
31	16 
32	27 
33	32 
34	26 
35	15 
36	17 
37	22 
38	14 
39	8 
40	7 
41	14 
42	20 
43	35 
44	11 
45	18 
46	29 
47	31 
48	8 
49	30 
50	22 
51	31 
52	21 
53	10 
54	22 
55	7 
56	35 
57	12 
58	11 
59	9 
60	33 
61	6 
62	8 
63	2 
64	13 
65	27 
66	12 
67	29 
68	32 
69	8 
70	9 
71	32 
72	28 
73	35 
74	36 
75	20 
76	8 
77	10 
78	29 
79	28 
80	26 
81	34 
82	3 
83	32 
84	12 
85	31 
86	31 
87	5 
88	22 
89	14 
90	14 
91	8 
92	5 
93	12 
94	35 
95	9 
96	9 
97	22 
98	3 
99	22 
100	11 
101	5 
102	26 
103	19 
104	12 
105	8 
106	35 
107	16 
108	35 
109	20 
110	13 
111	6 
112	12 
113	30 
114	14 
115	11 
116	30 
117	35 
118	28 
119	33 
120	12 
121	16 
122	13 
123	19 
124	16 
125	2 
126	4 
127	5 
128	31 
129	7 
130	27 
131	30 
132	12 
133	14 
134	16 
135	2 
136	1 
137	20 
138	16 
139	8 
140	6 
141	18 
142	29 
143	35 
144	33 
145	12 
146	16 
147	19 
148	22 
149	30 
150	16 
151	35 
152	4 
153	14 
154	11 
155	18 
156	20 
157	14 
158	14 
159	17 
160	2 
161	29 
162	25 
163	26 
164	9 
165	30 
166	5 
167	4 
168	5 
169	29 
170	17 
171	13 
172	29 
173	35 
174	21 
175	8 
176	4 
177	11 
178	16 
179	21 
180	27 
181	16 
182	21 
183	10 
184	31 
185	12 
186	18 
187	14 
188	3 
189	14 
190	28 
191	30 
192	24 
193	16 
194	34 
195	19 
196	29 
197	36 
198	15 
199	16 
200	11 
201	4 
202	22 
203	33 
204	22 
205	19 
206	21 
207	13 
208	4 
209	22 
210	12 
211	29 
212	22 
213	2 
214	4 
215	11 
216	26 
217	34 
218	19 
219	29 
220	28 
221	4 
222	14 
223	34 
224	36 
225	35 
226	14 
227	19 
228	13 
229	27 
230	9 
231	27 
232	35 
233	35 
234	23 
235	31 
236	30 
237	3 
238	25 
239	6 
240	3 
241	29 
242	15 
243	19 
244	26 
245	3 
246	4 
247	11 
248	3 
249	30 
250	29 
251	12 
252	14 
253	14 
254	6 
255	19 
256	21 
257	13 
258	19 
259	22 
260	29 
261	32 
262	29 
263	15 
264	26 
265	19 
266	4 
267	29 
268	12 
269	22 
270	29 
271	21 
272	9 
273	22 
274	16 
275	13 
276	15 
277	5 
278	14 
279	23 
280	30 
281	22 
282	12 
283	1 
284	16 
285	30 
286	19 
287	7 
288	19 
289	18 
290	12 
291	14 
292	24 
293	16 
294	18 
295	36 
296	19 
297	30 
298	11 
299	5 
300	30 
301	35 
302	29 
303	35 
304	27 
305	4 
306	14 
307	26 
308	31 
309	32 
310	24 
311	16 
312	30 
313	32 
314	11 
315	2 
316	32 
317	7 
318	28 
319	7 
320	25 
321	16 
322	30 
323	2 
324	21 
325	21 
326	5 
327	33 
328	32 
329	16 
330	11 
331	12 
332	16 
333	15 
334	3 
335	29 
336	18 
337	31 
338	14 
339	22 
340	9 
341	35 
342	30 
343	36 
344	18 
345	19 
346	3 
347	17 
348	25 
349	3 
350	30 
351	2 
352	2 
353	23 
354	10 
355	3 
356	19 
357	11 
358	29 
359	1 
360	32 
361	11 
362	17 
363	17 
364	4 
365	26 
366	14 
367	4 
368	12 
369	30 
370	35 
371	15 
372	11 
373	30 
374	19 
375	16 
376	7 
377	18 
378	3 
379	25 
380	29 
381	28 
382	31 
383	4 
384	16 
385	28 
386	3 
387	32 
388	14 
389	12 
390	25 
391	27 
392	20 
393	28 
394	31 
395	26 
396	3 
397	11 
398	30 
399	15 
400	19 
401	4 
402	12 
403	13 
404	15 
405	26 
406	8 
407	2 
408	21 
409	22 
410	1 
411	1 
412	7 
413	3 
414	9 
415	10 
416	29 
417	26 
418	14 
419	5 
420	4 
421	30 
422	14 
423	21 
424	5 
425	9 
426	11 
427	11 
428	29 
429	35 
430	35 
431	25 
432	2 
433	4 
434	14 
435	19 
436	19 
437	29 
438	18 
439	10 
440	24 
441	3 
442	28 
443	19 
444	15 
445	34 
446	34 
447	30 
448	12 
449	24 
450	7 
451	22 
452	11 
453	8 
454	30 
455	8 
456	12 
457	5 
458	12 
459	30 
460	21 
461	14 
462	31 
463	16 
464	32 
465	29 
466	28 
467	9 
468	21 
469	27 
470	4 
471	25 
472	24 
473	20 
474	1 
475	15 
476	35 
477	6 
478	26 
479	19 
480	31 
481	30 
482	18 
483	26 
484	30 
485	17 
486	33 
487	22 
488	13 
489	12 
490	2 
491	3 
492	4 
493	30 
494	3 
495	28 
496	17 
497	15 
498	3 
499	31 
500	19 
501	1 
502	3 
503	13 
504	19 
505	9 
506	33 
507	4 
508	8 
509	3 
510	2 
511	26 
512	3 
513	5 
514	10 
515	3 
516	15 
517	24 
518	12 
519	7 
520	20 
521	26 
522	5 
523	26 
524	6 
525	15 
526	19 
527	2 
528	7 
529	20 
530	4 
531	26 
532	14 
533	4 
534	26 
535	22 
536	22 
537	34 
538	19 
539	10 
540	25 
541	14 
542	17 
543	32 
544	7 
545	12 
546	5 
547	30 
548	9 
549	16 
550	19 
551	14 
552	19 
553	29 
554	3 
555	31 
556	27 
557	14 
558	35 
559	24 
560	31 
561	13 
562	6 
563	13 
564	25 
565	16 
566	35 
567	30 
568	12 
569	12 
570	15 
571	15 
572	15 
573	18 
574	9 
575	25 
576	22 
577	23 
578	3 
579	24 
580	4 
581	31 
582	31 
583	16 
584	24 
585	16 
586	28 
587	14 
588	13 
589	3 
590	16 
591	27 
592	7 
593	9 
594	17 
595	2 
596	22 
597	5 
598	15 
599	11 
600	12 
601	19 
602	34 
603	5 
604	30 
605	13 
606	22 
607	16 
608	12 
609	3 
610	32 
611	3 
612	14 
613	3 
614	9 
615	5 
616	12 
617	9 
618	2 
619	33 
620	33 
621	29 
622	7 
623	35 
624	23 
625	31 
626	25 
627	13 
628	30 
629	36 
630	26 
631	28 
632	24 
633	35 
634	36 
635	34 
636	20 
637	20 
638	3 
639	4 
640	22 
641	15 
642	17 
643	5 
644	35 
645	12 
646	12 
647	33 
648	10 
649	28 
650	35 
651	24 
652	31 
653	34 
654	9 
655	19 
656	15 
657	5 
658	17 
659	12 
660	32 
661	5 
662	12 
663	5 
664	12 
665	3 
666	14 
667	11 
668	16 
669	15 
670	31 
671	4 
672	12 
673	27 
674	30 
675	22 
676	18 
677	4 
678	23 
679	15 
680	32 
681	30 
682	11 
683	23 
684	5 
685	19 
686	3 
687	3 
688	25 
689	4 
690	17 
691	6 
692	32 
693	19 
694	31 
695	15 
696	31 
697	22 
698	17 
699	19 
700	19 
701	28 
702	16 
703	27 
704	4 
705	27 
706	31 
707	7 
708	12 
709	10 
710	21 
711	2 
712	14 
713	16 
714	4 
715	35 
716	8 
717	35 
718	14 
719	16 
720	14 
721	15 
722	18 
723	13 
724	14 
725	13 
726	20 
727	2 
728	35 
729	2 
730	13 
731	3 
732	26 
733	3 
734	16 
735	9 
736	35 
737	16 
738	13 
739	14 
740	13 
741	21 
742	17 
743	4 
744	2 
745	1 
746	30 
747	15 
748	4 
749	2 
750	16 
751	26 
752	30 
753	2 
754	4 
755	4 
756	29 
757	11 
758	4 
759	8 
760	23 
761	9 
762	9 
763	7 
764	18 
765	11 
766	8 
767	27 
768	23 
769	14 
770	14 
771	14 
772	32 
773	35 
774	22 
775	2 
776	27 
777	5 
778	8 
779	17 
780	15 
781	25 
782	7 
783	5 
784	4 
785	31 
786	3 
787	24 
788	1 
789	31 
790	24 
791	14 
792	12 
793	4 
794	36 
795	22 
796	20 
797	31 
798	31 
799	14 
800	16 
801	22 
802	14 
803	24 
804	4 
805	14 
806	31 
807	3 
808	24 
809	29 
810	9 
811	17 
812	29 
813	35 
814	31 
815	30 
816	11 
817	13 
818	23 
819	28 
820	29 
821	31 
822	16 
823	2 
824	14 
825	15 
826	28 
827	29 
828	35 
829	24 
830	5 
831	12 
832	10 
833	3 
834	5 
835	5 
836	15 
837	13 
838	31 
839	30 
840	16 
841	2 
842	26 
843	12 
844	32 
845	17 
846	12 
847	19 
848	24 
849	2 
850	5 
851	16 
852	4 
853	19 
854	19 
855	12 
856	20 
857	15 
858	14 
859	8 
860	35 
861	24 
862	5 
863	3 
864	16 
865	30 
866	27 
867	19 
868	24 
869	17 
870	24 
871	35 
872	7 
873	3 
874	31 
875	18 
876	3 
877	24 
878	30 
879	15 
880	6 
881	9 
882	32 
883	12 
884	16 
885	10 
886	5 
887	16 
888	34 
889	20 
890	18 
891	11 
892	8 
893	5 
894	31 
895	6 
896	18 
897	21 
898	17 
899	32 
900	11 
901	24 
902	3 
903	5 
904	30 
905	4 
906	35 
907	3 
908	31 
909	1 
910	16 
911	26 
912	24 
913	19 
914	30 
915	33 
916	30 
917	32 
918	1 
919	32 
920	31 
921	36 
922	11 
923	9 
924	14 
925	1 
926	12 
927	5 
928	12 
929	23 
930	36 
931	4 
932	15 
933	17 
934	12 
935	26 
936	5 
937	35 
938	36 
939	28 
940	12 
941	13 
942	25 
943	8 
944	18 
945	8 
946	1 
947	33 
948	21 
949	5 
950	22 
951	8 
952	16 
953	18 
954	6 
955	30 
956	29 
957	7 
958	29 
959	3 
960	29 
961	22 
962	14 
963	3 
964	10 
965	8 
966	32 
967	9 
968	14 
969	33 
970	19 
971	8 
972	1 
973	17 
974	16 
975	29 
976	4 
977	27 
978	30 
979	16 
980	11 
981	31 
982	4 
983	11 
984	27 
985	35 
986	35 
987	8 
988	16 
989	2 
990	26 
991	16 
992	3 
993	7 
994	15 
995	4 
996	12 
997	30 
998	3 
999	7 
1000	7 
