1	19 
2	14 
3	31 
4	9 
5	12 
6	6 
7	22 
8	36 
9	23 
10	20 
11	6 
12	36 
13	18 
14	26 
15	28 
16	39 
17	15 
18	18 
19	30 
20	12 
21	27 
22	6 
23	34 
24	39 
25	35 
26	19 
27	11 
28	24 
29	36 
30	14 
31	25 
32	22 
33	23 
34	14 
35	15 
36	16 
37	13 
38	22 
39	32 
40	19 
41	30 
42	20 
43	21 
44	20 
45	12 
46	16 
47	39 
48	30 
49	15 
50	30 
51	32 
52	10 
53	32 
54	31 
55	9 
56	4 
57	33 
58	27 
59	16 
60	17 
61	36 
62	12 
63	34 
64	34 
65	13 
66	2 
67	15 
68	35 
69	32 
70	3 
71	37 
72	27 
73	32 
74	11 
75	34 
76	10 
77	20 
78	7 
79	16 
80	15 
81	21 
82	27 
83	10 
84	12 
85	12 
86	1 
87	29 
88	1 
89	6 
90	31 
91	2 
92	19 
93	31 
94	21 
95	40 
96	2 
97	22 
98	17 
99	28 
100	38 
101	30 
102	11 
103	15 
104	2 
105	33 
106	22 
107	28 
108	18 
109	36 
110	6 
111	15 
112	31 
113	21 
114	20 
115	17 
116	18 
117	27 
118	13 
119	31 
120	19 
121	11 
122	26 
123	16 
124	15 
125	12 
126	32 
127	25 
128	4 
129	29 
130	20 
131	27 
132	11 
133	21 
134	17 
135	35 
136	6 
137	37 
138	16 
139	4 
140	6 
141	9 
142	16 
143	12 
144	39 
145	6 
146	25 
147	15 
148	8 
149	26 
150	40 
151	11 
152	20 
153	19 
154	26 
155	38 
156	36 
157	20 
158	10 
159	16 
160	39 
161	6 
162	15 
163	33 
164	39 
165	3 
166	11 
167	35 
168	36 
169	2 
170	32 
171	6 
172	18 
173	32 
174	32 
175	3 
176	10 
177	33 
178	25 
179	11 
180	36 
181	37 
182	19 
183	11 
184	14 
185	11 
186	26 
187	34 
188	19 
189	6 
190	6 
191	16 
192	4 
193	12 
194	32 
195	31 
196	12 
197	21 
198	31 
199	7 
200	3 
201	2 
202	34 
203	24 
204	14 
205	13 
206	13 
207	6 
208	38 
209	30 
210	39 
211	7 
212	23 
213	19 
214	30 
215	39 
216	21 
217	33 
218	39 
219	32 
220	39 
221	9 
222	17 
223	33 
224	21 
225	34 
226	6 
227	20 
228	22 
229	8 
230	15 
231	2 
232	28 
233	11 
234	39 
235	16 
236	17 
237	30 
238	6 
239	4 
240	10 
241	10 
242	12 
243	12 
244	22 
245	36 
246	21 
247	21 
248	15 
249	17 
250	39 
251	10 
252	14 
253	7 
254	14 
255	34 
256	4 
257	4 
258	6 
259	13 
260	7 
261	39 
262	32 
263	6 
264	17 
265	3 
266	39 
267	18 
268	15 
269	20 
270	26 
271	30 
272	19 
273	15 
274	10 
275	17 
276	12 
277	4 
278	15 
279	21 
280	14 
281	21 
282	20 
283	19 
284	16 
285	15 
286	36 
287	12 
288	3 
289	19 
290	3 
291	38 
292	13 
293	10 
294	7 
295	12 
296	39 
297	3 
298	15 
299	8 
300	6 
301	37 
302	8 
303	34 
304	31 
305	19 
306	3 
307	30 
308	12 
309	36 
310	31 
311	17 
312	29 
313	15 
314	6 
315	36 
316	31 
317	35 
318	17 
319	3 
320	15 
321	26 
322	19 
323	18 
324	22 
325	21 
326	26 
327	30 
328	21 
329	21 
330	39 
331	20 
332	5 
333	29 
334	23 
335	6 
336	24 
337	12 
338	19 
339	9 
340	28 
341	21 
342	12 
343	39 
344	30 
345	38 
346	12 
347	11 
348	9 
349	19 
350	5 
351	9 
352	21 
353	34 
354	40 
355	17 
356	16 
357	40 
358	19 
359	32 
360	9 
361	35 
362	38 
363	21 
364	33 
365	33 
366	17 
367	12 
368	39 
369	38 
370	39 
371	24 
372	10 
373	30 
374	20 
375	24 
376	32 
377	22 
378	38 
379	19 
380	6 
381	21 
382	9 
383	39 
384	20 
385	37 
386	22 
387	15 
388	34 
389	33 
390	14 
391	36 
392	39 
393	19 
394	10 
395	15 
396	15 
397	23 
398	39 
399	10 
400	22 
401	12 
402	28 
403	32 
404	23 
405	6 
406	31 
407	19 
408	38 
409	38 
410	10 
411	16 
412	29 
413	20 
414	27 
415	10 
416	17 
417	21 
418	5 
419	33 
420	22 
421	24 
422	12 
423	1 
424	27 
425	38 
426	2 
427	30 
428	3 
429	22 
430	8 
431	31 
432	15 
433	38 
434	32 
435	5 
436	6 
437	22 
438	17 
439	20 
440	35 
441	1 
442	39 
443	15 
444	9 
445	12 
446	3 
447	7 
448	33 
449	8 
450	13 
451	9 
452	30 
453	21 
454	29 
455	21 
456	4 
457	4 
458	6 
459	4 
460	26 
461	39 
462	39 
463	10 
464	36 
465	10 
466	5 
467	22 
468	24 
469	32 
470	11 
471	27 
472	37 
473	17 
474	6 
475	20 
476	39 
477	36 
478	22 
479	10 
480	11 
481	7 
482	32 
483	22 
484	32 
485	7 
486	5 
487	40 
488	9 
489	23 
490	10 
491	4 
492	37 
493	15 
494	21 
495	2 
496	6 
497	8 
498	36 
499	1 
500	3 
501	6 
502	15 
503	40 
504	36 
505	33 
506	14 
507	38 
508	16 
509	7 
510	3 
511	37 
512	5 
513	32 
514	14 
515	23 
516	12 
517	6 
518	5 
519	36 
520	31 
521	33 
522	10 
523	3 
524	31 
525	33 
526	14 
527	8 
528	37 
529	36 
530	11 
531	4 
532	19 
533	36 
534	20 
535	11 
536	32 
537	20 
538	10 
539	8 
540	30 
541	10 
542	20 
543	4 
544	1 
545	24 
546	36 
547	10 
548	15 
549	12 
550	4 
551	20 
552	31 
553	19 
554	2 
555	6 
556	32 
557	8 
558	40 
559	32 
560	15 
561	24 
562	22 
563	3 
564	12 
565	1 
566	38 
567	2 
568	19 
569	29 
570	8 
571	19 
572	33 
573	10 
574	3 
575	11 
576	35 
577	9 
578	15 
579	36 
580	17 
581	10 
582	20 
583	14 
584	38 
585	36 
586	27 
587	15 
588	4 
589	22 
590	29 
591	34 
592	20 
593	35 
594	15 
595	6 
596	39 
597	38 
598	20 
599	26 
600	4 
601	1 
602	32 
603	17 
604	20 
605	3 
606	27 
607	39 
608	20 
609	18 
610	18 
611	21 
612	32 
613	10 
614	4 
615	30 
616	10 
617	34 
618	32 
619	19 
620	37 
621	1 
622	10 
623	11 
624	31 
625	8 
626	8 
627	20 
628	39 
629	20 
630	7 
631	39 
632	32 
633	19 
634	10 
635	34 
636	18 
637	34 
638	36 
639	40 
640	12 
641	4 
642	16 
643	20 
644	28 
645	36 
646	30 
647	17 
648	6 
649	37 
650	18 
651	21 
652	20 
653	12 
654	22 
655	10 
656	40 
657	33 
658	19 
659	12 
660	17 
661	20 
662	20 
663	33 
664	3 
665	24 
666	33 
667	37 
668	39 
669	35 
670	8 
671	6 
672	5 
673	26 
674	36 
675	29 
676	26 
677	39 
678	38 
679	20 
680	29 
681	39 
682	4 
683	21 
684	19 
685	10 
686	25 
687	31 
688	22 
689	33 
690	6 
691	9 
692	1 
693	1 
694	39 
695	5 
696	32 
697	10 
698	15 
699	12 
700	12 
701	3 
702	12 
703	27 
704	40 
705	6 
706	36 
707	12 
708	14 
709	15 
710	39 
711	17 
712	3 
713	17 
714	20 
715	4 
716	35 
717	40 
718	20 
719	27 
720	33 
721	2 
722	36 
723	21 
724	3 
725	34 
726	33 
727	39 
728	22 
729	36 
730	30 
731	22 
732	28 
733	29 
734	20 
735	20 
736	35 
737	6 
738	19 
739	21 
740	18 
741	2 
742	15 
743	36 
744	26 
745	19 
746	39 
747	19 
748	13 
749	16 
750	4 
751	32 
752	32 
753	15 
754	27 
755	27 
756	8 
757	40 
758	18 
759	20 
760	37 
761	34 
762	6 
763	35 
764	38 
765	12 
766	9 
767	36 
768	29 
769	25 
770	12 
771	10 
772	19 
773	32 
774	34 
775	19 
776	10 
777	22 
778	22 
779	14 
780	20 
781	12 
782	19 
783	36 
784	39 
785	23 
786	29 
787	20 
788	29 
789	12 
790	18 
791	31 
792	16 
793	27 
794	22 
795	33 
796	36 
797	17 
798	25 
799	4 
800	6 
801	8 
802	29 
803	10 
804	36 
805	11 
806	30 
807	31 
808	38 
809	21 
810	32 
811	25 
812	8 
813	39 
814	12 
815	10 
816	34 
817	30 
818	31 
819	24 
820	33 
821	38 
822	10 
823	32 
824	27 
825	19 
826	23 
827	28 
828	30 
829	39 
830	11 
831	9 
832	29 
833	10 
834	40 
835	19 
836	8 
837	38 
838	15 
839	15 
840	21 
841	25 
842	6 
843	35 
844	16 
845	13 
846	8 
847	15 
848	19 
849	3 
850	32 
851	7 
852	36 
853	13 
854	40 
855	20 
856	36 
857	34 
858	34 
859	2 
860	39 
861	1 
862	33 
863	31 
864	12 
865	16 
866	27 
867	1 
868	34 
869	17 
870	36 
871	35 
872	16 
873	19 
874	19 
875	37 
876	19 
877	22 
878	26 
879	5 
880	22 
881	12 
882	18 
883	16 
884	4 
885	15 
886	32 
887	23 
888	6 
889	14 
890	10 
891	22 
892	25 
893	2 
894	10 
895	40 
896	35 
897	11 
898	27 
899	26 
900	17 
901	37 
902	14 
903	33 
904	31 
905	12 
906	34 
907	2 
908	2 
909	9 
910	26 
911	27 
912	9 
913	16 
914	15 
915	5 
916	26 
917	15 
918	21 
919	19 
920	32 
921	6 
922	39 
923	6 
924	16 
925	8 
926	36 
927	39 
928	9 
929	15 
930	12 
931	30 
932	35 
933	9 
934	39 
935	12 
936	38 
937	36 
938	28 
939	30 
940	28 
941	38 
942	22 
943	4 
944	36 
945	6 
946	10 
947	35 
948	28 
949	19 
950	21 
951	22 
952	40 
953	21 
954	21 
955	12 
956	30 
957	20 
958	37 
959	16 
960	31 
961	29 
962	2 
963	36 
964	23 
965	4 
966	15 
967	32 
968	23 
969	19 
970	22 
971	30 
972	2 
973	21 
974	13 
975	39 
976	32 
977	33 
978	20 
979	31 
980	10 
981	21 
982	4 
983	4 
984	31 
985	3 
986	31 
987	32 
988	11 
989	33 
990	36 
991	33 
992	33 
993	1 
994	16 
995	12 
996	21 
997	31 
998	2 
999	10 
1000	10 
