1	22 
2	36 
3	29 
4	9 
5	38 
6	17 
7	10 
8	3 
9	13 
10	36 
11	32 
12	16 
13	34 
14	12 
15	37 
16	3 
17	20 
18	5 
19	23 
20	13 
21	21 
22	31 
23	31 
24	19 
25	9 
26	3 
27	17 
28	32 
29	21 
30	1 
31	12 
32	16 
33	28 
34	18 
35	26 
36	7 
37	34 
38	34 
39	32 
40	31 
41	32 
42	14 
43	31 
44	4 
45	22 
46	13 
47	17 
48	5 
49	32 
50	12 
51	25 
52	35 
53	23 
54	8 
55	29 
56	20 
57	35 
58	14 
59	18 
60	9 
61	20 
62	25 
63	32 
64	23 
65	18 
66	13 
67	8 
68	32 
69	10 
70	31 
71	26 
72	33 
73	11 
74	3 
75	34 
76	6 
77	33 
78	10 
79	35 
80	22 
81	37 
82	14 
83	26 
84	32 
85	32 
86	5 
87	26 
88	24 
89	6 
90	15 
91	24 
92	10 
93	35 
94	24 
95	13 
96	5 
97	31 
98	2 
99	22 
100	3 
101	5 
102	4 
103	32 
104	20 
105	9 
106	9 
107	15 
108	20 
109	5 
110	38 
111	10 
112	39 
113	39 
114	36 
115	10 
116	12 
117	3 
118	8 
119	16 
120	35 
121	17 
122	17 
123	32 
124	20 
125	34 
126	32 
127	22 
128	9 
129	31 
130	31 
131	22 
132	26 
133	16 
134	37 
135	34 
136	3 
137	15 
138	16 
139	30 
140	28 
141	26 
142	36 
143	26 
144	8 
145	25 
146	4 
147	17 
148	36 
149	32 
150	10 
151	5 
152	28 
153	8 
154	23 
155	8 
156	22 
157	5 
158	21 
159	2 
160	3 
161	30 
162	29 
163	12 
164	13 
165	12 
166	26 
167	37 
168	17 
169	27 
170	15 
171	3 
172	32 
173	38 
174	9 
175	31 
176	3 
177	29 
178	20 
179	36 
180	39 
181	22 
182	1 
183	20 
184	20 
185	3 
186	25 
187	4 
188	5 
189	29 
190	35 
191	20 
192	33 
193	27 
194	20 
195	25 
196	5 
197	30 
198	23 
199	3 
200	17 
201	35 
202	4 
203	20 
204	33 
205	39 
206	30 
207	18 
208	32 
209	3 
210	34 
211	10 
212	29 
213	39 
214	20 
215	30 
216	7 
217	2 
218	26 
219	31 
220	37 
221	8 
222	37 
223	17 
224	25 
225	10 
226	34 
227	39 
228	31 
229	3 
230	15 
231	17 
232	36 
233	13 
234	20 
235	38 
236	32 
237	7 
238	28 
239	24 
240	15 
241	17 
242	18 
243	25 
244	37 
245	34 
246	15 
247	29 
248	27 
249	32 
250	30 
251	10 
252	3 
253	10 
254	29 
255	3 
256	30 
257	15 
258	22 
259	15 
260	10 
261	9 
262	19 
263	5 
264	17 
265	2 
266	22 
267	13 
268	39 
269	31 
270	34 
271	22 
272	17 
273	10 
274	2 
275	10 
276	34 
277	31 
278	16 
279	24 
280	30 
281	37 
282	21 
283	27 
284	22 
285	22 
286	9 
287	29 
288	12 
289	19 
290	35 
291	2 
292	25 
293	14 
294	6 
295	32 
296	15 
297	21 
298	20 
299	20 
300	21 
301	16 
302	22 
303	39 
304	5 
305	30 
306	12 
307	37 
308	13 
309	37 
310	3 
311	15 
312	17 
313	26 
314	13 
315	2 
316	36 
317	5 
318	34 
319	1 
320	7 
321	3 
322	5 
323	14 
324	12 
325	38 
326	37 
327	38 
328	13 
329	20 
330	32 
331	11 
332	20 
333	37 
334	22 
335	27 
336	2 
337	3 
338	34 
339	4 
340	31 
341	37 
342	10 
343	27 
344	17 
345	2 
346	26 
347	32 
348	17 
349	20 
350	8 
351	6 
352	17 
353	20 
354	25 
355	16 
356	33 
357	12 
358	32 
359	8 
360	27 
361	29 
362	7 
363	23 
364	3 
365	9 
366	33 
367	36 
368	1 
369	26 
370	26 
371	6 
372	35 
373	27 
374	22 
375	20 
376	17 
377	38 
378	22 
379	22 
380	14 
381	2 
382	27 
383	5 
384	4 
385	30 
386	16 
387	34 
388	1 
389	20 
390	24 
391	33 
392	24 
393	38 
394	34 
395	17 
396	9 
397	3 
398	12 
399	26 
400	29 
401	28 
402	15 
403	15 
404	36 
405	17 
406	12 
407	13 
408	17 
409	3 
410	30 
411	12 
412	18 
413	32 
414	18 
415	1 
416	23 
417	32 
418	19 
419	7 
420	17 
421	39 
422	27 
423	29 
424	13 
425	32 
426	38 
427	31 
428	29 
429	8 
430	1 
431	28 
432	6 
433	25 
434	35 
435	26 
436	20 
437	12 
438	38 
439	28 
440	26 
441	37 
442	12 
443	9 
444	24 
445	22 
446	15 
447	32 
448	20 
449	3 
450	17 
451	20 
452	31 
453	10 
454	22 
455	29 
456	15 
457	3 
458	26 
459	4 
460	5 
461	19 
462	31 
463	6 
464	34 
465	22 
466	20 
467	34 
468	16 
469	28 
470	6 
471	37 
472	31 
473	30 
474	1 
475	18 
476	32 
477	11 
478	10 
479	17 
480	31 
481	32 
482	16 
483	33 
484	30 
485	3 
486	39 
487	5 
488	1 
489	32 
490	7 
491	33 
492	7 
493	21 
494	36 
495	2 
496	32 
497	9 
498	16 
499	17 
500	17 
501	38 
502	20 
503	29 
504	24 
505	4 
506	22 
507	17 
508	19 
509	23 
510	12 
511	10 
512	20 
513	1 
514	24 
515	27 
516	13 
517	27 
518	10 
519	13 
520	26 
521	5 
522	32 
523	22 
524	6 
525	31 
526	28 
527	19 
528	31 
529	30 
530	31 
531	5 
532	34 
533	2 
534	13 
535	27 
536	9 
537	29 
538	8 
539	17 
540	38 
541	12 
542	31 
543	31 
544	18 
545	30 
546	13 
547	23 
548	27 
549	15 
550	17 
551	9 
552	3 
553	29 
554	19 
555	13 
556	20 
557	38 
558	31 
559	11 
560	2 
561	34 
562	31 
563	33 
564	19 
565	1 
566	22 
567	13 
568	5 
569	19 
570	32 
571	34 
572	7 
573	34 
574	7 
575	23 
576	36 
577	34 
578	35 
579	18 
580	25 
581	22 
582	27 
583	30 
584	19 
585	19 
586	35 
587	37 
588	19 
589	34 
590	36 
591	26 
592	36 
593	8 
594	2 
595	16 
596	36 
597	18 
598	32 
599	14 
600	22 
601	17 
602	10 
603	15 
604	13 
605	15 
606	26 
607	31 
608	35 
609	5 
610	35 
611	37 
612	1 
613	13 
614	24 
615	20 
616	32 
617	29 
618	10 
619	24 
620	10 
621	27 
622	31 
623	35 
624	21 
625	22 
626	5 
627	16 
628	19 
629	32 
630	21 
631	10 
632	33 
633	10 
634	11 
635	20 
636	34 
637	32 
638	31 
639	5 
640	34 
641	13 
642	35 
643	5 
644	6 
645	10 
646	30 
647	5 
648	3 
649	9 
650	30 
651	3 
652	20 
653	20 
654	12 
655	27 
656	18 
657	15 
658	26 
659	15 
660	10 
661	6 
662	26 
663	13 
664	12 
665	14 
666	3 
667	32 
668	29 
669	22 
670	29 
671	17 
672	34 
673	27 
674	28 
675	20 
676	25 
677	10 
678	32 
679	10 
680	11 
681	26 
682	10 
683	17 
684	15 
685	5 
686	11 
687	3 
688	15 
689	38 
690	32 
691	3 
692	32 
693	10 
694	32 
695	13 
696	16 
697	36 
698	37 
699	1 
700	13 
701	37 
702	34 
703	33 
704	11 
705	7 
706	3 
707	26 
708	1 
709	23 
710	26 
711	19 
712	37 
713	17 
714	19 
715	13 
716	22 
717	2 
718	9 
719	26 
720	9 
721	20 
722	19 
723	3 
724	25 
725	34 
726	26 
727	39 
728	10 
729	25 
730	32 
731	10 
732	32 
733	3 
734	5 
735	31 
736	3 
737	9 
738	26 
739	30 
740	29 
741	27 
742	23 
743	27 
744	30 
745	19 
746	14 
747	31 
748	26 
749	2 
750	10 
751	13 
752	11 
753	7 
754	30 
755	31 
756	9 
757	37 
758	11 
759	13 
760	22 
761	23 
762	19 
763	27 
764	25 
765	26 
766	6 
767	13 
768	2 
769	20 
770	39 
771	12 
772	15 
773	27 
774	20 
775	16 
776	25 
777	18 
778	20 
779	20 
780	10 
781	4 
782	16 
783	9 
784	21 
785	31 
786	36 
787	10 
788	32 
789	34 
790	30 
791	11 
792	8 
793	2 
794	37 
795	27 
796	10 
797	13 
798	6 
799	29 
800	35 
801	17 
802	8 
803	22 
804	34 
805	34 
806	9 
807	22 
808	26 
809	17 
810	2 
811	20 
812	10 
813	32 
814	21 
815	30 
816	33 
817	2 
818	14 
819	15 
820	22 
821	6 
822	26 
823	35 
824	34 
825	26 
826	34 
827	28 
828	20 
829	11 
830	36 
831	31 
832	35 
833	27 
834	12 
835	19 
836	17 
837	10 
838	9 
839	15 
840	31 
841	3 
842	32 
843	10 
844	34 
845	26 
846	38 
847	29 
848	25 
849	23 
850	6 
851	19 
852	7 
853	24 
854	14 
855	26 
856	34 
857	13 
858	25 
859	7 
860	3 
861	20 
862	30 
863	35 
864	12 
865	29 
866	4 
867	6 
868	20 
869	17 
870	9 
871	10 
872	31 
873	31 
874	19 
875	19 
876	34 
877	17 
878	36 
879	39 
880	5 
881	39 
882	31 
883	24 
884	12 
885	9 
886	27 
887	4 
888	28 
889	4 
890	8 
891	17 
892	5 
893	27 
894	38 
895	38 
896	25 
897	15 
898	36 
899	13 
900	31 
901	33 
902	11 
903	31 
904	35 
905	9 
906	13 
907	5 
908	18 
909	7 
910	22 
911	10 
912	25 
913	32 
914	26 
915	26 
916	34 
917	18 
918	30 
919	31 
920	5 
921	26 
922	27 
923	16 
924	31 
925	10 
926	12 
927	22 
928	37 
929	10 
930	31 
931	31 
932	22 
933	29 
934	2 
935	22 
936	10 
937	2 
938	10 
939	26 
940	32 
941	19 
942	36 
943	8 
944	20 
945	15 
946	5 
947	22 
948	22 
949	25 
950	38 
951	19 
952	22 
953	26 
954	1 
955	1 
956	36 
957	3 
958	15 
959	17 
960	5 
961	15 
962	3 
963	32 
964	27 
965	36 
966	37 
967	29 
968	2 
969	15 
970	29 
971	35 
972	15 
973	13 
974	2 
975	32 
976	16 
977	30 
978	12 
979	20 
980	12 
981	30 
982	39 
983	27 
984	13 
985	31 
986	39 
987	29 
988	6 
989	27 
990	17 
991	8 
992	32 
993	26 
994	30 
995	12 
996	17 
997	19 
998	22 
999	19 
1000	26 
