1	4
2	21
3	13
4	12
5	5
6	13
7	21
8	10
9	16
10	19
11	17
12	21
13	9
14	29
15	35
16	5
17	20
18	19
19	26
20	3
21	22
22	16
23	14
24	31
25	34
26	29
27	17
28	5
29	16
30	1
31	20
32	14
33	34
34	9
35	21
36	21
37	21
38	20
39	21
40	21
41	33
42	34
43	21
44	4
45	12
46	27
47	21
48	21
49	14
50	21
51	20
52	35
53	21
54	21
55	21
56	21
57	2
58	32
59	31
60	21
61	32
62	5
63	21
64	27
65	12
66	29
67	38
68	7
69	16
70	18
71	27
72	31
73	29
74	38
75	31
76	21
77	13
78	20
79	19
80	5
81	27
82	35
83	31
84	21
85	20
86	29
87	21
88	26
89	29
90	27
91	21
92	25
93	25
94	27
95	13
96	2
97	32
98	31
99	13
100	21
101	34
102	38
103	21
104	25
105	19
106	20
107	33
108	25
109	16
110	19
111	21
112	38
113	33
114	6
115	14
116	12
117	27
118	21
119	34
120	21
121	32
122	38
123	27
124	33
125	9
126	14
127	27
128	19
129	21
130	21
131	36
132	23
133	21
134	21
135	36
136	25
137	21
138	3
139	27
140	23
141	3
142	36
143	31
144	21
145	21
146	12
147	29
148	4
149	21
150	38
151	16
152	33
153	31
154	33
155	21
156	5
157	21
158	31
159	12
160	7
161	21
162	20
163	21
164	21
165	21
166	22
167	5
168	19
169	20
170	10
171	20
172	21
173	21
174	31
175	22
176	29
177	32
178	4
179	33
180	21
181	24
182	21
183	29
184	6
185	13
186	24
187	14
188	31
189	5
190	13
191	38
192	13
193	21
194	27
195	18
196	35
197	21
198	25
199	10
200	21
201	16
202	21
203	31
204	35
205	21
206	21
207	31
208	27
209	7
210	21
211	8
212	21
213	12
214	4
215	32
216	4
217	31
218	29
219	4
220	7
221	5
222	31
223	22
224	0
225	27
226	25
227	0
228	35
229	21
230	13
231	29
232	4
233	29
234	32
235	3
236	33
237	27
238	4
239	27
240	38
241	21
242	31
243	32
244	5
245	7
246	21
247	24
248	6
249	3
250	4
251	24
252	3
253	31
254	6
255	17
256	29
257	4
258	33
259	34
260	32
261	30
262	31
263	24
264	7
265	4
266	31
267	10
268	29
269	13
270	5
271	26
272	20
273	38
274	33
275	18
276	33
277	5
278	21
279	1
280	28
281	10
282	33
283	0
284	19
285	11
286	2
287	21
288	20
289	20
290	24
291	14
292	13
293	7
294	2
295	5
296	5
297	25
298	32
299	38
300	7
301	16
302	8
303	33
304	28
305	20
306	6
307	27
308	4
309	3
310	27
311	26
312	0
313	19
314	21
315	31
316	21
317	38
318	11
319	25
320	11
321	32
322	35
323	28
324	27
325	20
326	25
327	36
328	8
329	20
330	13
331	32
332	38
333	16
334	38
335	8
336	35
337	22
338	38
339	19
340	14
341	6
342	23
343	2
344	10
345	26
346	29
347	33
348	24
349	5
350	19
351	23
352	32
353	33
354	27
355	13
356	14
357	32
358	13
359	18
360	20
361	8
362	33
363	14
364	29
365	10
366	18
367	20
368	3
369	0
370	14
371	36
372	6
373	4
374	21
375	16
376	7
377	29
378	13
379	36
380	11
381	27
382	19
383	32
384	28
385	4
386	5
387	38
388	17
389	32
390	28
391	13
392	27
393	25
394	5
395	20
396	27
397	11
398	21
399	3
400	38
401	2
402	10
403	28
404	24
405	33
406	18
407	13
408	12
409	21
410	25
411	10
412	30
413	20
414	19
415	10
416	13
417	27
418	13
419	13
420	28
421	5
422	22
423	10
424	3
425	0
426	18
427	19
428	0
429	9
430	0
431	6
432	22
433	12
434	22
435	36
436	38
437	5
438	30
439	4
440	36
441	4
442	38
443	27
444	35
445	7
446	0
447	28
448	32
449	32
450	23
451	27
452	36
453	22
454	35
455	36
456	21
457	0
458	19
459	20
460	19
461	7
462	36
463	38
464	33
465	9
466	32
467	15
468	38
469	6
470	11
471	19
472	31
473	20
474	27
475	19
476	33
477	26
478	34
479	25
480	3
481	14
482	31
483	2
484	20
485	1
486	0
487	20
488	6
489	33
490	4
491	21
492	6
493	20
494	6
495	6
496	9
497	34
498	9
499	3
500	17
501	32
502	12
503	27
504	29
505	0
506	14
507	12
508	26
509	6
510	13
511	12
512	20
513	2
514	7
515	13
516	12
517	9
518	9
519	13
520	31
521	32
522	35
523	31
524	36
525	27
526	19
527	12
528	23
529	27
530	33
531	14
532	5
533	16
534	28
535	10
536	33
537	31
538	13
539	26
540	36
541	34
542	29
543	31
544	14
545	27
546	34
547	20
548	27
549	20
550	27
551	25
552	10
553	38
554	29
555	19
556	38
557	7
558	7
559	4
560	20
561	7
562	32
563	26
564	22
565	24
566	38
567	36
568	31
569	5
570	22
571	5
572	25
573	35
574	26
575	30
576	34
577	16
578	33
579	6
580	38
581	24
582	1
583	13
584	3
585	13
586	33
587	11
588	20
589	7
590	14
591	32
592	15
593	13
594	23
595	32
596	11
597	20
598	28
599	29
600	1
601	33
602	8
603	30
604	20
605	13
606	1
607	3
608	16
609	3
610	29
611	7
612	32
613	6
614	30
615	20
616	25
617	0
618	34
619	24
620	23
621	7
622	18
623	7
624	36
625	33
626	20
627	15
628	32
629	14
630	19
631	30
632	33
633	9
634	2
635	29
636	29
637	23
638	20
639	30
640	0
641	11
642	19
643	0
644	19
645	7
646	38
647	23
648	33
649	27
650	13
651	32
652	19
653	7
654	17
655	17
656	10
657	5
658	18
659	0
660	6
661	27
662	7
663	13
664	17
665	13
666	13
667	1
668	21
669	28
670	7
671	27
672	25
673	24
674	5
675	14
676	13
677	14
678	29
679	19
680	31
681	34
682	7
683	4
684	17
685	36
686	7
687	23
688	10
689	6
690	15
691	31
692	7
693	31
694	24
695	16
696	19
697	19
698	33
699	21
700	13
701	8
702	31
703	22
704	30
705	6
706	0
707	32
708	17
709	24
710	7
711	19
712	10
713	1
714	3
715	30
716	19
717	28
718	11
719	19
720	28
721	9
722	13
723	2
724	32
725	38
726	32
727	23
728	26
729	15
730	19
731	12
732	8
733	10
734	20
735	27
736	4
737	3
738	30
739	22
740	13
741	4
742	19
743	20
744	27
745	8
746	0
747	30
748	32
749	25
750	14
751	1
752	11
753	13
754	24
755	10
756	14
757	13
758	1
759	1
760	16
761	17
762	27
763	25
764	32
765	0
766	30
767	22
768	24
769	30
770	36
771	1
772	23
773	7
774	24
775	27
776	5
777	20
778	14
779	2
780	21
781	5
782	27
783	20
784	16
785	33
786	20
787	17
788	26
789	11
790	5
791	19
792	24
793	28
794	25
795	20
796	1
797	35
798	14
799	31
800	0
801	13
802	7
803	34
804	34
805	18
806	7
807	35
808	19
809	32
810	8
811	11
812	18
813	28
814	30
815	11
816	28
817	30
818	22
819	32
820	30
821	20
822	4
823	17
824	13
825	4
826	14
827	10
828	29
829	26
830	35
831	35
832	27
833	5
834	7
835	4
836	1
837	0
838	27
839	8
840	35
841	6
842	38
843	26
844	7
845	38
846	8
847	19
848	25
849	36
850	36
851	32
852	26
853	27
854	20
855	32
856	19
857	33
858	12
859	33
860	36
861	8
862	19
863	13
864	15
865	6
866	30
867	14
868	35
869	33
870	6
871	16
872	25
873	4
874	12
875	4
876	37
877	6
878	30
879	30
880	30
881	6
882	6
883	13
884	11
885	13
886	6
887	15
888	10
889	5
890	11
891	31
892	23
893	36
894	7
895	17
896	8
897	36
898	6
899	1
900	27
901	19
902	12
903	29
904	32
905	30
906	35
907	37
908	31
909	28
910	14
911	34
912	13
913	15
914	33
915	10
916	31
917	8
918	30
919	11
920	27
921	19
922	24
923	6
924	14
925	14
926	4
927	25
928	38
929	6
930	15
931	10
932	19
933	31
934	27
935	7
936	19
937	0
938	37
939	38
940	28
941	7
942	13
943	10
944	32
945	28
946	15
947	33
948	32
949	37
950	11
951	12
952	7
953	28
954	13
955	7
956	15
957	27
958	16
959	13
960	6
961	33
962	32
963	36
964	36
965	6
966	32
967	30
968	12
969	20
970	11
971	24
972	30
973	4
974	33
975	32
976	38
977	10
978	33
979	37
980	25
981	6
982	10
983	14
984	28
985	24
986	27
987	14
988	24
989	7
990	33
991	7
992	14
993	19
994	27
995	19
996	37
997	10
998	31
999	32
1000	32
