1	32
2	34
3	18
4	34
5	34
6	18
7	34
8	20
9	36
10	3
11	5
12	34
13	31
14	34
15	34
16	19
17	15
18	5
19	19
20	34
21	34
22	35
23	34
24	15
25	34
26	20
27	31
28	34
29	34
30	34
31	35
32	34
33	35
34	34
35	34
36	3
37	24
38	34
39	20
40	16
41	11
42	34
43	5
44	34
45	36
46	32
47	18
48	34
49	16
50	34
51	34
52	34
53	34
54	0
55	34
56	34
57	34
58	5
59	25
60	3
61	15
62	17
63	34
64	17
65	34
66	30
67	34
68	34
69	30
70	19
71	34
72	34
73	34
74	38
75	34
76	34
77	34
78	34
79	34
80	34
81	34
82	34
83	15
84	17
85	10
86	23
87	34
88	34
89	39
90	34
91	10
92	34
93	34
94	34
95	34
96	20
97	2
98	3
99	34
100	7
101	10
102	34
103	40
104	34
105	34
106	34
107	34
108	34
109	2
110	32
111	34
112	15
113	3
114	38
115	34
116	34
117	34
118	39
119	34
120	23
121	34
122	25
123	39
124	19
125	31
126	34
127	7
128	24
129	30
130	34
131	3
132	34
133	34
134	38
135	34
136	34
137	34
138	16
139	4
140	20
141	34
142	34
143	34
144	37
145	34
146	36
147	34
148	18
149	10
150	35
151	34
152	34
153	34
154	34
155	20
156	39
157	5
158	21
159	34
160	6
161	34
162	34
163	34
164	34
165	17
166	34
167	15
168	34
169	34
170	31
171	24
172	34
173	34
174	4
175	24
176	18
177	34
178	3
179	3
180	16
181	34
182	34
183	34
184	5
185	40
186	5
187	34
188	36
189	20
190	34
191	32
192	34
193	0
194	5
195	3
196	4
197	34
198	34
199	3
200	34
201	34
202	24
203	36
204	17
205	3
206	23
207	22
208	35
209	34
210	15
211	16
212	34
213	34
214	34
215	36
216	22
217	34
218	30
219	34
220	34
221	6
222	11
223	34
224	15
225	38
226	4
227	34
228	34
229	22
230	7
231	34
232	33
233	3
234	16
235	35
236	34
237	35
238	15
239	3
240	15
241	34
242	31
243	34
244	5
245	34
246	40
247	6
248	10
249	3
250	11
251	34
252	34
253	10
254	34
255	34
256	30
257	34
258	12
259	10
260	38
261	19
262	40
263	30
264	12
265	10
266	3
267	23
268	25
269	12
270	39
271	34
272	34
273	0
274	34
275	34
276	34
277	27
278	3
279	34
280	0
281	34
282	3
283	2
284	34
285	0
286	3
287	20
288	16
289	2
290	34
291	34
292	19
293	34
294	16
295	22
296	32
297	34
298	10
299	22
300	11
301	34
302	2
303	12
304	3
305	18
306	12
307	11
308	22
309	34
310	18
311	16
312	4
313	25
314	37
315	20
316	21
317	0
318	34
319	20
320	4
321	15
322	18
323	3
324	20
325	4
326	39
327	3
328	31
329	18
330	34
331	34
332	8
333	5
334	39
335	34
336	34
337	34
338	30
339	34
340	34
341	22
342	7
343	30
344	2
345	0
346	23
347	18
348	20
349	0
350	7
351	34
352	25
353	3
354	10
355	23
356	34
357	6
358	19
359	22
360	34
361	40
362	34
363	34
364	34
365	3
366	32
367	34
368	3
369	10
370	34
371	34
372	0
373	15
374	18
375	19
376	34
377	16
378	36
379	15
380	34
381	37
382	16
383	37
384	17
385	40
386	34
387	2
388	34
389	34
390	5
391	22
392	36
393	37
394	34
395	23
396	5
397	24
398	16
399	10
400	40
401	34
402	37
403	18
404	31
405	40
406	34
407	38
408	21
409	22
410	12
411	3
412	5
413	34
414	10
415	34
416	34
417	38
418	34
419	22
420	5
421	27
422	34
423	36
424	34
425	34
426	7
427	3
428	34
429	4
430	4
431	21
432	13
433	20
434	18
435	20
436	27
437	3
438	5
439	20
440	34
441	10
442	11
443	8
444	35
445	3
446	34
447	5
448	25
449	27
450	32
451	31
452	34
453	34
454	11
455	34
456	21
457	39
458	39
459	29
460	15
461	6
462	34
463	3
464	34
465	34
466	30
467	37
468	18
469	34
470	34
471	37
472	34
473	27
474	30
475	8
476	23
477	31
478	5
479	32
480	30
481	22
482	34
483	1
484	7
485	22
486	0
487	4
488	15
489	21
490	2
491	27
492	27
493	29
494	30
495	28
496	34
497	7
498	34
499	34
500	0
501	1
502	24
503	4
504	0
505	37
506	5
507	29
508	17
509	15
510	34
511	22
512	3
513	6
514	23
515	21
516	22
517	39
518	34
519	12
520	4
521	34
522	33
523	17
524	24
525	34
526	12
527	22
528	27
529	15
530	28
531	27
532	22
533	37
534	4
535	0
536	8
537	22
538	13
539	33
540	2
541	13
542	1
543	34
544	6
545	27
546	6
547	5
548	4
549	38
550	15
551	13
552	3
553	7
554	0
555	21
556	1
557	24
558	41
559	15
560	0
561	40
562	12
563	10
564	38
565	10
566	17
567	34
568	30
569	4
570	19
571	2
572	3
573	0
574	24
575	4
576	35
577	18
578	34
579	1
580	19
581	14
582	12
583	13
584	37
585	7
586	38
587	22
588	29
589	22
590	8
591	12
592	20
593	33
594	27
595	29
596	26
597	1
598	28
599	13
600	34
601	40
602	22
603	25
604	5
605	23
606	2
607	37
608	36
609	12
610	0
611	35
612	29
613	34
614	5
615	3
616	4
617	27
618	22
619	5
620	8
621	28
622	34
623	23
624	2
625	4
626	12
627	33
628	15
629	1
630	36
631	23
632	25
633	22
634	15
635	22
636	13
637	29
638	29
639	40
640	36
641	29
642	9
643	18
644	40
645	32
646	18
647	3
648	20
649	12
650	22
651	38
652	21
653	32
654	21
655	3
656	34
657	18
658	2
659	27
660	11
661	14
662	27
663	22
664	13
665	21
666	36
667	0
668	13
669	27
670	14
671	24
672	22
673	26
674	13
675	6
676	28
677	2
678	12
679	29
680	11
681	33
682	20
683	5
684	23
685	3
686	20
687	19
688	28
689	3
690	3
691	41
692	41
693	26
694	6
695	12
696	24
697	27
698	26
699	7
700	17
701	2
702	27
703	21
704	4
705	4
706	28
707	28
708	22
709	0
710	29
711	0
712	8
713	3
714	25
715	29
716	5
717	28
718	27
719	29
720	4
721	3
722	5
723	25
724	4
725	0
726	14
727	14
728	0
729	3
730	5
731	26
732	26
733	8
734	13
735	15
736	21
737	21
738	24
739	33
740	25
741	0
742	7
743	6
744	40
745	12
746	11
747	37
748	2
749	11
750	37
751	13
752	18
753	7
754	31
755	6
756	4
757	30
758	36
759	27
760	37
761	36
762	21
763	1
764	31
765	7
766	37
767	0
768	30
769	14
770	40
771	8
772	1
773	15
774	37
775	22
776	20
777	1
778	33
779	0
780	0
781	30
782	9
783	26
784	1
785	12
786	20
787	16
788	21
789	33
790	33
791	2
792	3
793	3
794	12
795	40
796	22
797	17
798	27
799	28
800	12
801	29
802	29
803	40
804	31
805	41
806	12
807	26
808	9
809	41
810	0
811	19
812	13
813	17
814	14
815	18
816	28
817	23
818	2
819	0
820	24
821	5
822	3
823	1
824	28
825	13
826	26
827	18
828	21
829	15
830	27
831	14
832	27
833	1
834	33
835	7
836	3
837	6
838	26
839	27
840	8
841	41
842	13
843	29
844	26
845	6
846	13
847	13
848	22
849	26
850	14
851	22
852	3
853	0
854	1
855	0
856	0
857	28
858	22
859	28
860	29
861	16
862	14
863	1
864	41
865	6
866	20
867	12
868	6
869	27
870	0
871	15
872	1
873	29
874	21
875	28
876	24
877	22
878	3
879	21
880	29
881	2
882	0
883	23
884	14
885	21
886	16
887	27
888	27
889	26
890	13
891	21
892	29
893	22
894	18
895	28
896	24
897	7
898	29
899	9
900	20
901	29
902	0
903	28
904	37
905	30
906	21
907	10
908	4
909	1
910	2
911	28
912	37
913	28
914	27
915	22
916	28
917	8
918	13
919	29
920	9
921	8
922	27
923	12
924	0
925	37
926	1
927	14
928	12
929	18
930	10
931	12
932	1
933	9
934	27
935	26
936	22
937	30
938	5
939	28
940	12
941	5
942	22
943	14
944	28
945	41
946	1
947	41
948	29
949	15
950	22
951	8
952	3
953	9
954	28
955	26
956	28
957	1
958	22
959	1
960	27
961	29
962	14
963	28
964	28
965	13
966	29
967	4
968	41
969	41
970	22
971	22
972	13
973	9
974	21
975	8
976	4
977	26
978	37
979	29
980	41
981	4
982	26
983	21
984	14
985	5
986	28
987	29
988	26
989	9
990	27
991	3
992	13
993	4
994	29
995	26
996	15
997	9
998	41
999	13
1000	14
