1	21
2	10
3	6
4	20
5	21
6	4
7	8
8	12
9	14
10	12
11	14
12	5
13	14
14	11
15	5
16	10
17	1
18	0
19	10
20	7
21	21
22	10
23	14
24	15
25	20
26	8
27	6
28	2
29	19
30	12
31	13
32	3
33	16
34	21
35	5
36	10
37	20
38	7
39	20
40	4
41	8
42	5
43	21
44	19
45	5
46	20
47	4
48	1
49	13
50	9
51	17
52	16
53	5
54	20
55	5
56	13
57	1
58	14
59	15
60	0
61	3
62	10
63	17
64	0
65	7
66	6
67	7
68	7
69	15
70	12
71	11
72	16
73	12
74	16
75	3
76	1
77	14
78	17
79	12
80	5
81	21
82	17
83	5
84	7
85	7
86	7
87	0
88	1
89	16
90	13
91	4
92	13
93	21
94	3
95	2
96	8
97	10
98	11
99	7
100	15
101	18
102	6
103	4
104	10
105	11
106	17
107	14
108	13
109	10
110	2
111	11
112	15
113	11
114	20
115	12
116	7
117	17
118	9
119	8
120	7
121	7
122	7
123	10
124	11
125	7
126	19
127	10
128	21
129	18
130	6
131	11
132	12
133	16
134	13
135	18
136	7
137	11
138	8
139	8
140	4
141	0
142	14
143	0
144	18
145	8
146	8
147	17
148	17
149	8
150	16
151	9
152	16
153	13
154	1
155	12
156	2
157	8
158	17
159	2
160	0
161	17
162	2
163	8
164	16
165	11
166	0
167	5
168	6
169	15
170	0
171	9
172	3
173	8
174	9
175	19
176	11
177	11
178	12
179	3
180	12
181	11
182	17
183	4
184	10
185	15
186	10
187	15
188	1
189	7
190	14
191	4
192	0
193	12
194	13
195	4
196	17
197	5
198	1
199	12
200	8
201	7
202	15
203	11
204	9
205	5
206	18
207	18
208	17
209	11
210	6
211	8
212	2
213	7
214	15
215	5
216	21
217	21
218	15
219	7
220	12
221	16
222	0
223	8
224	2
225	0
226	11
227	8
228	17
229	19
230	8
231	13
232	13
233	0
234	14
235	7
236	17
237	14
238	9
239	11
240	7
241	8
242	8
243	7
244	7
245	8
246	18
247	3
248	20
249	0
250	17
251	8
252	16
253	0
254	13
255	13
256	21
257	15
258	19
259	12
260	14
261	6
262	7
263	13
264	16
265	8
266	13
267	7
268	1
269	3
270	5
271	14
272	15
273	15
274	8
275	16
276	4
277	17
278	10
279	10
280	3
281	7
282	16
283	21
284	15
285	5
286	8
287	19
288	14
289	1
290	3
291	7
292	10
293	2
294	14
295	11
296	16
297	8
298	11
299	10
300	15
301	17
302	5
303	20
304	12
305	4
306	8
307	14
308	2
309	15
310	13
311	11
312	7
313	21
314	5
315	8
316	6
317	12
318	21
319	20
320	11
321	4
322	10
323	5
324	14
325	10
326	17
327	2
328	10
329	13
330	11
331	13
332	5
333	2
334	21
335	17
336	16
337	5
338	2
339	10
340	2
341	6
342	5
343	7
344	2
345	5
346	4
347	5
348	4
349	21
350	3
351	5
352	3
353	0
354	15
355	7
356	2
357	9
358	10
359	7
360	14
361	20
362	8
363	14
364	0
365	9
366	6
367	2
368	13
369	15
370	3
371	3
372	2
373	14
374	11
375	14
376	21
377	7
378	8
379	10
380	20
381	2
382	2
383	0
384	15
385	7
386	13
387	10
388	18
389	8
390	19
391	13
392	13
393	18
394	0
395	2
396	10
397	20
398	14
399	17
400	17
401	12
402	11
403	17
404	17
405	2
406	8
407	12
408	12
409	16
410	4
411	7
412	21
413	6
414	6
415	5
416	4
417	3
418	8
419	1
420	10
421	14
422	0
423	8
424	18
425	13
426	6
427	17
428	6
429	12
430	9
431	11
432	1
433	6
434	15
435	20
436	18
437	2
438	10
439	9
440	5
441	7
442	17
443	10
444	11
445	14
446	10
447	0
448	9
449	6
450	7
451	11
452	16
453	10
454	13
455	3
456	21
457	14
458	7
459	17
460	8
461	11
462	20
463	1
464	17
465	7
466	16
467	16
468	15
469	9
470	16
471	11
472	10
473	4
474	7
475	10
476	7
477	10
478	7
479	10
480	12
481	7
482	12
483	20
484	8
485	8
486	1
487	14
488	19
489	11
490	5
491	16
492	18
493	20
494	12
495	11
496	20
497	4
498	6
499	21
500	8
501	11
502	10
503	9
504	4
505	20
506	12
507	0
508	10
509	10
510	3
511	17
512	3
513	14
514	12
515	11
516	3
517	12
518	5
519	1
520	1
521	17
522	13
523	8
524	20
525	4
526	8
527	12
528	8
529	12
530	7
531	7
532	15
533	1
534	17
535	21
536	1
537	9
538	3
539	9
540	7
541	13
542	12
543	6
544	10
545	0
546	11
547	12
548	6
549	18
550	20
551	11
552	17
553	2
554	19
555	6
556	8
557	8
558	21
559	4
560	16
561	4
562	6
563	11
564	14
565	7
566	10
567	16
568	16
569	8
570	2
571	10
572	6
573	2
574	7
575	14
576	18
577	8
578	10
579	10
580	14
581	17
582	11
583	3
584	17
585	8
586	3
587	4
588	0
589	6
590	11
591	16
592	18
593	11
594	19
595	3
596	16
597	12
598	12
599	14
600	13
601	0
602	14
603	20
604	4
605	18
606	21
607	13
608	2
609	5
610	1
611	11
612	1
613	13
614	12
615	21
616	10
617	4
618	4
619	19
620	17
621	21
622	4
623	20
624	20
625	18
626	17
627	10
628	17
629	5
630	2
631	18
632	13
633	8
634	12
635	5
636	19
637	3
638	19
639	7
640	14
641	18
642	11
643	5
644	8
645	10
646	18
647	12
648	21
649	8
650	19
651	13
652	7
653	10
654	11
655	7
656	16
657	11
658	1
659	9
660	7
661	4
662	16
663	13
664	11
665	10
666	20
667	11
668	8
669	1
670	21
671	6
672	19
673	15
674	9
675	12
676	8
677	7
678	3
679	5
680	15
681	8
682	11
683	21
684	10
685	21
686	10
687	11
688	8
689	8
690	1
691	16
692	2
693	17
694	7
695	4
696	17
697	6
698	0
699	15
700	18
701	0
702	7
703	19
704	12
705	13
706	10
707	6
708	3
709	17
710	16
711	3
712	15
713	14
714	3
715	6
716	13
717	12
718	11
719	10
720	1
721	5
722	18
723	7
724	17
725	11
726	10
727	1
728	1
729	21
730	12
731	0
732	1
733	4
734	12
735	20
736	13
737	18
738	8
739	16
740	9
741	16
742	18
743	17
744	15
745	11
746	0
747	17
748	10
749	17
750	13
751	10
752	21
753	11
754	12
755	1
756	1
757	20
758	0
759	20
760	17
761	20
762	8
763	19
764	7
765	10
766	16
767	5
768	6
769	16
770	14
771	20
772	3
773	9
774	7
775	13
776	0
777	19
778	7
779	10
780	18
781	10
782	20
783	13
784	11
785	15
786	3
787	17
788	2
789	1
790	20
791	9
792	15
793	10
794	3
795	18
796	13
797	3
798	2
799	8
800	10
801	9
802	16
803	5
804	3
805	17
806	3
807	19
808	17
809	15
810	1
811	2
812	8
813	6
814	9
815	3
816	0
817	5
818	5
819	3
820	15
821	5
822	0
823	7
824	18
825	9
826	17
827	17
828	17
829	7
830	5
831	8
832	7
833	21
834	12
835	18
836	9
837	16
838	19
839	10
840	7
841	0
842	7
843	7
844	15
845	5
846	8
847	13
848	8
849	15
850	5
851	5
852	15
853	17
854	16
855	2
856	20
857	21
858	5
859	18
860	12
861	3
862	15
863	15
864	11
865	8
866	0
867	21
868	14
869	20
870	21
871	1
872	4
873	10
874	7
875	7
876	10
877	2
878	8
879	20
880	15
881	2
882	21
883	9
884	11
885	16
886	12
887	12
888	14
889	7
890	11
891	8
892	2
893	21
894	19
895	15
896	5
897	15
898	1
899	9
900	20
901	17
902	17
903	2
904	6
905	17
906	18
907	17
908	18
909	3
910	17
911	15
912	17
913	15
914	8
915	5
916	1
917	20
918	16
919	21
920	20
921	20
922	21
923	19
924	1
925	16
926	19
927	21
928	4
929	0
930	1
931	11
932	18
933	6
934	15
935	9
936	7
937	10
938	20
939	18
940	4
941	2
942	5
943	7
944	16
945	11
946	9
947	10
948	15
949	15
950	11
951	19
952	11
953	9
954	21
955	4
956	13
957	3
958	10
959	0
960	15
961	5
962	20
963	18
964	4
965	6
966	19
967	20
968	18
969	11
970	17
971	13
972	12
973	15
974	7
975	0
976	10
977	21
978	15
979	6
980	15
981	0
982	20
983	7
984	1
985	7
986	9
987	16
988	17
989	10
990	21
991	4
992	19
993	19
994	15
995	4
996	11
997	16
998	12
999	4
1000	17
