1	26
2	38
3	19
4	1
5	26
6	33
7	33
8	35
9	1
10	26
11	37
12	26
13	7
14	26
15	31
16	27
17	6
18	7
19	0
20	30
21	26
22	26
23	26
24	26
25	35
26	26
27	6
28	31
29	26
30	7
31	26
32	26
33	16
34	22
35	17
36	33
37	0
38	0
39	35
40	37
41	26
42	29
43	26
44	31
45	18
46	13
47	23
48	37
49	0
50	26
51	19
52	26
53	26
54	16
55	1
56	7
57	23
58	31
59	37
60	26
61	0
62	26
63	2
64	35
65	26
66	26
67	26
68	16
69	26
70	1
71	34
72	26
73	26
74	29
75	26
76	13
77	35
78	30
79	31
80	26
81	38
82	37
83	26
84	2
85	26
86	26
87	13
88	2
89	21
90	26
91	22
92	26
93	26
94	19
95	18
96	13
97	26
98	26
99	31
100	31
101	1
102	6
103	35
104	17
105	26
106	30
107	27
108	26
109	26
110	22
111	21
112	0
113	33
114	1
115	26
116	7
117	30
118	1
119	22
120	26
121	23
122	26
123	26
124	19
125	21
126	0
127	26
128	36
129	26
130	38
131	26
132	26
133	31
134	17
135	1
136	26
137	28
138	26
139	7
140	0
141	19
142	38
143	33
144	26
145	26
146	1
147	34
148	26
149	27
150	18
151	26
152	31
153	26
154	34
155	26
156	30
157	26
158	26
159	29
160	26
161	28
162	26
163	26
164	5
165	26
166	26
167	26
168	33
169	19
170	38
171	34
172	18
173	26
174	38
175	1
176	6
177	5
178	17
179	26
180	21
181	15
182	19
183	26
184	6
185	17
186	26
187	26
188	26
189	22
190	37
191	26
192	26
193	21
194	21
195	26
196	37
197	32
198	31
199	26
200	1
201	17
202	27
203	1
204	37
205	26
206	26
207	1
208	37
209	26
210	38
211	26
212	6
213	26
214	29
215	37
216	17
217	19
218	24
219	26
220	28
221	34
222	36
223	26
224	35
225	1
226	25
227	32
228	28
229	26
230	7
231	36
232	15
233	32
234	6
235	18
236	37
237	21
238	37
239	15
240	29
241	2
242	6
243	30
244	1
245	13
246	25
247	33
248	27
249	35
250	7
251	22
252	37
253	26
254	36
255	6
256	35
257	1
258	25
259	1
260	28
261	29
262	29
263	25
264	6
265	23
266	26
267	26
268	6
269	19
270	32
271	32
272	26
273	31
274	18
275	17
276	1
277	22
278	26
279	27
280	18
281	1
282	1
283	15
284	29
285	26
286	16
287	37
288	28
289	26
290	37
291	10
292	19
293	27
294	18
295	26
296	1
297	26
298	1
299	6
300	36
301	6
302	24
303	7
304	5
305	0
306	26
307	17
308	34
309	15
310	26
311	25
312	1
313	22
314	32
315	2
316	2
317	7
318	29
319	16
320	13
321	32
322	21
323	33
324	6
325	28
326	31
327	1
328	26
329	30
330	21
331	26
332	32
333	5
334	5
335	22
336	15
337	26
338	22
339	26
340	36
341	2
342	18
343	25
344	32
345	26
346	26
347	24
348	31
349	25
350	26
351	26
352	23
353	6
354	6
355	24
356	37
357	20
358	16
359	15
360	2
361	5
362	34
363	26
364	2
365	17
366	0
367	36
368	24
369	26
370	1
371	26
372	5
373	16
374	9
375	1
376	7
377	38
378	10
379	38
380	33
381	17
382	37
383	4
384	5
385	2
386	37
387	13
388	37
389	21
390	23
391	4
392	33
393	4
394	13
395	7
396	26
397	38
398	26
399	2
400	26
401	0
402	32
403	38
404	26
405	2
406	28
407	29
408	0
409	6
410	28
411	5
412	26
413	9
414	34
415	5
416	30
417	23
418	36
419	17
420	20
421	18
422	33
423	36
424	37
425	26
426	5
427	23
428	27
429	32
430	38
431	1
432	4
433	16
434	26
435	19
436	9
437	1
438	29
439	29
440	7
441	23
442	22
443	26
444	26
445	13
446	37
447	35
448	21
449	26
450	33
451	1
452	24
453	19
454	16
455	0
456	25
457	37
458	10
459	15
460	30
461	29
462	5
463	7
464	26
465	5
466	25
467	0
468	37
469	6
470	30
471	9
472	13
473	30
474	26
475	0
476	21
477	36
478	2
479	9
480	31
481	24
482	27
483	18
484	36
485	16
486	21
487	27
488	24
489	38
490	15
491	26
492	25
493	20
494	25
495	18
496	21
497	4
498	9
499	31
500	26
501	37
502	4
503	2
504	20
505	26
506	31
507	33
508	22
509	27
510	26
511	37
512	32
513	26
514	6
515	1
516	10
517	21
518	6
519	27
520	22
521	23
522	9
523	28
524	9
525	31
526	20
527	26
528	23
529	26
530	19
531	19
532	10
533	10
534	23
535	0
536	4
537	34
538	18
539	33
540	38
541	16
542	14
543	30
544	1
545	13
546	3
547	13
548	28
549	20
550	15
551	20
552	23
553	24
554	37
555	37
556	10
557	3
558	8
559	3
560	36
561	1
562	11
563	10
564	26
565	2
566	24
567	5
568	34
569	29
570	36
571	8
572	14
573	7
574	20
575	0
576	18
577	3
578	16
579	9
580	13
581	4
582	19
583	7
584	6
585	29
586	12
587	34
588	2
589	1
590	10
591	33
592	17
593	33
594	5
595	7
596	1
597	4
598	17
599	16
600	36
601	9
602	5
603	8
604	20
605	0
606	36
607	30
608	5
609	6
610	6
611	1
612	34
613	37
614	38
615	31
616	1
617	36
618	35
619	19
620	1
621	2
622	21
623	20
624	14
625	37
626	16
627	34
628	14
629	16
630	4
631	11
632	24
633	29
634	4
635	3
636	30
637	28
638	31
639	1
640	4
641	4
642	0
643	4
644	5
645	20
646	5
647	17
648	8
649	5
650	38
651	10
652	4
653	36
654	23
655	12
656	5
657	2
658	14
659	5
660	36
661	21
662	37
663	17
664	16
665	10
666	5
667	20
668	11
669	1
670	3
671	30
672	13
673	28
674	9
675	12
676	36
677	15
678	9
679	23
680	0
681	23
682	8
683	4
684	16
685	9
686	16
687	10
688	33
689	31
690	7
691	37
692	14
693	18
694	5
695	35
696	1
697	1
698	9
699	12
700	38
701	19
702	21
703	15
704	36
705	19
706	20
707	27
708	10
709	20
710	33
711	24
712	35
713	35
714	8
715	27
716	9
717	24
718	0
719	19
720	5
721	1
722	20
723	1
724	27
725	36
726	20
727	36
728	28
729	21
730	24
731	9
732	24
733	36
734	2
735	16
736	36
737	4
738	14
739	29
740	4
741	23
742	37
743	8
744	1
745	24
746	30
747	5
748	37
749	10
750	28
751	35
752	33
753	10
754	1
755	1
756	28
757	33
758	37
759	36
760	4
761	24
762	3
763	15
764	4
765	15
766	19
767	6
768	28
769	31
770	20
771	13
772	9
773	12
774	37
775	2
776	38
777	31
778	18
779	5
780	18
781	33
782	1
783	28
784	7
785	28
786	29
787	18
788	13
789	23
790	37
791	6
792	20
793	15
794	11
795	18
796	8
797	19
798	13
799	14
800	19
801	24
802	28
803	5
804	37
805	9
806	7
807	14
808	16
809	14
810	37
811	5
812	37
813	33
814	12
815	29
816	6
817	6
818	2
819	6
820	3
821	9
822	36
823	15
824	1
825	18
826	21
827	13
828	1
829	5
830	0
831	9
832	5
833	20
834	11
835	18
836	18
837	37
838	14
839	3
840	15
841	10
842	11
843	10
844	36
845	28
846	16
847	36
848	3
849	37
850	14
851	15
852	15
853	10
854	5
855	18
856	36
857	11
858	7
859	0
860	2
861	12
862	19
863	7
864	36
865	15
866	21
867	2
868	20
869	5
870	3
871	31
872	21
873	16
874	12
875	9
876	21
877	14
878	4
879	36
880	6
881	4
882	8
883	21
884	3
885	2
886	20
887	2
888	12
889	31
890	6
891	31
892	7
893	5
894	9
895	1
896	37
897	10
898	28
899	0
900	14
901	4
902	9
903	7
904	8
905	1
906	11
907	1
908	8
909	14
910	20
911	14
912	14
913	20
914	1
915	12
916	8
917	6
918	5
919	18
920	36
921	6
922	8
923	1
924	9
925	7
926	20
927	12
928	20
929	20
930	9
931	5
932	3
933	12
934	3
935	11
936	4
937	21
938	11
939	10
940	4
941	11
942	8
943	2
944	12
945	4
946	3
947	9
948	37
949	1
950	12
951	10
952	6
953	10
954	9
955	6
956	21
957	7
958	9
959	11
960	6
961	12
962	5
963	4
964	37
965	4
966	8
967	14
968	1
969	4
970	5
971	11
972	5
973	12
974	10
975	3
976	9
977	20
978	8
979	4
980	36
981	20
982	12
983	9
984	5
985	14
986	14
987	9
988	10
989	8
990	5
991	3
992	20
993	8
994	37
995	8
996	36
997	3
998	3
999	12
1000	37
