1	22
2	4
3	18
4	8
5	23
6	24
7	31
8	33
9	16
10	0
11	2
12	7
13	26
14	13
15	21
16	11
17	7
18	0
19	33
20	7
21	7
22	10
23	0
24	34
25	33
26	20
27	27
28	17
29	0
30	17
31	22
32	23
33	16
34	0
35	7
36	33
37	31
38	7
39	5
40	6
41	25
42	2
43	20
44	5
45	22
46	28
47	12
48	33
49	0
50	7
51	20
52	18
53	7
54	12
55	33
56	20
57	22
58	5
59	9
60	22
61	10
62	18
63	4
64	18
65	12
66	4
67	27
68	7
69	2
70	23
71	1
72	7
73	16
74	28
75	1
76	7
77	33
78	33
79	32
80	34
81	0
82	34
83	28
84	33
85	34
86	34
87	15
88	13
89	6
90	28
91	28
92	33
93	7
94	8
95	31
96	26
97	23
98	5
99	0
100	25
101	15
102	7
103	6
104	9
105	1
106	7
107	9
108	1
109	20
110	18
111	6
112	6
113	10
114	4
115	27
116	7
117	27
118	25
119	9
120	12
121	15
122	7
123	4
124	15
125	10
126	2
127	18
128	17
129	25
130	0
131	17
132	32
133	8
134	28
135	29
136	32
137	13
138	29
139	23
140	21
141	26
142	17
143	1
144	15
145	7
146	13
147	29
148	31
149	32
150	25
151	8
152	6
153	2
154	27
155	7
156	22
157	27
158	7
159	2
160	16
161	18
162	2
163	33
164	28
165	7
166	1
167	34
168	16
169	17
170	7
171	8
172	10
173	12
174	33
175	2
176	7
177	7
178	18
179	12
180	6
181	18
182	26
183	32
184	12
185	7
186	7
187	8
188	7
189	5
190	12
191	17
192	31
193	20
194	5
195	28
196	7
197	7
198	10
199	13
200	23
201	34
202	12
203	15
204	22
205	31
206	7
207	31
208	19
209	2
210	6
211	27
212	17
213	6
214	31
215	4
216	15
217	12
218	9
219	15
220	10
221	26
222	20
223	21
224	2
225	7
226	26
227	4
228	8
229	27
230	24
231	20
232	12
233	5
234	1
235	18
236	12
237	14
238	1
239	7
240	17
241	0
242	16
243	20
244	16
245	13
246	33
247	2
248	4
249	4
250	7
251	32
252	34
253	15
254	21
255	13
256	16
257	29
258	27
259	20
260	23
261	17
262	6
263	21
264	34
265	11
266	4
267	15
268	6
269	3
270	8
271	16
272	33
273	6
274	24
275	16
276	32
277	14
278	21
279	21
280	21
281	7
282	31
283	21
284	17
285	2
286	22
287	32
288	20
289	26
290	9
291	13
292	16
293	24
294	25
295	2
296	17
297	9
298	6
299	17
300	24
301	33
302	7
303	2
304	17
305	25
306	2
307	2
308	16
309	10
310	26
311	29
312	2
313	8
314	5
315	27
316	29
317	33
318	15
319	0
320	27
321	14
322	22
323	4
324	10
325	1
326	21
327	11
328	22
329	6
330	2
331	16
332	15
333	21
334	14
335	21
336	5
337	6
338	15
339	19
340	17
341	23
342	17
343	6
344	25
345	13
346	22
347	5
348	8
349	22
350	9
351	28
352	17
353	16
354	15
355	6
356	2
357	0
358	3
359	11
360	7
361	7
362	13
363	8
364	10
365	21
366	19
367	4
368	17
369	34
370	28
371	21
372	19
373	22
374	20
375	15
376	20
377	28
378	22
379	28
380	14
381	33
382	10
383	7
384	23
385	4
386	32
387	12
388	12
389	23
390	6
391	31
392	4
393	6
394	13
395	3
396	7
397	11
398	22
399	7
400	0
401	2
402	31
403	15
404	28
405	25
406	24
407	7
408	23
409	7
410	15
411	2
412	19
413	16
414	15
415	18
416	19
417	17
418	9
419	6
420	16
421	13
422	4
423	13
424	8
425	18
426	32
427	20
428	28
429	23
430	33
431	33
432	12
433	25
434	16
435	21
436	15
437	23
438	2
439	22
440	27
441	6
442	12
443	29
444	7
445	17
446	2
447	27
448	6
449	21
450	21
451	29
452	8
453	27
454	22
455	27
456	33
457	11
458	28
459	18
460	2
461	24
462	25
463	12
464	13
465	10
466	14
467	26
468	17
469	29
470	1
471	12
472	14
473	1
474	13
475	10
476	31
477	21
478	5
479	11
480	11
481	16
482	14
483	7
484	14
485	22
486	20
487	4
488	24
489	33
490	4
491	15
492	3
493	22
494	5
495	10
496	20
497	32
498	15
499	16
500	34
501	18
502	16
503	26
504	8
505	3
506	13
507	20
508	23
509	12
510	24
511	24
512	6
513	6
514	26
515	2
516	28
517	8
518	8
519	10
520	26
521	22
522	0
523	15
524	4
525	10
526	17
527	13
528	17
529	14
530	21
531	32
532	25
533	6
534	33
535	24
536	28
537	0
538	22
539	6
540	21
541	9
542	0
543	7
544	29
545	29
546	25
547	32
548	19
549	16
550	21
551	12
552	6
553	12
554	15
555	26
556	4
557	9
558	10
559	2
560	18
561	19
562	26
563	0
564	24
565	9
566	24
567	32
568	8
569	18
570	28
571	1
572	11
573	17
574	22
575	9
576	18
577	3
578	10
579	12
580	33
581	14
582	10
583	16
584	6
585	12
586	0
587	19
588	9
589	0
590	11
591	18
592	2
593	32
594	27
595	7
596	27
597	11
598	2
599	10
600	17
601	2
602	19
603	15
604	13
605	1
606	6
607	6
608	9
609	22
610	23
611	32
612	10
613	2
614	13
615	19
616	7
617	12
618	21
619	9
620	12
621	10
622	34
623	1
624	18
625	10
626	3
627	9
628	1
629	19
630	29
631	1
632	28
633	6
634	6
635	32
636	3
637	25
638	9
639	12
640	29
641	26
642	15
643	24
644	15
645	28
646	16
647	11
648	33
649	28
650	5
651	31
652	6
653	28
654	15
655	10
656	28
657	16
658	0
659	24
660	19
661	5
662	1
663	6
664	9
665	33
666	11
667	21
668	15
669	26
670	2
671	21
672	7
673	6
674	1
675	9
676	33
677	5
678	26
679	20
680	28
681	26
682	17
683	2
684	33
685	14
686	12
687	20
688	7
689	8
690	18
691	15
692	17
693	18
694	7
695	14
696	15
697	15
698	1
699	24
700	20
701	25
702	0
703	3
704	33
705	5
706	13
707	20
708	7
709	18
710	17
711	20
712	2
713	15
714	26
715	12
716	5
717	17
718	33
719	3
720	31
721	15
722	18
723	17
724	33
725	16
726	21
727	10
728	29
729	23
730	15
731	5
732	1
733	14
734	22
735	7
736	16
737	12
738	10
739	7
740	1
741	9
742	17
743	16
744	22
745	4
746	18
747	3
748	14
749	1
750	25
751	7
752	6
753	1
754	1
755	5
756	32
757	15
758	4
759	3
760	13
761	12
762	3
763	33
764	6
765	2
766	17
767	31
768	3
769	7
770	12
771	17
772	12
773	17
774	10
775	16
776	10
777	24
778	16
779	3
780	2
781	17
782	12
783	15
784	8
785	31
786	2
787	4
788	4
789	2
790	14
791	2
792	12
793	1
794	10
795	5
796	15
797	22
798	20
799	24
800	6
801	13
802	12
803	10
804	6
805	7
806	6
807	2
808	22
809	10
810	16
811	0
812	22
813	8
814	9
815	7
816	10
817	20
818	12
819	5
820	6
821	10
822	1
823	4
824	9
825	0
826	27
827	21
828	0
829	7
830	6
831	12
832	23
833	6
834	10
835	23
836	9
837	4
838	12
839	2
840	23
841	16
842	33
843	10
844	20
845	7
846	15
847	17
848	10
849	17
850	20
851	5
852	21
853	22
854	2
855	15
856	2
857	9
858	13
859	28
860	22
861	30
862	17
863	28
864	8
865	10
866	12
867	24
868	27
869	24
870	9
871	33
872	24
873	16
874	18
875	24
876	17
877	2
878	4
879	30
880	12
881	5
882	18
883	33
884	8
885	27
886	4
887	8
888	7
889	21
890	15
891	28
892	24
893	24
894	18
895	17
896	5
897	30
898	5
899	21
900	8
901	7
902	10
903	17
904	13
905	33
906	13
907	33
908	2
909	15
910	28
911	12
912	10
913	15
914	13
915	3
916	16
917	2
918	15
919	6
920	10
921	5
922	17
923	7
924	17
925	33
926	12
927	22
928	30
929	12
930	10
931	6
932	21
933	0
934	13
935	20
936	12
937	17
938	28
939	15
940	3
941	30
942	21
943	12
944	18
945	7
946	21
947	10
948	17
949	4
950	10
951	3
952	21
953	18
954	12
955	12
956	3
957	13
958	22
959	18
960	20
961	3
962	16
963	2
964	33
965	13
966	3
967	33
968	18
969	17
970	30
971	22
972	6
973	13
974	22
975	30
976	2
977	18
978	3
979	16
980	16
981	13
982	22
983	33
984	20
985	28
986	17
987	22
988	2
989	30
990	12
991	12
992	2
993	6
994	10
995	15
996	12
997	20
998	30
999	33
1000	22
