1	7
2	7
3	26
4	21
5	24
6	7
7	31
8	23
9	35
10	7
11	7
12	7
13	7
14	3
15	7
16	7
17	16
18	34
19	2
20	2
21	7
22	16
23	7
24	7
25	23
26	16
27	7
28	32
29	31
30	16
31	7
32	8
33	7
34	7
35	7
36	7
37	7
38	7
39	3
40	24
41	7
42	26
43	7
44	37
45	7
46	7
47	7
48	19
49	7
50	19
51	7
52	23
53	31
54	16
55	2
56	36
57	7
58	18
59	7
60	7
61	26
62	12
63	23
64	7
65	36
66	7
67	7
68	7
69	2
70	7
71	7
72	7
73	2
74	7
75	7
76	16
77	8
78	7
79	14
80	7
81	7
82	7
83	7
84	7
85	26
86	24
87	7
88	7
89	7
90	37
91	34
92	7
93	7
94	7
95	7
96	7
97	7
98	2
99	7
100	7
101	7
102	7
103	36
104	25
105	2
106	2
107	16
108	7
109	7
110	7
111	14
112	7
113	7
114	7
115	23
116	38
117	7
118	18
119	7
120	12
121	7
122	7
123	7
124	7
125	7
126	7
127	31
128	29
129	7
130	7
131	0
132	14
133	29
134	7
135	25
136	7
137	13
138	13
139	7
140	7
141	2
142	7
143	28
144	7
145	25
146	7
147	3
148	3
149	29
150	18
151	7
152	31
153	13
154	7
155	38
156	23
157	7
158	7
159	7
160	7
161	0
162	12
163	7
164	7
165	7
166	7
167	19
168	7
169	29
170	3
171	7
172	7
173	7
174	32
175	8
176	21
177	7
178	31
179	7
180	14
181	36
182	16
183	18
184	34
185	19
186	24
187	7
188	7
189	7
190	0
191	35
192	7
193	7
194	0
195	7
196	7
197	23
198	7
199	7
200	16
201	34
202	7
203	7
204	7
205	7
206	7
207	7
208	29
209	28
210	7
211	37
212	7
213	7
214	7
215	25
216	19
217	7
218	7
219	27
220	7
221	29
222	1
223	7
224	2
225	2
226	0
227	9
228	13
229	7
230	13
231	32
232	38
233	7
234	8
235	7
236	12
237	11
238	7
239	36
240	7
241	13
242	35
243	37
244	18
245	31
246	19
247	37
248	14
249	12
250	2
251	7
252	3
253	7
254	7
255	25
256	32
257	7
258	7
259	18
260	7
261	12
262	7
263	8
264	19
265	7
266	7
267	29
268	7
269	7
270	7
271	21
272	2
273	13
274	7
275	2
276	37
277	18
278	25
279	7
280	7
281	36
282	34
283	38
284	7
285	7
286	14
287	7
288	37
289	7
290	7
291	7
292	0
293	35
294	23
295	7
296	21
297	9
298	35
299	32
300	35
301	7
302	16
303	3
304	19
305	0
306	2
307	28
308	29
309	7
310	18
311	36
312	7
313	3
314	7
315	38
316	7
317	35
318	19
319	3
320	7
321	12
322	7
323	0
324	28
325	27
326	7
327	7
328	18
329	24
330	7
331	7
332	0
333	26
334	19
335	7
336	25
337	26
338	32
339	7
340	36
341	8
342	7
343	32
344	35
345	7
346	31
347	35
348	10
349	32
350	7
351	7
352	21
353	27
354	7
355	7
356	7
357	2
358	7
359	37
360	24
361	7
362	35
363	28
364	25
365	35
366	7
367	7
368	36
369	34
370	2
371	36
372	28
373	7
374	25
375	0
376	28
377	7
378	7
379	8
380	7
381	35
382	8
383	0
384	23
385	7
386	7
387	7
388	14
389	11
390	25
391	7
392	23
393	28
394	11
395	16
396	13
397	9
398	7
399	12
400	18
401	31
402	5
403	7
404	29
405	29
406	9
407	18
408	1
409	7
410	34
411	29
412	10
413	7
414	7
415	14
416	37
417	14
418	7
419	18
420	7
421	38
422	32
423	21
424	23
425	18
426	26
427	11
428	0
429	28
430	14
431	35
432	12
433	3
434	25
435	32
436	7
437	9
438	36
439	0
440	18
441	18
442	7
443	26
444	12
445	16
446	13
447	7
448	9
449	21
450	22
451	14
452	2
453	24
454	10
455	5
456	16
457	30
458	14
459	22
460	10
461	8
462	30
463	3
464	22
465	9
466	9
467	14
468	9
469	14
470	25
471	28
472	0
473	9
474	23
475	23
476	1
477	32
478	9
479	27
480	13
481	7
482	19
483	9
484	5
485	2
486	8
487	7
488	11
489	37
490	31
491	17
492	2
493	35
494	11
495	0
496	2
497	16
498	13
499	18
500	29
501	5
502	22
503	0
504	13
505	25
506	9
507	4
508	34
509	10
510	38
511	7
512	0
513	7
514	4
515	34
516	7
517	37
518	37
519	29
520	18
521	7
522	13
523	38
524	12
525	32
526	7
527	5
528	2
529	13
530	7
531	27
532	9
533	10
534	7
535	0
536	0
537	1
538	10
539	13
540	34
541	24
542	33
543	6
544	1
545	1
546	4
547	33
548	28
549	24
550	21
551	13
552	30
553	11
554	37
555	22
556	24
557	5
558	7
559	26
560	13
561	2
562	11
563	30
564	8
565	34
566	0
567	9
568	26
569	4
570	35
571	21
572	26
573	13
574	24
575	15
576	16
577	9
578	5
579	0
580	14
581	23
582	22
583	29
584	7
585	30
586	9
587	3
588	38
589	29
590	16
591	3
592	0
593	5
594	2
595	5
596	10
597	0
598	13
599	30
600	8
601	13
602	2
603	11
604	13
605	18
606	7
607	21
608	25
609	7
610	2
611	31
612	4
613	30
614	13
615	23
616	27
617	29
618	10
619	21
620	8
621	31
622	33
623	35
624	6
625	16
626	13
627	26
628	2
629	5
630	21
631	7
632	11
633	31
634	0
635	38
636	5
637	19
638	4
639	0
640	9
641	15
642	4
643	32
644	2
645	14
646	6
647	2
648	24
649	24
650	20
651	0
652	38
653	11
654	16
655	30
656	4
657	17
658	1
659	25
660	0
661	13
662	22
663	38
664	17
665	2
666	10
667	15
668	10
669	29
670	29
671	1
672	23
673	1
674	8
675	30
676	30
677	19
678	9
679	32
680	38
681	23
682	22
683	2
684	13
685	33
686	4
687	3
688	9
689	6
690	30
691	19
692	22
693	6
694	27
695	14
696	13
697	22
698	10
699	18
700	3
701	2
702	14
703	30
704	0
705	20
706	4
707	13
708	27
709	17
710	15
711	9
712	30
713	10
714	1
715	14
716	16
717	22
718	11
719	24
720	4
721	10
722	4
723	11
724	15
725	0
726	10
727	17
728	11
729	10
730	17
731	5
732	11
733	23
734	33
735	5
736	22
737	16
738	32
739	6
740	22
741	20
742	4
743	33
744	4
745	5
746	13
747	13
748	13
749	0
750	32
751	33
752	5
753	5
754	4
755	11
756	4
757	15
758	25
759	14
760	9
761	17
762	29
763	15
764	6
765	32
766	17
767	3
768	15
769	35
770	3
771	0
772	5
773	5
774	16
775	30
776	2
777	30
778	27
779	3
780	4
781	4
782	30
783	0
784	9
785	25
786	20
787	6
788	27
789	33
790	11
791	33
792	33
793	35
794	4
795	9
796	0
797	23
798	27
799	13
800	23
801	27
802	6
803	1
804	16
805	5
806	17
807	27
808	6
809	18
810	13
811	2
812	25
813	4
814	10
815	18
816	29
817	15
818	4
819	22
820	1
821	17
822	2
823	13
824	35
825	10
826	20
827	9
828	9
829	6
830	27
831	1
832	17
833	30
834	29
835	9
836	25
837	0
838	22
839	0
840	1
841	14
842	3
843	22
844	4
845	0
846	22
847	23
848	35
849	14
850	15
851	1
852	2
853	3
854	11
855	1
856	4
857	1
858	1
859	22
860	0
861	17
862	1
863	14
864	1
865	23
866	13
867	4
868	2
869	5
870	13
871	18
872	33
873	10
874	17
875	4
876	30
877	29
878	5
879	14
880	6
881	22
882	35
883	30
884	22
885	33
886	17
887	23
888	22
889	15
890	11
891	6
892	16
893	10
894	9
895	14
896	6
897	35
898	11
899	0
900	1
901	15
902	6
903	9
904	4
905	20
906	10
907	17
908	10
909	9
910	20
911	9
912	9
913	15
914	22
915	17
916	33
917	4
918	4
919	33
920	13
921	5
922	9
923	11
924	22
925	5
926	16
927	17
928	15
929	11
930	5
931	4
932	30
933	20
934	15
935	4
936	18
937	22
938	15
939	13
940	13
941	33
942	4
943	18
944	22
945	15
946	30
947	30
948	15
949	22
950	4
951	17
952	17
953	20
954	5
955	5
956	15
957	33
958	20
959	4
960	13
961	22
962	0
963	13
964	15
965	30
966	0
967	17
968	15
969	6
970	5
971	20
972	10
973	17
974	11
975	6
976	5
977	0
978	11
979	6
980	33
981	5
982	15
983	6
984	20
985	30
986	9
987	13
988	17
989	10
990	9
991	30
992	15
993	10
994	0
995	10
996	1
997	13
998	15
999	33
1000	30
