1	80
2	36
3	13
4	31
5	18
6	16
7	82
8	37
9	56
10	25
11	14
12	27
13	84
14	28
15	28
16	86
17	72
18	3
19	68
20	63
21	51
22	24
23	27
24	61
25	5
26	32
27	46
28	1
29	24
30	22
31	78
32	26
33	24
34	73
35	19
36	8
37	77
38	60
39	5
40	23
41	2
42	55
43	70
44	29
45	53
46	3
47	8
48	11
49	6
50	3
51	11
52	12
53	21
54	82
55	25
56	26
57	44
58	87
59	26
60	67
61	45
62	37
63	18
64	29
65	30
66	68
67	79
68	27
69	5
70	56
71	82
72	54
73	7
74	85
75	31
76	13
77	61
78	68
79	85
80	71
81	21
82	85
83	23
84	55
85	73
86	84
87	84
88	7
89	81
90	29
91	27
92	69
93	10
94	4
95	36
96	51
97	61
98	63
99	71
100	23
101	11
102	72
103	82
104	65
105	41
106	57
107	48
108	83
109	27
110	31
111	65
112	87
113	33
114	27
115	13
116	74
117	36
118	63
119	14
120	29
121	59
122	21
123	19
124	0
125	88
126	3
127	77
128	55
129	0
130	52
131	82
132	56
133	6
134	50
135	47
136	58
137	85
138	79
139	11
140	45
141	26
142	76
143	9
144	78
145	67
146	70
147	56
148	27
149	65
150	80
151	14
152	8
153	13
154	72
155	48
156	70
157	81
158	58
159	66
160	67
161	1
162	75
163	80
164	73
165	35
166	37
167	15
168	25
169	54
170	86
171	27
172	18
173	69
174	32
175	75
176	37
177	76
178	2
179	12
180	17
181	49
182	7
183	78
184	48
185	50
186	38
187	77
188	63
189	3
190	18
191	5
192	77
193	3
194	78
195	58
196	66
197	27
198	56
199	11
200	87
201	88
202	32
203	18
204	9
205	35
206	32
207	74
208	12
209	47
210	70
211	72
212	36
213	1
214	3
215	75
216	6
217	40
218	76
219	76
220	44
221	23
222	3
223	25
224	83
225	27
226	13
227	58
228	64
229	2
230	81
231	28
232	23
233	8
234	66
235	46
236	37
237	80
238	62
239	77
240	53
241	73
242	17
243	47
244	10
245	22
246	71
247	33
248	81
249	5
250	52
251	79
252	6
253	31
254	38
255	17
256	5
257	45
258	67
259	83
260	24
261	61
262	10
263	21
264	88
265	12
266	17
267	42
268	3
269	88
270	37
271	85
272	86
273	83
274	59
275	33
276	0
277	31
278	21
279	59
280	25
281	40
282	27
283	50
284	52
285	64
286	5
287	12
288	46
289	59
290	57
291	85
292	14
293	50
294	7
295	76
296	43
297	79
298	68
299	59
300	58
301	75
302	72
303	53
304	49
305	29
306	81
307	74
308	67
309	50
310	34
311	68
312	2
313	35
314	87
315	27
316	77
317	76
318	54
319	53
320	36
321	41
322	33
323	75
324	60
325	58
326	36
327	66
328	34
329	80
330	23
331	21
332	49
333	15
334	42
335	34
336	30
337	64
338	55
339	3
340	21
341	3
342	44
343	5
344	30
345	48
346	83
347	15
348	69
349	36
350	27
351	4
352	28
353	9
354	60
355	8
356	23
357	35
358	66
359	74
360	30
361	34
362	46
363	22
364	43
365	37
366	84
367	71
368	57
369	0
370	12
371	66
372	35
373	40
374	20
375	78
376	35
377	75
378	16
379	40
380	29
381	18
382	0
383	64
384	27
385	65
386	62
387	57
388	4
389	44
390	47
391	19
392	41
393	43
394	52
395	84
396	12
397	82
398	71
399	74
400	31
401	19
402	21
403	86
404	42
405	44
406	60
407	35
408	15
409	19
410	54
411	45
412	16
413	54
414	74
415	7
416	88
417	29
418	29
419	61
420	50
421	35
422	73
423	42
424	5
425	23
426	80
427	13
428	5
429	54
430	24
431	65
432	3
433	15
434	45
435	8
436	5
437	9
438	36
439	54
440	69
441	82
442	26
443	36
444	1
445	70
446	7
447	63
448	33
449	54
450	43
451	51
452	31
453	28
454	82
455	35
456	33
457	78
458	84
459	68
460	49
461	70
462	52
463	86
464	16
465	5
466	44
467	8
468	64
469	43
470	25
471	0
472	27
473	77
474	60
475	63
476	42
477	67
478	70
479	12
480	7
481	19
482	71
483	83
484	43
485	87
486	23
487	2
488	41
489	51
490	33
491	79
492	24
493	38
494	11
495	48
496	1
497	61
498	87
499	12
500	34
501	36
502	17
503	45
504	38
505	72
506	46
507	40
508	86
509	78
510	19
511	73
512	34
513	20
514	22
515	59
516	41
517	5
518	5
519	82
520	27
521	65
522	62
523	41
524	58
525	5
526	57
527	34
528	38
529	4
530	44
531	69
532	62
533	25
534	14
535	33
536	34
537	24
538	49
539	69
540	6
541	46
542	49
543	6
544	28
545	64
546	16
547	76
548	0
549	72
550	10
551	34
552	9
553	23
554	40
555	59
556	75
557	11
558	0
559	82
560	61
561	38
562	16
563	33
564	77
565	41
566	55
567	57
568	17
569	60
570	19
571	53
572	9
573	40
574	75
575	84
576	34
577	21
578	55
579	37
580	12
581	69
582	49
583	7
584	4
585	78
586	2
587	30
588	16
589	10
590	21
591	2
592	81
593	25
594	54
595	27
596	46
597	20
598	73
599	52
600	26
601	56
602	66
603	57
604	64
605	42
606	53
607	1
608	79
609	75
610	9
611	29
612	13
613	75
614	40
615	48
616	6
617	2
618	27
619	42
620	4
621	75
622	62
623	47
624	28
625	36
626	36
627	46
628	8
629	65
630	38
631	70
632	49
633	26
634	46
635	29
636	22
637	45
638	6
639	55
640	43
641	37
642	27
643	14
644	35
645	43
646	45
647	16
648	63
649	32
650	5
651	35
652	77
653	38
654	27
655	42
656	81
657	48
658	40
659	4
660	75
661	4
662	46
663	29
664	0
665	47
666	52
667	61
668	86
669	8
670	16
671	53
672	4
673	36
674	30
675	76
676	15
677	79
678	57
679	52
680	50
681	86
682	47
683	30
684	51
685	17
686	8
687	3
688	72
689	69
690	1
691	22
692	22
693	34
694	82
695	18
696	82
697	69
698	6
699	40
700	26
701	50
702	34
703	19
704	4
705	50
706	79
707	42
708	0
709	15
710	34
711	69
712	12
713	77
714	24
715	30
716	24
717	13
718	8
719	25
720	9
721	10
722	73
723	46
724	28
725	27
726	29
727	89
728	20
729	16
730	20
731	24
732	63
733	4
734	20
735	17
736	80
737	46
738	53
739	13
740	47
741	81
742	29
743	16
744	87
745	51
746	12
747	80
748	87
749	28
750	24
751	1
752	17
753	56
754	14
755	10
756	51
757	57
758	31
759	28
760	13
761	65
762	43
763	20
764	56
765	5
766	13
767	77
768	1
769	28
770	1
771	62
772	30
773	10
774	34
775	51
776	41
777	25
778	33
779	14
780	3
781	46
782	28
783	40
784	32
785	34
786	13
787	11
788	31
789	29
790	44
791	65
792	6
793	7
794	31
795	46
796	62
797	27
798	56
799	4
800	0
801	24
802	20
803	45
804	34
805	53
806	0
807	64
808	18
809	33
810	20
811	24
812	33
813	31
814	44
815	0
816	20
817	21
818	0
819	46
820	17
821	45
822	51
823	36
824	21
825	23
826	33
827	31
828	69
829	45
830	51
831	64
832	9
833	8
834	6
835	24
836	46
837	20
838	89
839	45
840	78
841	13
842	6
843	4
844	32
845	21
846	15
847	36
848	15
849	62
850	3
851	80
852	46
853	15
854	45
855	42
856	5
857	18
858	2
859	2
860	29
861	32
862	32
863	45
864	45
865	27
866	5
867	25
868	4
869	53
870	44
871	78
872	10
873	56
874	33
875	9
876	53
877	33
878	28
879	11
880	27
881	4
882	7
883	19
884	89
885	6
886	9
887	6
888	89
889	39
890	17
891	89
892	29
893	20
894	45
895	51
896	46
897	25
898	8
899	82
900	69
901	7
902	39
903	21
904	10
905	14
906	45
907	14
908	88
909	3
910	88
911	8
912	5
913	27
914	36
915	17
916	39
917	57
918	10
919	6
920	34
921	27
922	15
923	1
924	32
925	82
926	36
927	88
928	39
929	77
930	21
931	12
932	21
933	15
934	4
935	46
936	17
937	11
938	23
939	18
940	89
941	19
942	6
943	6
944	28
945	53
946	13
947	29
948	88
949	88
950	27
951	39
952	8
953	17
954	8
955	32
956	3
957	36
958	88
959	5
960	19
961	51
962	5
963	36
964	24
965	88
966	40
967	8
968	51
969	17
970	12
971	19
972	12
973	8
974	0
975	11
976	8
977	27
978	13
979	6
980	89
981	33
982	18
983	13
984	18
985	11
986	12
987	13
988	46
989	29
990	29
991	18
992	11
993	53
994	88
995	19
996	19
997	13
998	27
999	32
1000	32
