1	13 
2	10 
3	40 
4	33 
5	42 
6	2 
7	36 
8	24 
9	10 
10	12 
11	40 
12	7 
13	10 
14	1 
15	24 
16	42 
17	10 
18	34 
19	2 
20	4 
21	7 
22	15 
23	4 
24	42 
25	25 
26	31 
27	24 
28	35 
29	37 
30	10 
31	10 
32	9 
33	6 
34	9 
35	42 
36	36 
37	3 
38	32 
39	29 
40	29 
41	9 
42	20 
43	12 
44	21 
45	43 
46	14 
47	15 
48	37 
49	19 
50	23 
51	27 
52	6 
53	35 
54	34 
55	15 
56	15 
57	2 
58	30 
59	38 
60	15 
61	28 
62	31 
63	31 
64	3 
65	38 
66	39 
67	13 
68	36 
69	14 
70	22 
71	39 
72	4 
73	44 
74	24 
75	42 
76	43 
77	31 
78	13 
79	13 
80	38 
81	18 
82	19 
83	24 
84	28 
85	36 
86	25 
87	39 
88	14 
89	7 
90	1 
91	19 
92	12 
93	24 
94	15 
95	19 
96	35 
97	42 
98	35 
99	21 
100	21 
101	34 
102	6 
103	14 
104	18 
105	38 
106	20 
107	38 
108	27 
109	10 
110	13 
111	17 
112	4 
113	22 
114	29 
115	35 
116	39 
117	30 
118	25 
119	37 
120	10 
121	25 
122	10 
123	5 
124	7 
125	44 
126	35 
127	25 
128	32 
129	24 
130	11 
131	14 
132	31 
133	33 
134	6 
135	1 
136	26 
137	21 
138	43 
139	11 
140	32 
141	1 
142	6 
143	37 
144	24 
145	37 
146	3 
147	25 
148	36 
149	17 
150	1 
151	5 
152	25 
153	13 
154	1 
155	40 
156	19 
157	23 
158	41 
159	38 
160	23 
161	27 
162	13 
163	20 
164	38 
165	31 
166	18 
167	14 
168	26 
169	13 
170	42 
171	35 
172	25 
173	3 
174	26 
175	34 
176	23 
177	30 
178	39 
179	27 
180	8 
181	37 
182	28 
183	16 
184	7 
185	24 
186	24 
187	38 
188	19 
189	25 
190	34 
191	40 
192	40 
193	34 
194	5 
195	6 
196	17 
197	26 
198	26 
199	17 
200	14 
201	40 
202	42 
203	38 
204	13 
205	21 
206	4 
207	11 
208	24 
209	14 
210	44 
211	43 
212	38 
213	10 
214	41 
215	26 
216	1 
217	12 
218	33 
219	10 
220	38 
221	35 
222	24 
223	20 
224	22 
225	5 
226	32 
227	38 
228	15 
229	28 
230	18 
231	26 
232	41 
233	42 
234	8 
235	10 
236	25 
237	13 
238	31 
239	14 
240	43 
241	15 
242	12 
243	28 
244	44 
245	18 
246	42 
247	23 
248	2 
249	8 
250	11 
251	26 
252	32 
253	12 
254	24 
255	15 
256	21 
257	29 
258	10 
259	26 
260	42 
261	25 
262	18 
263	26 
264	10 
265	37 
266	40 
267	25 
268	36 
269	38 
270	31 
271	4 
272	42 
273	1 
274	33 
275	22 
276	28 
277	8 
278	37 
279	12 
280	6 
281	2 
282	10 
283	24 
284	17 
285	8 
286	5 
287	6 
288	31 
289	25 
290	44 
291	42 
292	24 
293	33 
294	42 
295	9 
296	42 
297	26 
298	1 
299	44 
300	25 
301	22 
302	38 
303	5 
304	35 
305	14 
306	21 
307	28 
308	9 
309	21 
310	2 
311	13 
312	37 
313	35 
314	19 
315	10 
316	33 
317	32 
318	14 
319	7 
320	21 
321	44 
322	1 
323	27 
324	41 
325	35 
326	20 
327	37 
328	21 
329	27 
330	33 
331	40 
332	35 
333	18 
334	8 
335	6 
336	41 
337	33 
338	36 
339	26 
340	10 
341	40 
342	13 
343	41 
344	13 
345	4 
346	25 
347	24 
348	24 
349	28 
350	33 
351	40 
352	34 
353	39 
354	10 
355	8 
356	40 
357	24 
358	12 
359	1 
360	30 
361	25 
362	20 
363	35 
364	42 
365	22 
366	19 
367	37 
368	37 
369	28 
370	6 
371	36 
372	24 
373	14 
374	40 
375	26 
376	21 
377	37 
378	15 
379	26 
380	10 
381	35 
382	7 
383	17 
384	43 
385	12 
386	32 
387	6 
388	28 
389	9 
390	17 
391	3 
392	29 
393	24 
394	14 
395	25 
396	30 
397	20 
398	22 
399	21 
400	40 
401	13 
402	34 
403	8 
404	10 
405	34 
406	4 
407	4 
408	44 
409	39 
410	10 
411	13 
412	9 
413	35 
414	38 
415	10 
416	18 
417	21 
418	37 
419	38 
420	16 
421	19 
422	5 
423	40 
424	2 
425	31 
426	21 
427	8 
428	20 
429	44 
430	11 
431	31 
432	3 
433	19 
434	40 
435	3 
436	34 
437	24 
438	11 
439	7 
440	33 
441	27 
442	5 
443	28 
444	1 
445	26 
446	16 
447	1 
448	14 
449	17 
450	14 
451	26 
452	32 
453	41 
454	38 
455	14 
456	37 
457	9 
458	5 
459	26 
460	17 
461	38 
462	16 
463	33 
464	16 
465	1 
466	13 
467	7 
468	31 
469	38 
470	7 
471	7 
472	35 
473	35 
474	23 
475	11 
476	38 
477	28 
478	42 
479	17 
480	23 
481	4 
482	12 
483	13 
484	21 
485	31 
486	41 
487	32 
488	16 
489	9 
490	33 
491	10 
492	3 
493	2 
494	8 
495	37 
496	4 
497	14 
498	33 
499	41 
500	20 
501	15 
502	8 
503	18 
504	29 
505	24 
506	12 
507	31 
508	5 
509	3 
510	38 
511	27 
512	7 
513	40 
514	6 
515	29 
516	16 
517	38 
518	3 
519	38 
520	21 
521	11 
522	43 
523	41 
524	38 
525	25 
526	13 
527	32 
528	1 
529	38 
530	34 
531	28 
532	10 
533	10 
534	22 
535	27 
536	22 
537	5 
538	38 
539	7 
540	8 
541	2 
542	2 
543	32 
544	36 
545	39 
546	39 
547	8 
548	40 
549	43 
550	38 
551	15 
552	37 
553	34 
554	5 
555	30 
556	28 
557	43 
558	27 
559	29 
560	42 
561	24 
562	44 
563	3 
564	27 
565	18 
566	33 
567	3 
568	39 
569	43 
570	23 
571	26 
572	30 
573	25 
574	36 
575	31 
576	25 
577	7 
578	35 
579	18 
580	44 
581	3 
582	42 
583	25 
584	25 
585	43 
586	25 
587	38 
588	1 
589	8 
590	7 
591	22 
592	41 
593	34 
594	7 
595	2 
596	5 
597	31 
598	12 
599	6 
600	22 
601	24 
602	11 
603	42 
604	10 
605	43 
606	24 
607	10 
608	18 
609	35 
610	10 
611	22 
612	11 
613	23 
614	41 
615	37 
616	14 
617	40 
618	36 
619	39 
620	4 
621	9 
622	40 
623	22 
624	40 
625	9 
626	2 
627	20 
628	15 
629	38 
630	4 
631	10 
632	37 
633	37 
634	30 
635	31 
636	11 
637	5 
638	25 
639	11 
640	26 
641	7 
642	41 
643	40 
644	17 
645	10 
646	26 
647	27 
648	41 
649	20 
650	10 
651	37 
652	12 
653	24 
654	29 
655	24 
656	42 
657	23 
658	15 
659	15 
660	40 
661	26 
662	10 
663	17 
664	2 
665	29 
666	14 
667	1 
668	16 
669	5 
670	30 
671	20 
672	33 
673	32 
674	18 
675	31 
676	10 
677	11 
678	42 
679	41 
680	16 
681	12 
682	21 
683	44 
684	37 
685	40 
686	24 
687	14 
688	28 
689	4 
690	25 
691	32 
692	12 
693	14 
694	42 
695	30 
696	38 
697	23 
698	33 
699	31 
700	41 
701	32 
702	7 
703	18 
704	42 
705	20 
706	4 
707	33 
708	16 
709	44 
710	26 
711	38 
712	27 
713	16 
714	8 
715	35 
716	10 
717	9 
718	28 
719	31 
720	37 
721	38 
722	12 
723	37 
724	5 
725	37 
726	28 
727	8 
728	7 
729	42 
730	25 
731	24 
732	30 
733	41 
734	3 
735	29 
736	27 
737	38 
738	30 
739	31 
740	30 
741	16 
742	1 
743	12 
744	15 
745	23 
746	15 
747	5 
748	40 
749	38 
750	8 
751	40 
752	37 
753	42 
754	24 
755	29 
756	26 
757	42 
758	29 
759	44 
760	9 
761	21 
762	25 
763	41 
764	40 
765	2 
766	27 
767	37 
768	1 
769	38 
770	26 
771	26 
772	16 
773	25 
774	23 
775	37 
776	32 
777	25 
778	9 
779	24 
780	27 
781	31 
782	42 
783	1 
784	42 
785	29 
786	42 
787	44 
788	9 
789	40 
790	37 
791	23 
792	40 
793	38 
794	42 
795	27 
796	25 
797	13 
798	31 
799	12 
800	29 
801	21 
802	23 
803	4 
804	4 
805	10 
806	42 
807	10 
808	42 
809	24 
810	24 
811	25 
812	20 
813	5 
814	38 
815	26 
816	16 
817	16 
818	33 
819	2 
820	10 
821	32 
822	44 
823	26 
824	7 
825	12 
826	24 
827	10 
828	41 
829	4 
830	24 
831	27 
832	28 
833	2 
834	41 
835	20 
836	32 
837	1 
838	2 
839	41 
840	28 
841	38 
842	20 
843	15 
844	1 
845	25 
846	40 
847	10 
848	25 
849	2 
850	21 
851	38 
852	21 
853	20 
854	21 
855	16 
856	24 
857	24 
858	20 
859	24 
860	32 
861	38 
862	5 
863	16 
864	12 
865	26 
866	38 
867	7 
868	14 
869	4 
870	42 
871	32 
872	14 
873	38 
874	10 
875	24 
876	35 
877	24 
878	40 
879	10 
880	7 
881	31 
882	31 
883	27 
884	24 
885	38 
886	40 
887	15 
888	37 
889	38 
890	13 
891	38 
892	7 
893	14 
894	37 
895	24 
896	42 
897	42 
898	10 
899	13 
900	31 
901	38 
902	41 
903	25 
904	16 
905	13 
906	37 
907	14 
908	25 
909	12 
910	42 
911	13 
912	16 
913	40 
914	40 
915	13 
916	16 
917	26 
918	31 
919	42 
920	26 
921	1 
922	14 
923	16 
924	13 
925	14 
926	13 
927	10 
928	42 
929	10 
930	10 
931	38 
932	21 
933	26 
934	38 
935	1 
936	40 
937	14 
938	26 
939	10 
940	12 
941	21 
942	12 
943	37 
944	12 
945	40 
946	41 
947	1 
948	21 
949	40 
950	1 
951	24 
952	12 
953	24 
954	13 
955	37 
956	14 
957	24 
958	1 
959	14 
960	13 
961	37 
962	7 
963	10 
964	25 
965	31 
966	12 
967	21 
968	42 
969	21 
970	1 
971	12 
972	1 
973	10 
974	26 
975	25 
976	10 
977	24 
978	31 
979	40 
980	13 
981	25 
982	14 
983	13 
984	37 
985	42 
986	25 
987	24 
988	42 
989	31 
990	10 
991	37 
992	31 
993	31 
994	38 
995	25 
996	42 
997	24 
998	26 
999	38 
1000	21 
