1	59
1	87
1	132
1	176
1	212
1	563
2	15
2	22
2	60
2	156
2	179
2	779
3	575
3	722
3	802
3	826
3	862
3	899
4	98
4	124
4	154
4	170
4	218
4	799
5	53
5	107
5	158
5	167
5	184
5	456
6	23
6	44
6	55
6	91
6	165
6	192
7	615
7	650
7	680
7	718
7	744
7	928
8	803
8	805
8	808
8	819
8	831
8	845
9	13
9	203
9	214
9	319
9	417
9	469
10	814
10	841
10	877
10	890
10	897
10	903
11	25
11	159
11	222
11	357
11	386
11	438
12	82
12	147
12	182
12	209
12	277
12	659
13	9
13	125
13	141
13	214
13	417
13	469
14	280
14	306
14	430
14	490
14	498
14	513
15	2
15	22
15	60
15	156
15	179
15	753
16	20
16	121
16	151
16	286
16	361
16	441
17	100
17	409
17	533
17	572
17	629
17	782
18	200
18	280
18	430
18	498
18	499
18	548
19	43
19	108
19	130
19	135
19	171
19	688
20	16
20	151
20	286
20	361
20	372
20	441
21	149
21	803
21	805
21	819
21	831
21	845
22	2
22	15
22	60
22	156
22	179
22	707
23	6
23	44
23	55
23	165
23	192
23	279
24	97
24	173
24	230
24	282
24	292
24	940
25	11
25	31
25	134
25	386
25	438
25	691
26	237
26	383
26	521
26	550
26	614
26	641
27	56
27	84
27	127
27	139
27	152
27	473
28	419
28	503
28	508
28	701
28	801
28	834
29	71
29	86
29	95
29	183
29	310
29	317
30	278
30	337
30	677
30	734
30	761
30	815
31	25
31	134
31	159
31	222
31	386
31	438
32	606
32	725
32	733
32	738
32	753
32	783
33	217
33	220
33	342
33	398
33	428
33	583
34	889
34	947
34	948
34	952
34	976
34	991
35	201
35	243
35	281
35	448
35	491
35	544
36	62
36	75
36	129
36	136
36	265
36	267
37	456
37	507
37	516
37	600
37	643
37	690
38	117
38	172
38	283
38	602
38	654
38	660
39	368
39	387
39	395
39	423
39	518
39	569
40	229
40	391
40	616
40	630
40	632
40	637
41	418
41	639
41	731
41	800
41	812
41	839
42	150
42	308
42	379
42	384
42	399
42	801
43	19
43	108
43	130
43	135
43	171
43	834
44	6
44	23
44	55
44	165
44	192
44	489
45	241
45	400
45	461
45	468
45	506
45	776
46	414
46	520
46	673
46	678
46	709
46	901
47	172
47	182
47	474
47	602
47	654
47	660
48	494
48	731
48	768
48	782
48	828
48	853
49	436
49	517
49	541
49	543
49	580
49	683
50	639
50	658
50	742
50	800
50	812
50	839
51	162
51	178
51	376
51	426
51	545
51	651
52	76
52	115
52	272
52	274
52	380
52	402
53	5
53	107
53	158
53	167
53	184
53	949
54	254
54	585
54	595
54	712
54	730
54	780
55	6
55	23
55	44
55	157
55	165
55	192
56	27
56	84
56	127
56	139
56	152
56	960
57	503
57	627
57	701
57	710
57	801
57	834
58	256
58	299
58	302
58	311
58	610
58	775
59	1
59	87
59	132
59	176
59	212
59	923
60	2
60	15
60	22
60	156
60	179
60	294
61	354
61	599
61	604
61	635
61	743
61	854
62	36
62	75
62	129
62	265
62	267
62	939
63	540
63	590
63	724
63	726
63	760
63	771
64	820
64	856
64	880
64	891
64	922
64	946
65	266
65	319
65	320
65	412
65	573
65	649
66	840
66	914
66	933
66	935
66	985
66	993
67	785
67	817
67	848
67	863
67	937
67	942
68	901
68	907
68	924
68	943
68	951
68	974
69	522
69	788
69	792
69	810
69	818
69	824
70	790
70	867
70	923
70	929
70	980
70	992
71	29
71	95
71	183
71	310
71	317
71	341
72	606
72	725
72	733
72	738
72	753
72	783
73	106
73	161
73	246
73	290
73	324
73	421
74	224
74	593
74	609
74	610
74	613
74	679
75	36
75	62
75	129
75	136
75	265
75	267
76	52
76	163
76	272
76	380
76	402
76	657
77	81
77	111
77	196
77	248
77	275
77	780
78	188
78	225
78	587
78	591
78	636
78	695
79	667
79	719
79	793
79	794
79	816
79	823
80	621
80	650
80	680
80	718
80	744
80	755
81	77
81	111
81	145
81	196
81	248
81	275
82	12
82	105
82	147
82	209
82	277
82	1000
83	121
83	151
83	164
83	286
83	361
83	441
84	27
84	56
84	127
84	139
84	152
84	153
85	439
85	652
85	653
85	742
85	748
85	778
86	29
86	95
86	183
86	310
86	317
86	478
87	1
87	59
87	132
87	176
87	212
87	954
88	538
88	615
88	621
88	680
88	718
88	744
89	898
89	907
89	924
89	943
89	951
89	974
90	335
90	447
90	497
90	624
90	687
90	912
91	6
91	190
91	308
91	379
91	384
91	399
92	549
92	745
92	843
92	895
92	905
92	928
93	244
93	321
93	353
93	360
93	454
93	470
94	229
94	391
94	616
94	630
94	632
94	637
95	29
95	71
95	86
95	183
95	310
95	317
96	146
96	550
96	614
96	641
96	684
96	990
97	24
97	230
97	282
97	292
97	304
97	316
98	4
98	124
98	154
98	170
98	218
98	736
99	849
99	892
99	894
99	939
99	961
99	962
100	17
100	112
100	409
100	533
100	572
100	629
101	104
101	235
101	426
101	497
101	545
101	558
102	243
102	281
102	367
102	448
102	491
102	544
103	510
103	607
103	722
103	795
103	862
103	899
104	101
104	376
104	426
104	545
104	558
104	651
105	82
105	147
105	182
105	209
105	277
105	718
106	73
106	208
106	246
106	290
106	324
106	421
107	5
107	53
107	158
107	167
107	184
107	716
108	19
108	43
108	130
108	135
108	171
108	458
109	128
109	136
109	256
109	299
109	302
109	311
110	351
110	529
110	652
110	673
110	678
110	709
111	77
111	81
111	145
111	248
111	275
111	305
112	100
112	133
112	160
112	345
112	629
112	977
113	223
113	342
113	398
113	428
113	583
113	996
114	745
114	806
114	843
114	895
114	905
114	928
115	52
115	163
115	274
115	380
115	402
115	803
116	892
116	900
116	939
116	950
116	961
116	962
117	38
117	283
117	474
117	602
117	654
117	660
118	202
118	215
118	234
118	237
118	369
118	466
119	873
119	908
119	958
119	967
119	973
119	999
120	870
120	914
120	920
120	933
120	982
120	993
121	16
121	83
121	286
121	361
121	441
121	880
122	165
122	821
122	841
122	877
122	890
122	903
123	161
123	208
123	290
123	324
123	351
123	421
124	4
124	98
124	154
124	170
124	218
124	855
125	13
125	141
125	203
125	417
125	469
125	893
126	266
126	287
126	319
126	573
126	649
126	973
127	27
127	56
127	84
127	139
127	152
127	650
128	109
128	256
128	299
128	302
128	311
128	646
129	36
129	62
129	75
129	136
129	265
129	267
130	19
130	43
130	108
130	135
130	171
130	713
131	213
131	453
131	524
131	628
131	664
131	699
132	1
132	59
132	87
132	176
132	212
132	371
133	112
133	238
133	409
133	533
133	572
133	629
134	25
134	31
134	159
134	222
134	386
134	438
135	19
135	43
135	108
135	130
135	171
135	845
136	36
136	75
136	109
136	129
136	265
136	267
137	283
137	474
137	602
137	654
137	660
137	819
138	288
138	444
138	653
138	658
138	748
138	778
139	27
139	56
139	84
139	127
139	152
139	790
140	363
140	458
140	608
140	704
140	739
140	765
141	13
141	125
141	203
141	417
141	469
141	971
142	846
142	975
142	984
142	994
142	996
142	1000
143	763
143	923
143	926
143	929
143	940
143	992
144	149
144	338
144	339
144	357
144	377
144	397
145	81
145	111
145	196
145	248
145	275
145	983
146	96
146	521
146	550
146	614
146	641
146	684
147	12
147	82
147	105
147	182
147	209
147	277
148	590
148	613
148	724
148	726
148	747
148	760
149	21
149	144
149	300
149	357
149	377
149	397
150	42
150	190
150	308
150	379
150	384
150	399
151	16
151	20
151	83
151	286
151	361
151	441
152	27
152	56
152	84
152	127
152	139
152	362
153	84
153	293
153	395
153	423
153	518
153	569
154	4
154	98
154	124
154	170
154	218
154	660
155	210
155	269
155	507
155	600
155	643
155	694
156	2
156	15
156	22
156	60
156	179
156	424
157	55
157	661
157	676
157	720
157	759
157	771
158	5
158	53
158	107
158	167
158	184
158	884
159	11
159	31
159	134
159	222
159	386
159	438
160	112
160	345
160	533
160	572
160	629
160	924
161	73
161	123
161	208
161	246
161	290
161	422
162	51
162	178
162	235
162	376
162	651
162	912
163	76
163	115
163	272
163	274
163	380
163	402
164	83
164	493
164	527
164	536
164	537
164	588
165	6
165	23
165	44
165	55
165	122
165	192
166	594
166	666
166	677
166	734
166	761
166	815
167	5
167	53
167	107
167	158
167	184
167	766
168	315
168	352
168	464
168	486
168	502
168	996
169	244
169	360
169	403
169	454
169	470
169	703
170	4
170	98
170	124
170	154
170	218
170	917
171	19
171	43
171	108
171	130
171	135
171	487
172	38
172	47
172	474
172	602
172	654
172	660
173	24
173	230
173	282
173	304
173	316
173	955
174	796
174	945
174	956
174	968
174	979
174	995
175	444
175	633
175	652
175	653
175	748
175	778
176	1
176	59
176	87
176	132
176	212
176	481
177	382
177	503
177	504
177	701
177	801
177	834
178	51
178	162
178	376
178	545
178	558
178	651
179	2
179	15
179	22
179	60
179	156
179	952
180	291
180	297
180	309
180	347
180	603
180	921
181	425
181	500
181	605
181	711
181	770
181	815
182	12
182	47
182	105
182	147
182	209
182	277
183	29
183	71
183	86
183	95
183	310
183	317
184	5
184	53
184	107
184	158
184	167
184	492
185	366
185	712
185	730
185	740
185	769
185	780
186	287
186	319
186	320
186	412
186	649
186	824
187	635
187	873
187	908
187	957
187	973
187	999
188	78
188	355
188	512
188	584
188	636
188	695
189	724
189	781
189	832
189	902
189	909
189	911
190	91
190	150
190	379
190	384
190	399
190	806
191	948
191	955
191	964
191	967
191	976
191	991
192	6
192	23
192	44
192	55
192	165
192	823
193	383
193	814
193	821
193	841
193	890
193	903
194	354
194	418
194	489
194	604
194	635
194	743
195	696
195	706
195	768
195	805
195	828
195	853
196	77
196	81
196	145
196	248
196	275
196	368
197	330
197	485
197	525
197	538
197	551
197	554
198	215
198	234
198	237
198	369
198	466
198	855
199	521
199	835
199	921
199	931
199	960
199	987
200	18
200	957
200	958
200	967
200	973
200	999
201	35
201	228
201	281
201	367
201	491
201	544
202	118
202	215
202	234
202	237
202	369
202	466
203	9
203	125
203	141
203	214
203	417
203	469
204	763
204	827
204	892
204	900
204	961
204	962
205	313
205	475
205	662
205	693
205	751
205	784
206	320
206	405
206	482
206	483
206	511
206	557
207	482
207	779
207	817
207	848
207	937
207	942
208	106
208	123
208	161
208	246
208	290
208	421
209	12
209	82
209	105
209	147
209	182
209	277
210	155
210	456
210	507
210	600
210	643
210	690
211	340
211	592
211	926
211	929
211	980
211	992
212	1
212	59
212	87
212	132
212	176
212	745
213	131
213	406
213	564
213	664
213	699
213	959
214	9
214	13
214	203
214	417
214	469
214	988
215	118
215	198
215	202
215	234
215	369
215	466
216	509
216	896
216	930
216	945
216	956
216	979
217	33
217	223
217	342
217	398
217	428
217	583
218	4
218	98
218	124
218	154
218	170
218	985
219	388
219	433
219	464
219	486
219	502
219	566
219	848
220	33
220	223
220	342
220	398
220	428
220	583
220	616
221	258
221	365
221	731
221	742
221	800
221	812
221	839
222	11
222	31
222	134
222	159
222	298
222	386
222	438
223	113
223	217
223	220
223	342
223	398
223	428
223	583
224	74
224	325
224	373
224	408
224	593
224	609
224	622
225	78
225	355
225	449
225	512
225	587
225	591
225	695
226	489
226	530
226	582
226	599
226	604
226	743
226	774
227	284
227	404
227	443
227	517
227	541
227	543
227	580
228	201
228	243
228	281
228	367
228	448
228	491
228	544
229	40
229	94
229	329
229	616
229	630
229	632
229	637
230	24
230	97
230	173
230	282
230	292
230	304
230	316
231	246
231	918
231	977
231	986
231	988
231	990
231	997
232	900
232	927
232	938
232	945
232	956
232	968
232	979
233	318
233	390
233	447
233	496
233	497
233	526
233	687
234	118
234	198
234	202
234	215
234	237
234	369
234	466
235	101
235	162
235	376
235	426
235	545
235	558
235	651
236	524
236	915
236	932
236	986
236	988
236	990
236	997
237	26
237	118
237	198
237	202
237	234
237	369
237	466
238	133
238	270
238	392
238	562
238	592
238	625
238	665
239	263
239	306
239	383
239	521
239	550
239	641
239	684
240	505
240	579
240	605
240	682
240	764
240	770
240	858
241	45
241	432
241	619
241	710
241	750
241	776
241	852
242	269
242	456
242	507
242	516
242	600
242	643
242	690
243	35
243	102
243	228
243	367
243	448
243	491
243	830
244	93
244	169
244	353
244	374
244	403
244	454
244	470
245	250
245	279
245	291
245	347
245	479
245	603
245	679
246	73
246	106
246	161
246	208
246	231
246	324
246	421
247	837
247	838
247	861
247	874
247	879
247	882
247	884
248	77
248	81
248	111
248	145
248	196
248	275
248	552
249	729
249	870
249	920
249	982
249	983
249	985
249	993
250	245
250	279
250	291
250	336
250	479
250	490
250	603
251	799
251	866
251	906
251	910
251	965
251	989
251	993
252	697
252	849
252	855
252	900
252	939
252	961
252	962
253	645
253	706
253	757
253	782
253	791
253	828
253	853
254	54
254	683
254	916
254	949
254	994
254	996
254	1000
255	289
255	344
255	405
255	482
255	483
255	511
255	557
256	58
256	109
256	128
256	299
256	302
256	311
256	661
257	539
257	590
257	613
257	620
257	724
257	726
257	760
258	221
258	658
258	742
258	800
258	812
258	839
258	942
259	807
259	944
259	953
259	959
259	981
259	995
259	998
260	523
260	737
260	781
260	853
260	902
260	909
260	911
261	411
261	429
261	445
261	571
261	607
261	689
261	752
262	295
262	349
262	493
262	527
262	536
262	537
262	588
263	239
263	383
263	521
263	614
263	641
263	684
263	888
264	372
264	644
264	745
264	806
264	895
264	905
264	928
265	36
265	62
265	75
265	129
265	136
265	267
265	272
266	65
266	126
266	287
266	387
266	412
266	573
266	649
267	36
267	62
267	75
267	129
267	136
267	265
267	887
268	322
268	465
268	647
268	671
268	723
268	784
268	797
269	155
269	242
269	456
269	516
269	600
269	690
269	691
270	238
270	392
270	487
270	555
270	562
270	578
270	665
271	472
271	923
271	926
271	929
271	940
271	980
271	992
272	52
272	76
272	163
272	265
272	274
272	380
272	402
273	496
273	581
273	779
273	848
273	863
273	937
273	942
274	52
274	115
274	163
274	272
274	380
274	402
274	861
275	77
275	81
275	111
275	145
275	196
275	248
275	517
276	332
276	336
276	618
276	661
276	676
276	759
276	771
277	12
277	82
277	105
277	147
277	182
277	209
277	961
278	30
278	372
278	594
278	612
278	677
278	761
278	815
279	23
279	245
279	250
279	297
279	336
279	479
279	603
280	14
280	18
280	490
280	498
280	499
280	513
280	548
281	35
281	102
281	201
281	228
281	367
281	544
281	950
282	24
282	97
282	173
282	230
282	292
282	304
282	316
283	38
283	117
283	137
283	474
283	602
283	654
283	660
284	227
284	850
284	891
284	897
284	922
284	934
284	946
285	296
285	316
285	457
285	485
285	538
285	551
285	554
286	16
286	20
286	83
286	121
286	151
286	361
286	441
287	126
287	186
287	266
287	320
287	573
287	649
287	714
288	138
288	371
288	633
288	640
288	652
288	737
288	748
289	255
289	344
289	405
289	482
289	483
289	511
289	557
290	73
290	106
290	123
290	161
290	208
290	324
290	421
291	180
291	245
291	250
291	297
291	309
291	336
291	603
292	24
292	97
292	230
292	282
292	304
292	316
292	681
293	153
293	368
293	387
293	395
293	423
293	518
293	569
294	60
294	298
294	372
294	440
294	677
294	734
294	815
295	262
295	349
295	493
295	527
295	536
295	537
295	588
296	285
296	457
296	485
296	538
296	551
296	554
296	570
297	180
297	279
297	291
297	336
297	347
297	479
297	603
298	222
298	294
298	440
298	594
298	734
298	761
298	815
299	58
299	109
299	128
299	256
299	302
299	311
299	466
300	149
300	338
300	339
300	357
300	377
300	397
300	852
301	918
301	932
301	977
301	986
301	988
301	990
301	997
302	58
302	109
302	128
302	256
302	299
302	311
302	733
303	429
303	534
303	571
303	607
303	698
303	716
303	752
304	97
304	173
304	230
304	282
304	292
304	316
304	809
305	111
305	947
305	948
305	952
305	955
305	964
305	991
306	14
306	239
306	490
306	498
306	499
306	513
306	548
307	503
307	504
307	627
307	701
307	745
307	801
307	834
308	42
308	91
308	150
308	379
308	384
308	399
308	573
309	180
309	291
309	336
309	347
309	479
309	603
309	722
310	29
310	71
310	86
310	95
310	183
310	317
310	577
311	58
311	109
311	128
311	256
311	299
311	302
311	786
312	404
312	446
312	615
312	621
312	650
312	718
312	744
313	205
313	401
313	475
313	542
313	662
313	700
313	751
314	486
314	859
314	912
314	952
314	964
314	976
314	991
315	168
315	352
315	388
315	433
315	502
315	566
315	904
316	97
316	173
316	230
316	282
316	285
316	292
316	304
317	29
317	71
317	86
317	95
317	183
317	310
317	340
318	233
318	447
318	496
318	526
318	624
318	687
318	829
319	9
319	65
319	126
319	186
319	412
319	573
319	649
320	65
320	186
320	206
320	287
320	412
320	573
320	649
321	93
321	353
321	360
321	403
321	454
321	470
321	653
322	268
322	488
322	671
322	705
322	784
322	797
322	955
323	329
323	391
323	616
323	630
323	632
323	637
323	958
324	73
324	106
324	123
324	246
324	290
324	421
324	558
325	224
325	408
325	435
325	609
325	610
325	622
325	679
326	365
326	731
326	742
326	800
326	812
326	839
326	987
327	510
327	722
327	795
327	802
327	862
327	884
327	899
328	844
328	887
328	957
328	958
328	967
328	973
328	999
329	229
329	323
329	391
329	616
329	630
329	632
329	637
330	197
330	457
330	485
330	538
330	551
330	554
330	831
331	556
331	716
331	725
331	733
331	738
331	753
331	783
332	276
332	574
332	618
332	720
332	759
332	771
332	775
333	867
333	885
333	926
333	929
333	940
333	980
333	992
334	410
334	563
334	564
334	628
334	664
334	699
334	877
335	90
335	390
335	496
335	526
335	624
335	687
335	926
336	250
336	276
336	279
336	291
336	297
336	309
336	479
337	30
337	440
337	594
337	677
337	734
337	761
337	815
338	144
338	300
338	339
338	357
338	377
338	397
338	947
339	144
339	300
339	338
339	357
339	377
339	397
339	642
340	211
340	317
340	885
340	929
340	940
340	980
340	992
341	71
341	855
341	892
341	900
341	939
341	961
341	962
342	33
342	113
342	217
342	220
342	223
342	398
342	583
343	474
343	803
343	805
343	808
343	819
343	831
343	845
344	255
344	289
344	405
344	482
344	483
344	511
344	557
345	112
345	160
345	409
345	533
345	572
345	619
345	629
346	886
346	917
346	944
346	959
346	981
346	995
346	998
347	180
347	245
347	297
347	309
347	479
347	603
347	946
348	452
348	472
348	608
348	623
348	666
348	739
348	765
349	262
349	295
349	493
349	527
349	536
349	537
349	588
350	574
350	618
350	661
350	676
350	720
350	759
350	771
351	110
351	123
351	415
351	520
351	673
351	678
351	709
352	168
352	315
352	364
352	433
352	464
352	486
352	502
352	566
353	93
353	244
353	321
353	360
353	403
353	454
353	470
353	994
354	61
354	194
354	530
354	599
354	604
354	608
354	635
354	743
355	188
355	225
355	442
355	512
355	584
355	591
355	636
355	695
356	416
356	461
356	467
356	506
356	619
356	710
356	776
356	921
357	11
357	144
357	149
357	300
357	338
357	339
357	377
357	397
358	394
358	476
358	549
358	806
358	843
358	895
358	905
358	928
359	787
359	791
359	814
359	821
359	841
359	877
359	890
359	903
360	93
360	169
360	321
360	353
360	403
360	454
360	470
360	968
361	16
361	20
361	83
361	121
361	151
361	286
361	441
361	998
362	152
362	546
362	737
362	856
362	878
362	902
362	909
362	911
363	140
363	452
363	608
363	623
363	666
363	704
363	739
363	765
364	352
364	737
364	832
364	856
364	878
364	902
364	909
364	911
365	221
365	326
365	427
365	658
365	731
365	800
365	812
365	839
366	185
366	522
366	577
366	585
366	595
366	740
366	769
366	780
367	102
367	201
367	228
367	243
367	281
367	448
367	491
367	544
368	39
368	196
368	293
368	387
368	395
368	423
368	518
368	569
369	118
369	198
369	202
369	215
369	234
369	237
369	466
369	501
370	789
370	844
370	871
370	887
370	908
370	957
370	967
370	999
371	132
371	288
371	444
371	633
371	640
371	652
371	653
371	778
372	20
372	264
372	278
372	294
372	594
372	734
372	761
372	815
373	224
373	408
373	435
373	593
373	610
373	622
373	679
373	799
374	244
374	522
374	595
374	712
374	730
374	740
374	769
374	780
375	392
375	477
375	478
375	487
375	555
375	592
375	625
375	665
376	51
376	104
376	162
376	178
376	235
376	545
376	558
376	651
377	144
377	149
377	300
377	338
377	339
377	357
377	397
377	741
378	693
378	837
378	854
378	861
378	874
378	879
378	882
378	884
379	42
379	91
379	150
379	190
379	308
379	384
379	399
379	734
380	52
380	76
380	115
380	163
380	272
380	274
380	402
380	976
381	574
381	618
381	661
381	676
381	720
381	759
381	771
381	825
382	177
382	419
382	503
382	508
382	584
382	701
382	801
382	834
383	26
383	193
383	239
383	263
383	521
383	614
383	641
383	684
384	42
384	91
384	150
384	190
384	308
384	379
384	399
384	785
385	763
385	849
385	855
385	892
385	900
385	939
385	961
385	962
386	11
386	25
386	31
386	134
386	159
386	222
386	438
386	929
387	39
387	266
387	293
387	368
387	395
387	423
387	518
387	569
388	219
388	315
388	433
388	464
388	486
388	502
388	559
388	566
389	510
389	657
389	664
389	722
389	802
389	826
389	862
389	899
390	233
390	335
390	496
390	497
390	526
390	624
390	687
390	875
391	40
391	94
391	323
391	329
391	616
391	630
391	632
391	637
392	238
392	270
392	375
392	478
392	592
392	625
392	665
392	910
393	516
393	717
393	749
393	788
393	792
393	810
393	818
393	824
394	358
394	549
394	644
394	780
394	843
394	895
394	905
394	928
395	39
395	153
395	293
395	368
395	387
395	423
395	518
395	569
396	860
396	883
396	898
396	901
396	907
396	943
396	951
396	974
397	144
397	149
397	300
397	338
397	339
397	357
397	377
397	905
398	33
398	113
398	217
398	220
398	223
398	342
398	428
398	583
399	42
399	91
399	150
399	190
399	308
399	379
399	384
399	461
400	45
400	416
400	432
400	461
400	506
400	619
400	750
400	776
401	313
401	539
401	542
401	565
401	568
401	693
401	700
401	751
402	52
402	76
402	115
402	163
402	272
402	274
402	380
402	841
403	169
403	244
403	321
403	353
403	360
403	454
403	470
403	645
404	227
404	312
404	436
404	443
404	517
404	541
404	543
404	580
405	206
405	255
405	289
405	344
405	482
405	483
405	511
405	557
406	213
406	410
406	524
406	563
406	564
406	628
406	664
406	699
407	838
407	854
407	861
407	874
407	879
407	882
407	884
407	954
408	224
408	325
408	373
408	593
408	609
408	610
408	622
408	679
409	17
409	100
409	133
409	345
409	533
409	572
409	629
409	967
410	334
410	406
410	524
410	563
410	593
410	628
410	664
410	699
411	261
411	420
411	429
411	445
411	607
411	689
411	698
411	752
412	65
412	186
412	266
412	319
412	320
412	573
412	649
412	979
413	495
413	523
413	832
413	856
413	878
413	902
413	909
413	911
414	46
414	447
414	495
414	520
414	529
414	673
414	678
414	709
415	351
415	495
415	520
415	529
415	673
415	678
415	709
415	754
416	356
416	400
416	432
416	467
416	619
416	710
416	750
416	776
417	9
417	13
417	125
417	141
417	203
417	214
417	469
417	595
418	41
418	194
418	530
418	582
418	599
418	604
418	635
418	743
419	28
419	382
419	504
419	508
419	627
419	701
419	801
419	834
420	411
420	534
420	571
420	607
420	689
420	698
420	752
420	779
421	73
421	106
421	123
421	208
421	246
421	290
421	324
421	905
422	161
422	773
422	883
422	898
422	907
422	943
422	951
422	974
423	39
423	153
423	293
423	368
423	387
423	395
423	518
423	569
424	156
424	465
424	617
424	648
424	671
424	723
424	784
424	797
425	181
425	505
425	682
425	697
425	741
425	764
425	770
425	925
426	51
426	101
426	104
426	235
426	462
426	545
426	558
426	651
427	365
427	560
427	639
427	731
427	742
427	800
427	812
427	839
428	33
428	113
428	217
428	220
428	223
428	398
428	583
428	969
429	261
429	303
429	411
429	445
429	534
429	607
429	698
429	752
430	14
430	18
430	490
430	498
430	499
430	513
430	548
430	772
431	553
431	791
431	814
431	821
431	841
431	877
431	890
431	903
432	241
432	400
432	416
432	506
432	590
432	710
432	750
432	776
433	219
433	315
433	352
433	388
433	464
433	486
433	566
433	943
434	598
434	787
434	872
434	894
434	950
434	963
434	965
434	989
435	325
435	373
435	593
435	609
435	610
435	622
435	679
435	871
436	49
436	404
436	443
436	517
436	541
436	543
436	580
436	767
437	602
437	772
437	949
437	975
437	984
437	994
437	996
437	1000
438	11
438	25
438	31
438	134
438	159
438	222
438	386
438	843
439	85
439	444
439	633
439	640
439	652
439	719
439	748
439	778
440	294
440	298
440	337
440	480
440	677
440	734
440	761
440	815
441	16
441	20
441	83
441	121
441	151
441	286
441	361
441	854
442	355
442	512
442	584
442	587
442	591
442	636
442	695
442	752
443	227
443	404
443	436
443	517
443	541
443	543
443	580
443	907
444	138
444	175
444	371
444	439
444	633
444	640
444	748
444	778
445	261
445	411
445	429
445	571
445	689
445	698
445	752
445	866
446	312
446	615
446	621
446	650
446	675
446	680
446	718
446	744
447	90
447	233
447	318
447	414
447	497
447	526
447	624
447	687
448	35
448	102
448	228
448	243
448	367
448	491
448	544
448	765
449	225
449	657
449	725
449	795
449	802
449	826
449	862
449	899
450	615
450	708
450	817
450	829
450	848
450	863
450	937
450	942
451	820
451	880
451	891
451	893
451	897
451	922
451	934
451	946
452	348
452	363
452	623
452	666
452	704
452	739
452	765
452	928
453	131
453	581
453	785
453	829
453	848
453	863
453	937
453	942
454	93
454	169
454	244
454	321
454	353
454	360
454	403
454	470
455	764
455	835
455	876
455	913
455	960
455	972
455	978
455	987
456	5
456	37
456	210
456	242
456	269
456	516
456	643
456	690
457	285
457	296
457	330
457	485
457	538
457	551
457	554
457	598
458	108
458	140
458	472
458	623
458	666
458	704
458	739
458	765
459	574
459	851
459	914
459	933
459	982
459	983
459	985
459	993
460	790
460	853
460	867
460	885
460	923
460	940
460	980
460	992
461	45
461	356
461	399
461	400
461	619
461	710
461	750
461	776
462	426
462	570
462	888
462	913
462	921
462	972
462	978
462	987
463	849
463	855
463	892
463	900
463	939
463	958
463	961
463	962
464	168
464	219
464	352
464	388
464	433
464	486
464	502
464	566
465	268
465	424
465	617
465	648
465	705
465	723
465	784
465	797
466	118
466	198
466	202
466	215
466	234
466	237
466	299
466	369
467	356
467	416
467	506
467	619
467	710
467	739
467	750
467	776
468	45
468	732
468	917
468	944
468	953
468	981
468	995
468	998
469	9
469	13
469	125
469	141
469	203
469	214
469	417
469	871
470	93
470	169
470	244
470	321
470	353
470	360
470	403
470	454
470	972
471	494
471	696
471	706
471	757
471	768
471	782
471	828
471	853
471	902
472	271
472	348
472	458
472	608
472	623
472	666
472	704
472	739
472	765
473	27
473	912
473	947
473	948
473	952
473	955
473	964
473	976
473	991
474	47
474	117
474	137
474	172
474	283
474	343
474	602
474	654
474	660
475	205
475	313
475	542
475	565
475	662
475	693
475	700
475	751
475	953
476	358
476	495
476	644
476	675
476	756
476	806
476	843
476	895
476	928
477	375
477	480
477	540
477	590
477	613
477	620
477	724
477	726
477	760
478	86
478	375
478	392
478	487
478	555
478	562
478	592
478	625
478	665
479	245
479	250
479	279
479	297
479	309
479	336
479	347
479	603
479	984
480	440
480	477
480	540
480	590
480	613
480	620
480	724
480	726
480	760
481	176
481	915
481	918
481	936
481	977
481	986
481	988
481	990
481	997
482	206
482	207
482	255
482	289
482	344
482	405
482	483
482	511
482	557
483	206
483	255
483	289
483	344
483	405
483	482
483	511
483	557
483	938
484	609
484	703
484	774
484	803
484	805
484	808
484	819
484	831
484	845
485	197
485	285
485	296
485	330
485	457
485	538
485	551
485	554
485	856
486	168
486	219
486	314
486	352
486	388
486	433
486	464
486	502
486	566
487	171
487	270
487	375
487	478
487	555
487	562
487	592
487	625
487	665
488	322
488	505
488	647
488	648
488	671
488	705
488	723
488	784
488	797
489	44
489	194
489	226
489	530
489	582
489	599
489	604
489	635
489	743
490	14
490	250
490	280
490	306
490	430
490	498
490	499
490	513
490	548
491	35
491	102
491	201
491	228
491	243
491	367
491	448
491	544
491	911
492	184
492	811
492	919
492	925
492	954
492	966
492	969
492	970
492	971
493	164
493	262
493	295
493	349
493	527
493	536
493	537
493	588
493	614
494	48
494	471
494	696
494	757
494	768
494	782
494	820
494	828
494	853
495	413
495	414
495	415
495	476
495	520
495	529
495	673
495	678
495	709
496	233
496	273
496	318
496	335
496	390
496	497
496	526
496	624
496	687
497	90
497	101
497	233
497	390
497	447
497	496
497	526
497	624
497	687
498	14
498	18
498	280
498	306
498	430
498	490
498	499
498	513
498	548
499	18
499	280
499	306
499	430
499	490
499	498
499	507
499	513
499	548
500	181
500	505
500	579
500	682
500	711
500	741
500	764
500	770
500	979
501	369
501	729
501	881
501	914
501	933
501	982
501	983
501	985
501	993
502	168
502	219
502	315
502	352
502	388
502	464
502	486
502	566
502	686
503	28
503	57
503	177
503	307
503	382
503	504
503	627
503	801
503	834
504	177
504	307
504	419
504	503
504	508
504	627
504	801
504	834
504	846
505	240
505	425
505	488
505	500
505	697
505	711
505	741
505	764
505	770
506	45
506	356
506	400
506	432
506	467
506	710
506	750
506	765
506	776
507	37
507	155
507	210
507	242
507	499
507	516
507	600
507	643
507	690
508	28
508	382
508	419
508	504
508	620
508	627
508	701
508	801
508	834
509	216
509	737
509	781
509	832
509	856
509	878
509	902
509	909
509	911
510	103
510	327
510	389
510	519
510	750
510	802
510	826
510	862
510	899
511	206
511	255
511	289
511	344
511	405
511	482
511	483
511	515
511	557
512	188
512	225
512	355
512	442
512	584
512	587
512	591
512	636
512	695
513	14
513	280
513	306
513	430
513	490
513	498
513	499
513	548
513	730
514	669
514	860
514	883
514	898
514	901
514	907
514	924
514	951
514	974
515	511
515	708
515	779
515	785
515	817
515	829
515	863
515	937
515	942
516	37
516	242
516	269
516	393
516	456
516	507
516	600
516	643
516	690
517	49
517	227
517	275
517	404
517	436
517	443
517	541
517	543
517	580
518	39
518	153
518	293
518	368
518	387
518	395
518	423
518	569
518	882
519	510
519	575
519	657
519	795
519	802
519	826
519	862
519	899
519	957
520	46
520	351
520	414
520	415
520	495
520	529
520	673
520	678
520	709
521	26
521	146
521	199
521	239
521	263
521	383
521	550
521	614
521	684
522	69
522	366
522	374
522	577
522	585
522	712
522	730
522	740
522	769
523	260
523	413
523	638
523	832
523	856
523	878
523	902
523	909
523	911
524	131
524	236
524	406
524	410
524	563
524	564
524	628
524	664
524	699
525	197
525	915
525	918
525	932
525	977
525	986
525	988
525	990
525	997
526	233
526	318
526	335
526	390
526	447
526	496
526	497
526	624
526	687
527	164
527	262
527	295
527	349
527	493
527	536
527	537
527	588
527	774
528	645
528	662
528	696
528	706
528	757
528	768
528	782
528	828
528	853
529	110
529	414
529	415
529	495
529	520
529	673
529	678
529	709
529	980
530	226
530	354
530	418
530	489
530	547
530	582
530	604
530	635
530	743
531	606
531	686
531	716
531	725
531	733
531	738
531	753
531	783
532	551
532	567
532	773
532	883
532	907
532	924
532	943
532	951
532	974
533	17
533	100
533	133
533	160
533	345
533	409
533	572
533	629
533	795
534	303
534	420
534	429
534	571
534	607
534	689
534	698
534	752
534	904
535	763
535	849
535	855
535	892
535	900
535	919
535	939
535	961
535	962
536	164
536	262
536	295
536	349
536	493
536	527
536	537
536	588
536	695
537	164
537	262
537	295
537	349
537	493
537	527
537	536
537	580
537	588
538	88
538	197
538	285
538	296
538	330
538	457
538	485
538	551
538	554
539	257
539	401
539	542
539	565
539	568
539	662
539	693
539	700
539	751
540	63
540	477
540	480
540	613
540	620
540	724
540	726
540	760
540	946
541	49
541	227
541	404
541	436
541	443
541	517
541	543
541	580
541	807
542	313
542	401
542	475
542	539
542	568
542	662
542	693
542	700
542	751
543	49
543	227
543	404
543	436
543	443
543	517
543	541
543	580
543	938
544	35
544	102
544	201
544	228
544	281
544	367
544	448
544	491
544	702
545	51
545	101
545	104
545	178
545	235
545	376
545	426
545	558
545	651
546	362
546	781
546	832
546	856
546	878
546	902
546	909
546	911
546	945
547	530
547	915
547	918
547	936
547	977
547	986
547	988
547	990
547	997
548	18
548	280
548	306
548	430
548	490
548	498
548	499
548	513
548	944
549	92
549	358
549	394
549	675
549	756
549	843
549	895
549	905
549	928
550	26
550	96
550	146
550	239
550	521
550	614
550	641
550	681
550	684
551	197
551	285
551	296
551	330
551	457
551	485
551	532
551	538
551	554
552	248
552	850
552	880
552	891
552	893
552	897
552	922
552	934
552	946
553	431
553	842
553	865
553	917
553	944
553	959
553	981
553	995
553	998
554	197
554	285
554	296
554	330
554	457
554	485
554	538
554	551
554	881
555	270
555	375
555	478
555	487
555	562
555	592
555	625
555	665
555	690
556	331
556	807
556	830
556	842
556	886
556	953
556	981
556	995
556	998
557	206
557	255
557	289
557	344
557	405
557	482
557	483
557	511
557	994
558	101
558	104
558	178
558	235
558	324
558	376
558	426
558	545
558	651
559	388
559	813
559	871
559	887
559	957
559	958
559	967
559	973
559	999
560	427
560	851
560	860
560	933
560	935
560	982
560	983
560	985
560	993
561	865
561	886
561	944
561	953
561	956
561	959
561	981
561	995
561	998
562	238
562	270
562	478
562	487
562	555
562	592
562	625
562	665
562	873
563	1
563	334
563	406
563	410
563	524
563	564
563	628
563	664
563	699
564	213
564	334
564	406
564	524
564	563
564	628
564	664
564	699
564	727
565	401
565	475
565	539
565	568
565	662
565	693
565	700
565	751
565	961
566	219
566	315
566	352
566	388
566	433
566	464
566	486
566	502
566	684
567	532
567	860
567	883
567	898
567	901
567	924
567	937
567	951
567	974
568	401
568	539
568	542
568	565
568	662
568	693
568	700
568	751
568	833
569	39
569	153
569	293
569	368
569	387
569	395
569	423
569	518
569	575
570	296
570	462
570	638
570	888
570	921
570	931
570	972
570	978
570	987
571	261
571	303
571	420
571	445
571	534
571	689
571	698
571	715
571	752
572	17
572	100
572	133
572	160
572	345
572	409
572	533
572	629
572	878
573	65
573	126
573	266
573	287
573	308
573	319
573	320
573	412
573	649
574	332
574	350
574	381
574	459
574	661
574	676
574	720
574	759
574	771
575	3
575	519
575	569
575	722
575	795
575	802
575	826
575	862
575	899
576	847
576	896
576	927
576	930
576	938
576	945
576	956
576	968
576	979
577	310
577	366
577	522
577	595
577	712
577	730
577	740
577	769
577	780
578	270
578	728
578	850
578	880
578	893
578	897
578	922
578	934
578	946
579	240
579	500
579	605
579	682
579	697
579	711
579	741
579	764
579	770
580	49
580	227
580	404
580	436
580	443
580	517
580	537
580	541
580	543
581	273
581	453
581	785
581	817
581	829
581	848
581	863
581	937
581	942
582	226
582	418
582	489
582	530
582	599
582	604
582	635
582	699
582	743
583	33
583	113
583	217
583	220
583	223
583	342
583	398
583	428
583	963
584	188
584	355
584	382
584	442
584	512
584	587
584	591
584	636
584	695
585	54
585	366
585	522
585	712
585	730
585	740
585	769
585	780
585	951
586	795
586	847
586	927
586	930
586	938
586	945
586	956
586	968
586	979
587	78
587	225
587	442
587	512
587	584
587	591
587	636
587	640
587	695
588	164
588	262
588	295
588	349
588	493
588	527
588	536
588	537
588	778
589	796
589	822
589	857
589	916
589	941
589	975
589	984
589	994
589	996
589	1000
590	63
590	148
590	257
590	432
590	477
590	480
590	620
590	724
590	726
590	760
591	78
591	225
591	355
591	442
591	512
591	584
591	587
591	636
591	672
591	695
592	211
592	238
592	375
592	392
592	478
592	487
592	555
592	562
592	625
592	665
593	74
593	224
593	373
593	408
593	410
593	435
593	609
593	610
593	622
593	679
594	166
594	278
594	298
594	337
594	372
594	677
594	734
594	761
594	815
594	916
595	54
595	366
595	374
595	417
595	577
595	712
595	730
595	740
595	769
595	780
596	754
596	820
596	850
596	864
596	880
596	893
596	897
596	922
596	934
596	946
597	796
597	896
597	927
597	930
597	932
597	938
597	945
597	956
597	968
597	979
598	434
598	457
598	840
598	858
598	894
598	906
598	950
598	963
598	965
598	989
599	61
599	226
599	354
599	418
599	489
599	582
599	604
599	635
599	743
599	980
600	37
600	155
600	210
600	242
600	269
600	507
600	516
600	643
600	690
600	804
601	703
601	707
601	774
601	803
601	805
601	808
601	819
601	831
601	845
601	857
602	38
602	47
602	117
602	137
602	172
602	283
602	437
602	474
602	654
602	660
603	180
603	245
603	250
603	279
603	291
603	297
603	309
603	347
603	479
603	882
604	61
604	194
604	226
604	354
604	418
604	489
604	530
604	582
604	599
604	743
605	181
605	240
605	579
605	682
605	697
605	711
605	741
605	744
605	764
605	770
606	32
606	72
606	531
606	686
606	716
606	725
606	733
606	738
606	753
606	783
607	103
607	261
607	303
607	411
607	420
607	429
607	534
607	689
607	698
607	752
608	140
608	348
608	354
608	363
608	472
608	623
608	666
608	704
608	739
608	765
609	74
609	224
609	325
609	408
609	435
609	484
609	593
609	610
609	622
609	679
610	58
610	74
610	325
610	373
610	408
610	435
610	593
610	609
610	622
610	679
611	826
611	915
611	918
611	932
611	936
611	977
611	986
611	988
611	990
611	997
612	278
612	840
612	858
612	866
612	869
612	906
612	910
612	950
612	963
612	989
613	74
613	148
613	257
613	477
613	480
613	540
613	620
613	724
613	726
613	760
614	26
614	96
614	146
614	263
614	383
614	493
614	521
614	550
614	641
614	684
615	7
615	88
615	312
615	446
615	450
615	621
615	650
615	680
615	718
615	744
616	40
616	94
616	220
616	229
616	323
616	329
616	391
616	630
616	632
616	637
617	424
617	465
617	647
617	648
617	670
617	671
617	705
617	723
617	784
617	797
618	276
618	332
618	350
618	381
618	661
618	676
618	720
618	759
618	771
618	962
619	241
619	345
619	356
619	400
619	416
619	461
619	467
619	710
619	750
619	776
620	257
620	477
620	480
620	508
620	540
620	590
620	613
620	724
620	726
620	760
621	80
621	88
621	312
621	446
621	615
621	650
621	680
621	718
621	744
621	978
622	224
622	325
622	373
622	408
622	435
622	593
622	609
622	610
622	679
622	931
623	348
623	363
623	452
623	458
623	472
623	608
623	666
623	704
623	739
623	765
624	90
624	318
624	335
624	390
624	447
624	496
624	497
624	526
624	687
624	971
625	238
625	375
625	392
625	478
625	487
625	555
625	562
625	592
625	665
625	836
626	885
626	915
626	918
626	932
626	936
626	977
626	986
626	988
626	990
626	997
627	57
627	307
627	419
627	503
627	504
627	508
627	701
627	801
627	821
627	834
628	131
628	334
628	406
628	410
628	524
628	563
628	564
628	664
628	699
628	723
629	17
629	100
629	112
629	133
629	160
629	345
629	409
629	533
629	572
629	865
630	40
630	94
630	229
630	323
630	329
630	391
630	616
630	632
630	637
630	953
631	655
631	667
631	688
631	702
631	758
631	767
631	793
631	816
631	823
631	948
632	40
632	94
632	229
632	323
632	329
632	391
632	616
632	630
632	636
632	637
633	175
633	288
633	371
633	439
633	444
633	640
633	653
633	748
633	778
633	964
634	825
634	881
634	920
634	933
634	935
634	965
634	982
634	983
634	985
634	993
635	61
635	187
635	194
635	354
635	418
635	489
635	530
635	582
635	599
635	743
636	78
636	188
636	355
636	442
636	512
636	584
636	587
636	591
636	632
636	695
637	40
637	94
637	229
637	323
637	329
637	391
637	616
637	630
637	632
637	818
638	523
638	570
638	777
638	913
638	921
638	931
638	960
638	972
638	978
638	987
639	41
639	50
639	427
639	658
639	731
639	735
639	742
639	800
639	812
639	839
640	288
640	371
640	439
640	444
640	587
640	633
640	652
640	653
640	748
640	778
641	26
641	96
641	146
641	239
641	263
641	383
641	550
641	614
641	684
641	719
642	339
642	847
642	896
642	927
642	930
642	938
642	945
642	956
642	968
642	979
643	37
643	155
643	210
643	242
643	456
643	507
643	516
643	600
643	690
643	934
644	264
644	394
644	476
644	675
644	756
644	806
644	843
644	869
644	905
644	928
645	253
645	403
645	528
645	696
645	706
645	757
645	768
645	782
645	828
645	853
646	128
646	721
646	837
646	838
646	854
646	861
646	874
646	879
646	882
646	884
647	268
647	488
647	617
647	648
647	671
647	705
647	723
647	784
647	797
647	837
648	424
648	465
648	488
648	617
648	647
648	705
648	723
648	777
648	784
648	797
649	65
649	126
649	186
649	266
649	287
649	319
649	320
649	412
649	573
649	903
650	7
650	80
650	127
650	312
650	446
650	615
650	621
650	680
650	718
650	744
651	51
651	104
651	162
651	178
651	235
651	376
651	426
651	545
651	558
651	913
652	85
652	110
652	175
652	288
652	371
652	439
652	640
652	653
652	748
652	778
653	85
653	138
653	175
653	321
653	371
653	633
653	640
653	652
653	748
653	778
654	38
654	47
654	117
654	137
654	172
654	283
654	474
654	602
654	660
654	810
655	631
655	688
655	702
655	719
655	767
655	793
655	794
655	808
655	816
655	823
656	708
656	755
656	775
656	867
656	885
656	923
656	926
656	940
656	980
656	992
657	76
657	389
657	449
657	519
657	722
657	795
657	802
657	826
657	862
657	899
658	50
658	138
658	258
658	365
658	639
658	731
658	742
658	800
658	812
658	839
659	12
659	667
659	688
659	702
659	719
659	758
659	767
659	793
659	794
659	816
660	38
660	47
660	117
660	137
660	154
660	172
660	283
660	474
660	602
660	654
661	157
661	256
661	276
661	350
661	381
661	574
661	618
661	676
661	720
661	759
661	771
662	205
662	313
662	475
662	528
662	539
662	542
662	565
662	568
662	693
662	700
662	751
663	668
663	687
663	717
663	735
663	749
663	788
663	792
663	810
663	818
663	824
664	131
664	213
664	334
664	389
664	406
664	410
664	524
664	563
664	564
664	628
664	699
665	238
665	270
665	375
665	392
665	478
665	487
665	555
665	562
665	592
665	625
665	756
666	166
666	348
666	363
666	452
666	458
666	472
666	608
666	623
666	704
666	739
666	765
667	79
667	631
667	659
667	702
667	719
667	758
667	767
667	794
667	816
667	823
667	933
668	663
668	694
668	717
668	735
668	749
668	788
668	792
668	810
668	818
668	824
668	937
669	514
669	773
669	860
669	883
669	896
669	898
669	901
669	924
669	943
669	951
669	974
670	617
670	713
670	721
670	837
670	838
670	854
670	861
670	874
670	879
670	882
670	884
671	268
671	322
671	424
671	488
671	617
671	647
671	705
671	723
671	729
671	784
671	797
672	591
672	836
672	869
672	872
672	894
672	906
672	910
672	950
672	963
672	965
672	989
673	46
673	110
673	351
673	414
673	415
673	495
673	520
673	529
673	678
673	709
673	995
674	759
674	859
674	889
674	912
674	947
674	948
674	952
674	955
674	964
674	976
674	991
675	446
675	476
675	549
675	644
675	745
675	756
675	806
675	843
675	895
675	905
675	928
676	157
676	276
676	350
676	381
676	574
676	618
676	661
676	714
676	720
676	759
676	771
677	30
677	166
677	278
677	294
677	337
677	440
677	594
677	734
677	761
677	815
677	932
678	46
678	110
678	351
678	414
678	415
678	495
678	520
678	529
678	673
678	709
678	989
679	74
679	245
679	325
679	373
679	408
679	435
679	593
679	609
679	610
679	622
679	704
680	7
680	80
680	88
680	446
680	615
680	621
680	650
680	718
680	744
680	762
680	860
681	292
681	550
681	685
681	787
681	791
681	814
681	821
681	841
681	877
681	890
681	903
682	240
682	425
682	500
682	579
682	605
682	697
682	711
682	721
682	741
682	764
682	770
683	49
683	254
683	804
683	846
683	941
683	949
683	975
683	984
683	994
683	996
683	1000
684	96
684	146
684	239
684	263
684	383
684	521
684	550
684	566
684	614
684	641
684	824
685	681
685	787
685	791
685	814
685	821
685	841
685	877
685	890
685	903
685	976
686	502
686	531
686	606
686	716
686	725
686	733
686	738
686	753
686	783
687	90
687	233
687	318
687	335
687	390
687	447
687	496
687	497
687	526
687	624
687	663
688	19
688	631
688	655
688	659
688	702
688	758
688	767
688	793
688	794
688	816
688	823
689	261
689	411
689	420
689	445
689	534
689	571
689	607
689	698
689	752
689	939
689	942
690	37
690	210
690	242
690	269
690	456
690	507
690	516
690	555
690	600
690	643
690	789
691	25
691	269
691	835
691	876
691	888
691	913
691	931
691	960
691	972
691	978
691	987
692	817
692	859
692	889
692	912
692	947
692	948
692	952
692	955
692	964
692	976
692	991
693	205
693	378
693	401
693	475
693	539
693	542
693	565
693	568
693	662
693	700
693	751
694	155
694	668
694	717
694	735
694	749
694	788
694	792
694	810
694	818
694	824
694	865
695	78
695	188
695	225
695	355
695	442
695	512
695	536
695	584
695	587
695	591
695	636
696	195
696	471
696	494
696	528
696	645
696	713
696	757
696	768
696	782
696	828
696	853
697	252
697	425
697	505
697	579
697	605
697	682
697	711
697	741
697	764
697	770
697	966
698	303
698	411
698	420
698	429
698	445
698	534
698	571
698	607
698	689
698	752
698	801
699	131
699	213
699	334
699	406
699	410
699	524
699	563
699	564
699	582
699	628
699	664
700	313
700	401
700	475
700	539
700	542
700	565
700	568
700	662
700	693
700	749
700	751
701	28
701	57
701	177
701	307
701	382
701	419
701	508
701	627
701	801
701	834
701	992
702	544
702	631
702	655
702	659
702	667
702	688
702	758
702	793
702	794
702	816
702	823
703	169
703	484
703	601
703	707
703	774
703	803
703	805
703	808
703	819
703	831
703	845
704	140
704	363
704	452
704	458
704	472
704	608
704	623
704	666
704	679
704	739
704	765
705	322
705	465
705	488
705	617
705	647
705	648
705	671
705	723
705	784
705	797
705	978
706	195
706	253
706	471
706	528
706	645
706	757
706	768
706	782
706	828
706	853
706	862
707	22
707	601
707	703
707	774
707	803
707	805
707	808
707	819
707	831
707	845
707	930
708	450
708	515
708	656
708	779
708	785
708	817
708	829
708	848
708	863
708	937
708	942
709	46
709	110
709	351
709	414
709	415
709	495
709	520
709	529
709	673
709	678
709	1000
710	57
710	241
710	356
710	416
710	432
710	461
710	467
710	506
710	619
710	750
710	776
711	181
711	500
711	505
711	579
711	605
711	682
711	697
711	741
711	764
711	770
711	815
712	54
712	185
712	374
712	522
712	577
712	585
712	595
712	740
712	769
712	780
712	989
713	130
713	670
713	696
713	721
713	837
713	838
713	854
713	861
713	874
713	879
713	882
713	884
714	287
714	676
714	809
714	876
714	888
714	913
714	921
714	931
714	960
714	972
714	978
714	987
715	571
715	833
715	852
715	864
715	904
715	919
715	925
715	954
715	966
715	969
715	970
715	971
716	107
716	303
716	331
716	531
716	606
716	686
716	725
716	733
716	738
716	753
716	783
717	393
717	663
717	668
717	694
717	735
717	749
717	756
717	788
717	792
717	810
717	818
717	824
718	7
718	80
718	88
718	105
718	312
718	446
718	615
718	621
718	650
718	680
718	744
718	919
719	79
719	439
719	641
719	655
719	659
719	667
719	758
719	767
719	793
719	794
719	816
719	823
720	157
720	332
720	350
720	381
720	574
720	618
720	661
720	676
720	759
720	769
720	771
720	999
721	646
721	670
721	682
721	713
721	837
721	838
721	854
721	861
721	874
721	879
721	882
721	884
722	3
722	103
722	309
722	327
722	389
722	575
722	657
722	795
722	802
722	826
722	862
722	899
723	268
723	424
723	465
723	488
723	617
723	628
723	647
723	648
723	671
723	705
723	784
723	797
724	63
724	148
724	189
724	257
724	477
724	480
724	540
724	590
724	613
724	620
724	726
724	760
725	32
725	72
725	331
725	449
725	531
725	606
725	686
725	716
725	733
725	738
725	753
725	783
726	63
726	148
726	257
726	477
726	480
726	540
726	590
726	613
726	620
726	724
726	760
726	935
727	564
727	746
727	859
727	889
727	912
727	947
727	948
727	952
727	955
727	964
727	976
727	991
728	578
728	754
728	794
728	820
728	850
728	880
728	891
728	893
728	897
728	922
728	934
728	946
729	249
729	501
729	671
729	825
729	870
729	881
729	914
729	920
729	935
729	982
729	983
729	985
730	54
730	185
730	374
730	513
730	522
730	577
730	585
730	595
730	740
730	769
730	780
730	823
731	41
731	48
731	221
731	326
731	365
731	427
731	639
731	658
731	742
731	800
731	812
731	839
732	468
732	830
732	842
732	886
732	917
732	930
732	944
732	953
732	959
732	981
732	995
732	998
733	32
733	72
733	302
733	331
733	531
733	606
733	686
733	716
733	725
733	738
733	753
733	783
734	30
734	166
734	294
734	298
734	337
734	372
734	379
734	440
734	594
734	677
734	761
734	815
735	639
735	663
735	668
735	694
735	717
735	749
735	788
735	792
735	810
735	818
735	824
736	98
736	747
736	766
736	811
736	904
736	919
736	925
736	954
736	966
736	969
736	970
736	971
737	260
737	288
737	362
737	364
737	509
737	781
737	832
737	856
737	878
737	902
737	909
737	911
738	32
738	72
738	331
738	531
738	606
738	686
738	716
738	725
738	733
738	753
738	783
738	847
739	140
739	348
739	363
739	452
739	458
739	467
739	472
739	608
739	623
739	666
739	704
739	765
740	185
740	366
740	374
740	522
740	577
740	585
740	595
740	712
740	730
740	769
740	780
740	934
741	377
741	425
741	500
741	505
741	579
741	605
741	682
741	697
741	711
741	760
741	764
741	770
742	50
742	85
742	221
742	258
742	326
742	427
742	639
742	658
742	731
742	800
742	812
742	839
743	61
743	194
743	226
743	354
743	418
743	489
743	530
743	582
743	599
743	604
743	635
743	959
744	7
744	80
744	88
744	312
744	446
744	605
744	615
744	621
744	650
744	680
744	718
744	903
745	92
745	114
745	212
745	264
745	307
745	675
745	756
745	806
745	843
745	895
745	905
745	928
746	727
746	847
746	859
746	889
746	912
746	947
746	948
746	952
746	955
746	964
746	976
746	991
747	148
747	736
747	852
747	864
747	904
747	919
747	925
747	954
747	966
747	969
747	970
747	971
748	85
748	138
748	175
748	288
748	439
748	444
748	633
748	640
748	652
748	653
748	778
748	977
749	393
749	663
749	668
749	694
749	700
749	717
749	735
749	788
749	792
749	810
749	818
749	824
750	241
750	400
750	416
750	432
750	461
750	467
750	506
750	510
750	619
750	710
750	776
750	911
751	205
751	313
751	401
751	475
751	539
751	542
751	565
751	568
751	662
751	693
751	700
751	767
752	261
752	303
752	411
752	420
752	429
752	442
752	445
752	534
752	571
752	607
752	689
752	698
753	15
753	32
753	72
753	331
753	531
753	606
753	686
753	716
753	725
753	733
753	738
753	783
754	415
754	596
754	728
754	820
754	850
754	880
754	891
754	893
754	897
754	922
754	934
754	946
755	80
755	656
755	775
755	790
755	867
755	885
755	923
755	926
755	929
755	940
755	980
755	992
756	476
756	549
756	644
756	665
756	675
756	717
756	745
756	806
756	843
756	895
756	905
756	928
757	253
757	471
757	494
757	528
757	645
757	696
757	706
757	768
757	782
757	828
757	853
757	894
758	631
758	659
758	667
758	688
758	702
758	719
758	767
758	793
758	794
758	816
758	823
758	920
759	157
759	276
759	332
759	350
759	381
759	574
759	618
759	661
759	674
759	676
759	720
759	771
760	63
760	148
760	257
760	477
760	480
760	540
760	590
760	613
760	620
760	724
760	726
760	741
761	30
761	166
761	278
761	298
761	337
761	372
761	440
761	594
761	677
761	734
761	815
761	835
762	680
762	875
762	915
762	918
762	932
762	936
762	977
762	986
762	988
762	990
762	997
763	143
763	204
763	385
763	535
763	827
763	849
763	855
763	892
763	900
763	939
763	961
763	962
764	240
764	425
764	455
764	500
764	505
764	579
764	605
764	682
764	697
764	711
764	741
764	770
765	140
765	348
765	363
765	448
765	452
765	458
765	472
765	506
765	608
765	623
765	666
765	704
765	739
766	167
766	736
766	806
766	811
766	833
766	864
766	919
766	925
766	954
766	966
766	969
766	970
766	971
767	436
767	631
767	655
767	659
767	667
767	688
767	719
767	751
767	758
767	793
767	794
767	816
767	823
768	48
768	195
768	471
768	494
768	528
768	645
768	696
768	706
768	757
768	782
768	828
768	853
768	992
769	185
769	366
769	374
769	522
769	577
769	585
769	595
769	712
769	720
769	730
769	740
769	780
769	936
770	181
770	240
770	425
770	500
770	505
770	579
770	605
770	682
770	697
770	711
770	741
770	764
770	829
771	63
771	157
771	276
771	332
771	350
771	381
771	574
771	618
771	661
771	676
771	720
771	759
771	788
772	430
772	437
772	857
772	868
772	916
772	927
772	941
772	949
772	975
772	984
772	994
772	996
772	1000
773	422
773	532
773	669
773	860
773	883
773	898
773	901
773	907
773	924
773	943
773	951
773	968
773	974
774	226
774	484
774	527
774	601
774	703
774	707
774	803
774	805
774	808
774	819
774	831
774	845
775	58
775	332
775	656
775	755
775	790
775	867
775	885
775	923
775	926
775	929
775	940
775	980
775	992
776	45
776	241
776	356
776	400
776	416
776	432
776	461
776	467
776	506
776	619
776	710
776	750
776	931
777	638
777	648
777	809
777	835
777	876
777	888
777	913
777	921
777	931
777	960
777	972
777	978
777	987
778	85
778	138
778	175
778	371
778	439
778	444
778	588
778	633
778	640
778	652
778	653
778	748
778	965
779	2
779	207
779	273
779	420
779	515
779	708
779	785
779	817
779	829
779	848
779	863
779	937
779	942
780	54
780	77
780	185
780	366
780	374
780	394
780	577
780	585
780	595
780	712
780	730
780	740
780	769
781	189
781	260
781	509
781	546
781	737
781	810
781	832
781	856
781	878
781	891
781	902
781	909
781	911
782	17
782	48
782	253
782	471
782	494
782	528
782	645
782	696
782	706
782	757
782	768
782	828
782	853
783	32
783	72
783	331
783	531
783	606
783	686
783	716
783	725
783	733
783	738
783	753
783	926
783	983
784	205
784	268
784	322
784	424
784	465
784	488
784	617
784	647
784	648
784	671
784	705
784	723
784	797
785	67
785	384
785	453
785	515
785	581
785	708
785	779
785	817
785	829
785	848
785	863
785	937
785	942
786	311
786	789
786	813
786	844
786	871
786	873
786	887
786	908
786	957
786	958
786	967
786	973
786	999
787	359
787	434
787	681
787	685
787	791
787	814
787	821
787	841
787	877
787	890
787	903
788	69
788	393
788	663
788	668
788	694
788	717
788	735
788	749
788	771
788	792
788	810
788	818
788	824
789	370
789	690
789	786
789	844
789	871
789	873
789	874
789	887
789	908
789	957
789	958
789	973
789	999
790	70
790	139
790	460
790	755
790	775
790	867
790	885
790	923
790	926
790	929
790	940
790	980
790	992
791	253
791	359
791	431
791	681
791	685
791	787
791	814
791	821
791	841
791	877
791	890
791	903
792	69
792	393
792	663
792	668
792	694
792	717
792	735
792	749
792	788
792	810
792	818
792	824
792	973
793	79
793	631
793	655
793	659
793	688
793	702
793	719
793	758
793	767
793	794
793	816
793	823
793	924
794	79
794	655
794	659
794	667
794	688
794	702
794	719
794	728
794	758
794	767
794	793
794	816
794	823
795	103
795	327
795	449
795	519
795	533
795	575
795	586
795	657
795	722
795	802
795	826
795	862
795	899
796	174
796	589
796	597
796	798
796	847
796	896
796	927
796	930
796	938
796	945
796	956
796	968
796	979
797	268
797	322
797	424
797	465
797	488
797	617
797	647
797	648
797	671
797	705
797	723
797	784
797	872
798	796
798	847
798	896
798	927
798	930
798	938
798	945
798	956
798	968
798	979
798	991
799	4
799	251
799	373
799	836
799	840
799	858
799	866
799	869
799	872
799	894
799	950
799	965
799	989
800	41
800	50
800	221
800	258
800	326
800	365
800	427
800	639
800	658
800	731
800	742
800	812
800	839
800	876
801	28
801	42
801	57
801	177
801	307
801	382
801	419
801	503
801	504
801	508
801	627
801	698
801	701
801	834
802	3
802	327
802	389
802	449
802	510
802	519
802	575
802	657
802	722
802	795
802	826
802	862
802	896
802	899
803	8
803	21
803	115
803	343
803	484
803	601
803	703
803	707
803	774
803	805
803	808
803	819
803	831
803	845
804	600
804	683
804	822
804	846
804	857
804	868
804	916
804	941
804	949
804	975
804	984
804	994
804	996
804	1000
805	8
805	21
805	195
805	343
805	484
805	601
805	703
805	707
805	774
805	803
805	808
805	819
805	831
805	845
806	114
806	190
806	264
806	358
806	476
806	644
806	675
806	745
806	756
806	766
806	843
806	895
806	905
806	928
807	259
807	541
807	556
807	830
807	842
807	865
807	886
807	917
807	944
807	953
807	959
807	981
807	995
807	998
808	8
808	343
808	484
808	601
808	655
808	703
808	707
808	774
808	803
808	805
808	819
808	831
808	845
809	304
809	714
809	777
809	835
809	876
809	888
809	913
809	921
809	931
809	960
809	972
809	978
809	987
809	988
810	69
810	393
810	654
810	663
810	668
810	694
810	717
810	735
810	749
810	781
810	788
810	792
810	818
810	824
811	492
811	736
811	766
811	833
811	852
811	864
811	904
811	914
811	925
811	954
811	966
811	969
811	970
811	971
812	41
812	50
812	221
812	258
812	326
812	365
812	427
812	639
812	658
812	731
812	742
812	800
812	839
812	986
813	559
813	786
813	844
813	850
813	871
813	873
813	887
813	898
813	908
813	957
813	958
813	967
813	973
813	999
814	10
814	193
814	359
814	431
814	681
814	685
814	787
814	791
814	821
814	828
814	841
814	877
814	890
814	903
815	30
815	166
815	181
815	278
815	294
815	298
815	337
815	372
815	440
815	594
815	677
815	711
815	734
815	761
816	79
816	631
816	655
816	659
816	667
816	688
816	702
816	719
816	758
816	767
816	793
816	794
816	823
816	891
817	67
817	207
817	450
817	515
817	581
817	692
817	708
817	779
817	785
817	829
817	848
817	863
817	937
817	942
818	69
818	393
818	637
818	663
818	668
818	694
818	717
818	735
818	749
818	788
818	792
818	810
818	824
818	873
819	8
819	21
819	137
819	343
819	484
819	601
819	703
819	707
819	774
819	803
819	805
819	808
819	831
819	845
820	64
820	451
820	494
820	596
820	728
820	754
820	850
820	880
820	891
820	893
820	897
820	922
820	934
820	946
821	122
821	193
821	359
821	431
821	627
821	681
821	685
821	787
821	791
821	814
821	841
821	877
821	890
821	903
822	589
822	804
822	846
822	857
822	868
822	916
822	941
822	949
822	975
822	984
822	991
822	994
822	996
822	1000
823	79
823	192
823	631
823	655
823	667
823	688
823	702
823	719
823	730
823	758
823	767
823	793
823	794
823	816
824	69
824	186
824	393
824	663
824	668
824	684
824	694
824	717
824	735
824	749
824	788
824	792
824	810
824	818
825	381
825	634
825	729
825	851
825	870
825	881
825	914
825	920
825	933
825	935
825	982
825	983
825	985
825	993
826	3
826	389
826	449
826	510
826	519
826	575
826	611
826	657
826	722
826	795
826	802
826	862
826	870
826	899
827	204
827	763
827	849
827	855
827	892
827	899
827	900
827	920
827	939
827	961
827	962
827	981
828	48
828	195
828	253
828	471
828	494
828	528
828	645
828	696
828	706
828	757
828	768
828	782
828	814
828	853
829	318
829	450
829	453
829	515
829	581
829	708
829	770
829	779
829	785
829	817
829	848
829	863
829	937
829	942
830	243
830	556
830	732
830	807
830	842
830	865
830	886
830	917
830	944
830	953
830	959
830	981
830	995
830	998
831	8
831	21
831	330
831	343
831	484
831	601
831	703
831	707
831	774
831	803
831	805
831	808
831	819
831	845
832	189
832	364
832	413
832	509
832	523
832	546
832	737
832	781
832	856
832	867
832	878
832	902
832	909
832	911
833	568
833	715
833	766
833	811
833	852
833	864
833	904
833	919
833	925
833	954
833	966
833	969
833	970
833	971
834	28
834	43
834	57
834	177
834	307
834	382
834	419
834	503
834	504
834	508
834	627
834	701
834	801
834	923
835	199
835	455
835	691
835	761
835	777
835	809
835	888
835	913
835	921
835	931
835	960
835	972
835	978
835	987
836	625
836	672
836	799
836	840
836	858
836	866
836	869
836	906
836	910
836	917
836	950
836	963
836	965
836	989
837	247
837	378
837	646
837	647
837	670
837	713
837	721
837	838
837	854
837	861
837	874
837	879
837	882
837	884
838	247
838	407
838	646
838	670
838	713
838	721
838	837
838	854
838	861
838	874
838	879
838	882
838	884
838	969
839	41
839	50
839	221
839	258
839	326
839	365
839	427
839	639
839	658
839	731
839	742
839	800
839	812
839	986
840	66
840	598
840	612
840	799
840	836
840	866
840	872
840	881
840	894
840	906
840	910
840	950
840	963
840	965
840	989
841	10
841	122
841	193
841	359
841	402
841	431
841	681
841	685
841	787
841	791
841	814
841	821
841	877
841	890
841	903
842	553
842	556
842	732
842	807
842	830
842	865
842	886
842	917
842	944
842	947
842	953
842	959
842	981
842	995
842	998
843	92
843	114
843	358
843	394
843	438
843	476
843	549
843	644
843	675
843	745
843	756
843	806
843	895
843	905
843	928
844	328
844	370
844	786
844	789
844	813
844	871
844	873
844	887
844	908
844	957
844	958
844	967
844	973
844	990
844	999
845	8
845	21
845	135
845	343
845	484
845	601
845	703
845	707
845	774
845	803
845	805
845	808
845	819
845	831
845	975
846	142
846	504
846	683
846	804
846	822
846	857
846	868
846	916
846	941
846	949
846	975
846	984
846	994
846	996
846	1000
847	576
847	586
847	642
847	738
847	746
847	796
847	798
847	896
847	927
847	930
847	938
847	945
847	956
847	968
847	979
848	67
848	207
848	219
848	273
848	450
848	453
848	581
848	708
848	779
848	785
848	817
848	829
848	863
848	937
848	942
849	99
849	252
849	385
849	463
849	535
849	763
849	827
849	855
849	868
849	892
849	900
849	927
849	939
849	961
849	962
850	284
850	552
850	578
850	596
850	728
850	754
850	813
850	820
850	880
850	891
850	893
850	897
850	922
850	934
850	946
851	459
851	560
851	825
851	870
851	881
851	890
851	895
851	914
851	920
851	933
851	935
851	982
851	983
851	985
851	993
852	241
852	300
852	715
852	747
852	811
852	833
852	864
852	904
852	919
852	925
852	954
852	966
852	969
852	970
852	971
853	48
853	195
853	253
853	260
853	460
853	471
853	494
853	528
853	645
853	696
853	706
853	757
853	768
853	782
853	828
854	61
854	378
854	407
854	441
854	646
854	670
854	713
854	721
854	837
854	838
854	861
854	874
854	879
854	882
854	884
855	124
855	198
855	252
855	341
855	385
855	463
855	535
855	763
855	827
855	849
855	892
855	900
855	939
855	961
855	962
856	64
856	362
856	364
856	413
856	485
856	509
856	523
856	546
856	737
856	781
856	832
856	878
856	902
856	909
856	911
857	589
857	601
857	772
857	804
857	822
857	846
857	868
857	916
857	941
857	949
857	975
857	984
857	994
857	996
857	1000
858	240
858	598
858	612
858	799
858	836
858	866
858	869
858	872
858	894
858	906
858	910
858	950
858	963
858	965
858	989
859	314
859	674
859	692
859	727
859	746
859	889
859	912
859	913
859	947
859	948
859	952
859	955
859	964
859	976
859	991
860	396
860	514
860	560
860	567
860	669
860	680
860	773
860	883
860	898
860	901
860	907
860	924
860	943
860	951
860	974
861	247
861	274
861	378
861	407
861	646
861	670
861	713
861	721
861	837
861	838
861	854
861	874
861	879
861	882
861	884
862	3
862	103
862	327
862	389
862	449
862	510
862	519
862	575
862	657
862	706
862	722
862	795
862	802
862	826
862	899
863	67
863	273
863	450
863	453
863	515
863	581
863	708
863	779
863	785
863	817
863	829
863	848
863	916
863	937
863	942
864	596
864	715
864	747
864	766
864	811
864	833
864	852
864	904
864	919
864	925
864	954
864	966
864	969
864	970
864	971
865	553
865	561
865	629
865	694
865	807
865	830
865	842
865	886
865	917
865	944
865	953
865	959
865	981
865	995
865	998
866	251
866	445
866	612
866	799
866	836
866	840
866	858
866	869
866	872
866	894
866	910
866	950
866	963
866	965
866	989
867	70
867	333
867	460
867	656
867	755
867	775
867	790
867	832
867	885
867	923
867	926
867	929
867	940
867	980
867	992
868	772
868	804
868	822
868	846
868	849
868	857
868	883
868	916
868	941
868	949
868	975
868	984
868	994
868	996
868	1000
869	612
869	644
869	672
869	799
869	836
869	858
869	866
869	872
869	894
869	906
869	910
869	950
869	963
869	965
869	989
870	120
870	249
870	729
870	825
870	826
870	851
870	881
870	914
870	920
870	933
870	935
870	982
870	983
870	985
870	993
871	370
871	435
871	469
871	559
871	786
871	789
871	813
871	844
871	873
871	908
871	957
871	958
871	967
871	973
871	999
872	434
872	672
872	797
872	799
872	840
872	858
872	866
872	869
872	894
872	906
872	910
872	950
872	963
872	965
872	989
873	119
873	187
873	562
873	786
873	789
873	813
873	818
873	844
873	871
873	887
873	908
873	958
873	967
873	973
873	999
874	247
874	378
874	407
874	646
874	670
874	713
874	721
874	789
874	837
874	838
874	854
874	861
874	879
874	882
874	884
875	390
875	762
875	915
875	918
875	932
875	936
875	977
875	986
875	988
875	990
875	997
876	455
876	691
876	714
876	777
876	800
876	809
876	888
876	913
876	921
876	931
876	960
876	972
876	978
876	982
876	987
877	10
877	122
877	334
877	359
877	431
877	681
877	685
877	787
877	791
877	814
877	821
877	841
877	890
877	903
877	906
878	362
878	364
878	413
878	509
878	523
878	546
878	572
878	737
878	781
878	832
878	856
878	890
878	902
878	909
878	911
879	247
879	378
879	407
879	646
879	670
879	713
879	721
879	837
879	838
879	854
879	861
879	874
879	882
879	884
879	893
880	64
880	121
880	451
880	552
880	578
880	596
880	728
880	754
880	820
880	850
880	891
880	893
880	897
880	922
880	934
880	946
881	501
881	554
881	634
881	729
881	825
881	840
881	851
881	870
881	914
881	920
881	933
881	935
881	982
881	983
881	985
881	993
882	247
882	378
882	407
882	518
882	603
882	646
882	670
882	713
882	721
882	837
882	838
882	854
882	861
882	874
882	879
882	884
883	396
883	422
883	514
883	532
883	567
883	669
883	773
883	860
883	868
883	898
883	901
883	907
883	924
883	943
883	951
883	974
884	158
884	247
884	327
884	378
884	407
884	646
884	670
884	713
884	721
884	837
884	838
884	854
884	861
884	874
884	879
884	882
885	333
885	340
885	460
885	626
885	656
885	755
885	775
885	790
885	867
885	923
885	926
885	929
885	940
885	957
885	980
885	992
886	346
886	556
886	561
886	732
886	807
886	830
886	842
886	865
886	917
886	944
886	953
886	959
886	981
886	995
886	997
886	998
887	267
887	328
887	370
887	559
887	786
887	789
887	813
887	844
887	873
887	908
887	915
887	957
887	958
887	967
887	973
887	999
888	263
888	462
888	570
888	691
888	714
888	777
888	809
888	835
888	876
888	921
888	931
888	943
888	960
888	972
888	978
888	987
889	34
889	674
889	692
889	727
889	746
889	859
889	909
889	912
889	947
889	948
889	952
889	955
889	963
889	964
889	976
889	991
890	10
890	122
890	193
890	359
890	431
890	681
890	685
890	787
890	791
890	814
890	821
890	841
890	851
890	877
890	878
890	903
891	64
891	284
891	451
891	552
891	728
891	754
891	781
891	816
891	820
891	850
891	880
891	893
891	897
891	922
891	934
891	946
892	99
892	116
892	204
892	341
892	385
892	463
892	535
892	763
892	827
892	849
892	855
892	900
892	939
892	961
892	962
892	966
893	125
893	451
893	552
893	578
893	596
893	728
893	754
893	820
893	850
893	879
893	880
893	891
893	897
893	922
893	934
893	946
894	99
894	434
894	598
894	672
894	757
894	799
894	840
894	858
894	866
894	869
894	872
894	906
894	950
894	963
894	965
894	989
895	92
895	114
895	264
895	358
895	394
895	476
895	549
895	675
895	745
895	756
895	806
895	843
895	851
895	905
895	928
895	960
896	216
896	576
896	597
896	642
896	669
896	796
896	798
896	802
896	847
896	927
896	930
896	938
896	945
896	956
896	968
896	979
897	10
897	284
897	451
897	552
897	578
897	596
897	728
897	754
897	820
897	850
897	880
897	891
897	893
897	922
897	934
897	946
898	89
898	396
898	422
898	514
898	567
898	669
898	773
898	813
898	860
898	883
898	901
898	907
898	924
898	943
898	951
898	974
899	3
899	103
899	327
899	389
899	449
899	510
899	519
899	575
899	657
899	722
899	795
899	802
899	826
899	827
899	862
899	993
900	116
900	204
900	232
900	252
900	341
900	385
900	463
900	535
900	763
900	827
900	849
900	855
900	892
900	939
900	961
900	962
901	46
901	68
901	396
901	514
901	567
901	669
901	773
901	860
901	883
901	898
901	907
901	924
901	943
901	951
901	974
901	987
902	189
902	260
902	362
902	364
902	413
902	471
902	509
902	523
902	546
902	737
902	781
902	832
902	856
902	878
902	909
902	911
903	10
903	122
903	193
903	359
903	431
903	649
903	681
903	685
903	744
903	787
903	791
903	814
903	821
903	841
903	877
903	890
904	315
904	534
904	715
904	736
904	747
904	811
904	833
904	852
904	864
904	919
904	925
904	954
904	966
904	969
904	970
904	971
905	92
905	114
905	264
905	358
905	394
905	397
905	421
905	549
905	644
905	675
905	745
905	756
905	806
905	843
905	895
905	928
906	251
906	598
906	612
906	672
906	836
906	840
906	858
906	869
906	872
906	877
906	894
906	910
906	950
906	963
906	965
906	989
907	68
907	89
907	396
907	422
907	443
907	514
907	532
907	773
907	860
907	883
907	898
907	901
907	924
907	943
907	951
907	974
908	119
908	187
908	370
908	786
908	789
908	813
908	844
908	871
908	873
908	887
908	957
908	958
908	967
908	973
908	997
908	999
909	189
909	260
909	362
909	364
909	413
909	509
909	523
909	546
909	737
909	781
909	832
909	856
909	878
909	889
909	902
909	911
910	251
910	392
910	612
910	672
910	836
910	840
910	858
910	866
910	869
910	872
910	906
910	950
910	963
910	965
910	989
910	998
911	189
911	260
911	362
911	364
911	413
911	491
911	509
911	523
911	546
911	737
911	750
911	781
911	832
911	856
911	878
911	902
911	909
912	90
912	162
912	314
912	473
912	674
912	692
912	727
912	746
912	859
912	889
912	947
912	948
912	952
912	955
912	964
912	976
912	991
913	455
913	462
913	638
913	651
913	691
913	714
913	777
913	809
913	835
913	859
913	876
913	921
913	931
913	960
913	972
913	978
913	987
914	66
914	120
914	459
914	501
914	729
914	811
914	825
914	851
914	870
914	881
914	920
914	935
914	962
914	982
914	983
914	985
914	993
915	236
915	481
915	525
915	547
915	611
915	626
915	762
915	875
915	887
915	918
915	932
915	936
915	977
915	986
915	988
915	990
915	997
916	254
916	589
916	594
916	772
916	804
916	822
916	846
916	857
916	863
916	868
916	941
916	949
916	975
916	984
916	994
916	996
916	1000
917	170
917	346
917	468
917	553
917	732
917	807
917	830
917	836
917	842
917	865
917	886
917	944
917	953
917	959
917	981
917	995
917	998
918	231
918	301
918	481
918	525
918	547
918	611
918	626
918	762
918	875
918	915
918	932
918	936
918	977
918	986
918	988
918	990
918	997
919	492
919	535
919	715
919	718
919	736
919	747
919	766
919	833
919	852
919	864
919	904
919	925
919	954
919	966
919	969
919	970
919	971
920	120
920	249
920	634
920	729
920	758
920	825
920	827
920	851
920	870
920	881
920	914
920	933
920	935
920	982
920	983
920	985
920	993
921	180
921	199
921	356
921	462
921	570
921	638
921	714
921	777
921	809
921	835
921	876
921	888
921	913
921	960
921	972
921	978
921	987
922	64
922	284
922	451
922	552
922	578
922	596
922	728
922	754
922	820
922	850
922	880
922	891
922	893
922	897
922	934
922	946
922	975
923	59
923	70
923	143
923	271
923	460
923	656
923	755
923	775
923	790
923	834
923	867
923	885
923	926
923	929
923	940
923	980
923	992
924	68
924	89
924	160
924	514
924	532
924	567
924	669
924	773
924	793
924	860
924	883
924	898
924	901
924	907
924	943
924	951
924	974
925	425
925	492
925	715
925	736
925	747
925	766
925	811
925	833
925	852
925	864
925	904
925	919
925	954
925	966
925	969
925	970
925	971
926	143
926	211
926	271
926	333
926	335
926	656
926	755
926	775
926	783
926	790
926	867
926	885
926	923
926	929
926	940
926	980
926	992
927	232
927	576
927	586
927	597
927	642
927	772
927	796
927	798
927	847
927	849
927	896
927	930
927	938
927	945
927	956
927	968
927	979
928	7
928	92
928	114
928	264
928	358
928	394
928	452
928	476
928	549
928	644
928	675
928	745
928	756
928	806
928	843
928	895
928	905
929	70
929	143
929	211
929	271
929	333
929	340
929	386
929	755
929	775
929	790
929	867
929	885
929	923
929	926
929	940
929	980
929	992
930	216
930	576
930	586
930	597
930	642
930	707
930	732
930	796
930	798
930	847
930	896
930	927
930	938
930	945
930	956
930	968
930	979
931	199
931	570
931	622
931	638
931	691
931	714
931	776
931	777
931	809
931	835
931	876
931	888
931	913
931	960
931	972
931	978
931	987
932	236
932	301
932	525
932	597
932	611
932	626
932	677
932	762
932	875
932	915
932	918
932	936
932	977
932	986
932	988
932	990
932	997
933	66
933	120
933	459
933	501
933	560
933	634
933	667
933	825
933	851
933	870
933	881
933	920
933	935
933	982
933	983
933	985
933	993
934	284
934	451
934	552
934	578
934	596
934	643
934	728
934	740
934	754
934	820
934	850
934	880
934	891
934	893
934	897
934	922
934	946
935	66
935	560
935	634
935	726
935	729
935	825
935	851
935	870
935	881
935	914
935	920
935	933
935	970
935	982
935	983
935	985
935	993
936	481
936	547
936	611
936	626
936	762
936	769
936	875
936	915
936	918
936	932
936	949
936	977
936	986
936	988
936	990
936	997
937	67
937	207
937	273
937	450
937	453
937	515
937	567
937	581
937	668
937	708
937	779
937	785
937	817
937	829
937	848
937	863
937	942
938	232
938	483
938	543
938	576
938	586
938	597
938	642
938	796
938	798
938	847
938	896
938	927
938	930
938	945
938	956
938	968
938	979
939	62
939	99
939	116
939	252
939	341
939	385
939	463
939	535
939	689
939	763
939	827
939	849
939	855
939	892
939	900
939	961
939	962
940	24
940	143
940	271
940	333
940	340
940	460
940	656
940	755
940	775
940	790
940	867
940	885
940	923
940	926
940	929
940	980
940	992
941	589
941	683
941	772
941	804
941	822
941	846
941	857
941	868
941	916
941	949
941	970
941	974
941	975
941	984
941	994
941	996
941	1000
942	67
942	207
942	258
942	273
942	450
942	453
942	515
942	581
942	689
942	708
942	779
942	785
942	817
942	829
942	848
942	863
942	937
943	68
943	89
943	396
943	422
943	433
943	532
943	669
943	773
943	860
943	883
943	888
943	898
943	901
943	907
943	924
943	951
943	974
944	259
944	346
944	468
944	548
944	553
944	561
944	732
944	807
944	830
944	842
944	865
944	886
944	917
944	953
944	959
944	981
944	995
944	998
945	174
945	216
945	232
945	546
945	576
945	586
945	597
945	642
945	796
945	798
945	847
945	896
945	927
945	930
945	938
945	956
945	968
945	979
946	64
946	284
946	347
946	451
946	540
946	552
946	578
946	596
946	728
946	754
946	820
946	850
946	880
946	891
946	893
946	897
946	922
946	934
947	34
947	305
947	338
947	473
947	674
947	692
947	727
947	746
947	842
947	859
947	889
947	912
947	948
947	952
947	955
947	964
947	976
947	991
948	34
948	191
948	305
948	473
948	631
948	674
948	692
948	727
948	746
948	859
948	889
948	912
948	947
948	952
948	955
948	964
948	976
948	991
949	53
949	254
949	437
949	683
949	772
949	804
949	822
949	846
949	857
949	868
949	916
949	936
949	941
949	975
949	984
949	994
949	996
949	1000
950	116
950	281
950	434
950	598
950	612
950	672
950	799
950	836
950	840
950	858
950	866
950	869
950	872
950	894
950	906
950	910
950	963
950	989
951	68
951	89
951	396
951	422
951	514
951	532
951	567
951	585
951	669
951	773
951	860
951	883
951	898
951	901
951	907
951	924
951	943
951	974
952	34
952	179
952	305
952	314
952	473
952	674
952	692
952	727
952	746
952	859
952	889
952	912
952	947
952	948
952	955
952	964
952	976
952	991
953	259
953	468
953	475
953	556
953	561
953	630
953	732
953	807
953	830
953	842
953	865
953	886
953	917
953	944
953	959
953	981
953	995
953	998
954	87
954	407
954	492
954	715
954	736
954	747
954	766
954	811
954	833
954	852
954	864
954	904
954	919
954	925
954	966
954	969
954	970
954	971
955	173
955	191
955	305
955	322
955	473
955	674
955	692
955	727
955	746
955	859
955	889
955	912
955	947
955	948
955	952
955	964
955	976
955	991
956	174
956	216
956	232
956	561
956	576
956	586
956	597
956	642
956	796
956	798
956	847
956	896
956	927
956	930
956	938
956	945
956	968
956	979
957	187
957	200
957	328
957	370
957	519
957	559
957	786
957	789
957	813
957	844
957	871
957	885
957	887
957	908
957	958
957	967
957	973
957	999
958	119
958	200
958	323
958	328
958	463
958	559
958	786
958	789
958	813
958	844
958	871
958	873
958	887
958	908
958	957
958	967
958	973
958	999
959	213
959	259
959	346
959	553
959	561
959	732
959	743
959	807
959	830
959	842
959	865
959	886
959	917
959	944
959	953
959	981
959	995
959	998
960	56
960	199
960	455
960	638
960	691
960	714
960	777
960	809
960	835
960	876
960	888
960	895
960	913
960	921
960	931
960	972
960	978
960	987
961	99
961	116
961	204
961	252
961	277
961	341
961	385
961	463
961	535
961	565
961	763
961	827
961	849
961	855
961	892
961	900
961	939
961	962
962	99
962	116
962	204
962	252
962	341
962	385
962	463
962	535
962	618
962	763
962	827
962	849
962	855
962	892
962	900
962	914
962	939
962	961
963	434
963	583
963	598
963	612
963	672
963	836
963	840
963	858
963	866
963	869
963	872
963	889
963	894
963	906
963	910
963	950
963	965
963	989
964	191
964	305
964	314
964	473
964	633
964	674
964	692
964	727
964	746
964	859
964	889
964	912
964	947
964	948
964	952
964	955
964	976
964	991
965	251
965	434
965	598
965	634
965	672
965	778
965	799
965	836
965	840
965	858
965	866
965	869
965	872
965	894
965	906
965	910
965	963
965	989
966	492
966	697
966	715
966	736
966	747
966	766
966	811
966	833
966	852
966	864
966	892
966	904
966	919
966	925
966	954
966	969
966	970
966	971
967	119
967	191
967	200
967	328
967	370
967	409
967	559
967	786
967	813
967	844
967	871
967	873
967	887
967	908
967	957
967	958
967	973
967	999
968	174
968	232
968	360
968	576
968	586
968	597
968	642
968	773
968	796
968	798
968	847
968	896
968	927
968	930
968	938
968	945
968	956
968	979
969	428
969	492
969	715
969	736
969	747
969	766
969	811
969	833
969	838
969	852
969	864
969	904
969	919
969	925
969	954
969	966
969	970
969	971
970	492
970	715
970	736
970	747
970	766
970	811
970	833
970	852
970	864
970	904
970	919
970	925
970	935
970	941
970	954
970	966
970	969
970	971
971	141
971	492
971	624
971	715
971	736
971	747
971	766
971	811
971	833
971	852
971	864
971	904
971	919
971	925
971	954
971	966
971	969
971	970
972	455
972	462
972	470
972	570
972	638
972	691
972	714
972	777
972	809
972	835
972	876
972	888
972	913
972	921
972	931
972	960
972	978
972	987
973	119
973	126
973	187
973	200
973	328
973	559
973	786
973	789
973	792
973	813
973	844
973	871
973	873
973	887
973	908
973	957
973	958
973	967
973	999
974	68
974	89
974	396
974	422
974	514
974	532
974	567
974	669
974	773
974	860
974	883
974	898
974	901
974	907
974	924
974	941
974	943
974	951
974	984
975	142
975	437
975	589
975	683
975	772
975	804
975	822
975	845
975	846
975	857
975	868
975	916
975	922
975	941
975	949
975	984
975	994
975	996
975	1000
976	34
976	191
976	314
976	380
976	473
976	674
976	685
976	692
976	727
976	746
976	859
976	889
976	912
976	947
976	948
976	952
976	955
976	964
976	991
977	112
977	231
977	301
977	481
977	525
977	547
977	611
977	626
977	748
977	762
977	875
977	915
977	918
977	932
977	936
977	986
977	988
977	990
977	997
978	455
978	462
978	570
978	621
978	638
978	691
978	705
978	714
978	777
978	809
978	835
978	876
978	888
978	913
978	921
978	931
978	960
978	972
978	987
979	174
979	216
979	232
979	412
979	500
979	576
979	586
979	597
979	642
979	796
979	798
979	847
979	896
979	927
979	930
979	938
979	945
979	956
979	968
980	70
980	211
980	271
980	333
980	340
980	460
980	529
980	599
980	656
980	755
980	775
980	790
980	867
980	885
980	923
980	926
980	929
980	940
980	992
981	259
981	346
981	468
981	553
981	556
981	561
981	732
981	807
981	827
981	830
981	842
981	865
981	886
981	917
981	944
981	953
981	959
981	995
981	998
982	120
982	249
982	459
982	501
982	560
982	634
982	729
982	825
982	851
982	870
982	876
982	881
982	914
982	920
982	933
982	935
982	983
982	985
982	993
983	145
983	249
983	459
983	501
983	560
983	634
983	729
983	783
983	825
983	851
983	870
983	881
983	914
983	920
983	933
983	935
983	982
983	985
983	993
984	142
984	437
984	479
984	589
984	683
984	772
984	804
984	822
984	846
984	857
984	868
984	916
984	941
984	949
984	974
984	975
984	994
984	996
984	1000
985	66
985	218
985	249
985	459
985	501
985	560
985	634
985	729
985	825
985	851
985	870
985	881
985	914
985	920
985	933
985	935
985	982
985	983
985	993
985	999
986	231
986	236
986	301
986	481
986	525
986	547
986	611
986	626
986	762
986	812
986	839
986	875
986	915
986	918
986	932
986	936
986	977
986	988
986	990
986	997
987	199
987	326
987	455
987	462
987	570
987	638
987	691
987	714
987	777
987	809
987	835
987	876
987	888
987	901
987	913
987	921
987	931
987	960
987	972
987	978
988	214
988	231
988	236
988	301
988	481
988	525
988	547
988	611
988	626
988	762
988	809
988	875
988	915
988	918
988	932
988	936
988	977
988	986
988	990
988	997
989	251
989	434
989	598
989	612
989	672
989	678
989	712
989	799
989	836
989	840
989	858
989	866
989	869
989	872
989	894
989	906
989	910
989	950
989	963
989	965
990	96
990	231
990	236
990	301
990	481
990	525
990	547
990	611
990	626
990	762
990	844
990	875
990	915
990	918
990	932
990	936
990	977
990	986
990	988
990	997
991	34
991	191
991	305
991	314
991	473
991	674
991	692
991	727
991	746
991	798
991	822
991	859
991	889
991	912
991	947
991	948
991	952
991	955
991	964
991	976
992	70
992	143
992	211
992	271
992	333
992	340
992	460
992	656
992	701
992	755
992	768
992	775
992	790
992	867
992	885
992	923
992	926
992	929
992	940
992	980
993	66
993	120
993	249
993	251
993	459
993	501
993	560
993	634
993	825
993	851
993	870
993	881
993	899
993	914
993	920
993	933
993	935
993	982
993	983
993	985
994	142
994	254
994	353
994	437
994	557
994	589
994	683
994	772
994	804
994	822
994	846
994	857
994	868
994	916
994	941
994	949
994	975
994	984
994	996
994	1000
995	174
995	259
995	346
995	468
995	553
995	556
995	561
995	673
995	732
995	807
995	830
995	842
995	865
995	886
995	917
995	944
995	953
995	959
995	981
995	998
996	113
996	142
996	168
996	254
996	437
996	589
996	683
996	772
996	804
996	822
996	846
996	857
996	868
996	916
996	941
996	949
996	975
996	984
996	994
996	1000
997	231
997	236
997	301
997	481
997	525
997	547
997	611
997	626
997	762
997	875
997	886
997	908
997	915
997	918
997	932
997	936
997	977
997	986
997	988
997	990
998	259
998	346
998	361
998	468
998	553
998	556
998	561
998	732
998	807
998	830
998	842
998	865
998	886
998	910
998	917
998	944
998	953
998	959
998	981
998	995
999	119
999	187
999	200
999	328
999	370
999	559
999	720
999	786
999	789
999	813
999	844
999	871
999	873
999	887
999	908
999	957
999	958
999	967
999	973
999	985
1000	82
1000	142
1000	254
1000	437
1000	589
1000	683
1000	709
1000	772
1000	804
1000	822
1000	846
1000	857
1000	868
1000	916
1000	941
1000	949
1000	975
1000	984
1000	994
1000	996
