1	39
1	80
1	88
1	144
1	159
1	639
2	14
2	25
2	36
2	102
2	114
2	236
3	34
3	70
3	89
3	99
3	224
3	430
4	49
4	76
4	134
4	334
4	352
4	470
5	254
5	463
5	482
5	535
5	575
5	638
6	51
6	75
6	138
6	183
6	303
6	983
7	54
7	129
7	308
7	341
7	347
7	825
8	57
8	242
8	840
8	859
8	946
8	993
9	17
9	57
9	90
9	123
9	176
9	748
10	30
10	37
10	43
10	82
10	106
10	644
11	23
11	41
11	46
11	62
11	192
11	872
12	275
12	855
12	875
12	886
12	914
12	947
13	294
13	583
13	692
13	800
13	834
13	836
14	2
14	25
14	36
14	102
14	114
14	409
15	24
15	47
15	53
15	67
15	168
15	979
16	838
16	897
16	910
16	925
16	963
16	983
17	9
17	57
17	90
17	123
17	176
17	318
18	48
18	112
18	162
18	207
18	225
18	299
19	387
19	427
19	506
19	531
19	547
19	817
20	27
20	42
20	117
20	185
20	309
20	364
21	545
21	697
21	749
21	755
21	804
21	844
22	180
22	193
22	229
22	263
22	324
22	361
23	11
23	41
23	46
23	62
23	192
23	600
24	15
24	47
24	53
24	67
24	168
24	301
25	2
25	14
25	36
25	53
25	102
25	114
26	74
26	204
26	271
26	577
26	584
26	619
27	20
27	80
27	185
27	309
27	364
27	967
28	246
28	313
28	419
28	554
28	579
28	637
29	351
29	416
29	764
29	798
29	868
29	902
30	10
30	37
30	43
30	82
30	106
30	413
31	809
31	816
31	853
31	878
31	888
31	904
32	94
32	119
32	478
32	502
32	593
32	654
33	79
33	85
33	98
33	321
33	327
33	973
34	3
34	70
34	89
34	99
34	224
34	498
35	68
35	170
35	307
35	333
35	658
35	778
36	2
36	14
36	25
36	102
36	114
36	334
37	10
37	30
37	43
37	82
37	106
37	594
38	409
38	426
38	430
38	438
38	480
38	491
39	1
39	80
39	88
39	144
39	159
39	978
40	251
40	447
40	505
40	574
40	616
40	646
41	11
41	23
41	46
41	62
41	192
41	823
42	20
42	117
42	185
42	309
42	364
42	860
43	10
43	30
43	37
43	82
43	106
43	575
44	398
44	605
44	661
44	662
44	671
44	745
45	368
45	511
45	552
45	553
45	573
45	902
46	11
46	23
46	41
46	62
46	192
46	821
47	15
47	24
47	53
47	67
47	168
47	796
48	18
48	112
48	162
48	207
48	225
48	299
49	4
49	134
49	222
49	334
49	352
49	470
50	386
50	538
50	586
50	814
50	862
50	918
51	6
51	75
51	138
51	149
51	183
51	303
52	351
52	676
52	798
52	852
52	868
52	902
53	15
53	24
53	25
53	47
53	67
53	168
54	7
54	105
54	129
54	308
54	341
54	347
55	77
55	108
55	126
55	213
55	240
55	582
56	228
56	354
56	370
56	405
56	443
56	999
57	8
57	9
57	17
57	90
57	123
57	176
58	189
58	248
58	439
58	448
58	551
58	752
59	266
59	404
59	820
59	893
59	939
59	963
60	405
60	767
60	805
60	814
60	862
60	918
61	104
61	113
61	201
61	345
61	346
61	362
62	11
62	23
62	41
62	46
62	192
62	415
63	189
63	248
63	285
63	439
63	448
63	551
64	526
64	540
64	555
64	567
64	623
64	641
65	270
65	286
65	291
65	338
65	446
65	953
66	127
66	217
66	322
66	349
66	381
66	388
67	15
67	24
67	47
67	53
67	168
67	978
68	35
68	170
68	186
68	199
68	307
68	333
69	96
69	146
69	198
69	236
69	238
69	363
70	3
70	34
70	89
70	99
70	224
70	325
71	203
71	218
71	245
71	323
71	331
71	981
72	247
72	489
72	493
72	609
72	640
72	716
73	110
73	492
73	595
73	600
73	672
73	775
74	26
74	391
74	577
74	584
74	619
74	935
75	6
75	51
75	138
75	149
75	183
75	303
76	4
76	134
76	222
76	334
76	352
76	470
77	55
77	83
77	108
77	126
77	213
77	240
78	855
78	875
78	886
78	907
78	914
78	947
79	33
79	85
79	98
79	177
79	321
79	327
80	1
80	27
80	39
80	88
80	144
80	159
81	462
81	582
81	599
81	608
81	704
81	908
82	10
82	30
82	37
82	43
82	106
82	730
83	77
83	108
83	126
83	213
83	240
83	435
84	849
84	938
84	968
84	977
84	984
84	986
85	33
85	79
85	98
85	177
85	321
85	327
86	178
86	458
86	474
86	581
86	653
86	754
87	533
87	590
87	767
87	805
87	862
87	918
88	1
88	39
88	80
88	144
88	159
88	176
89	3
89	34
89	70
89	99
89	224
89	389
90	9
90	17
90	57
90	123
90	176
90	277
91	137
91	508
91	695
91	736
91	751
91	783
92	158
92	290
92	357
92	475
92	476
92	939
93	310
93	375
93	543
93	679
93	734
93	769
94	32
94	163
94	243
94	478
94	593
94	654
95	155
95	372
95	444
95	782
95	791
95	917
96	69
96	146
96	198
96	236
96	238
96	363
97	469
97	562
97	679
97	734
97	769
97	940
98	33
98	79
98	85
98	177
98	321
98	327
99	3
99	34
99	70
99	89
99	224
99	366
100	300
100	368
100	511
100	552
100	553
100	573
101	479
101	954
101	965
101	980
101	988
101	992
102	2
102	14
102	25
102	36
102	114
102	124
103	585
103	677
103	688
103	781
103	843
103	1000
104	61
104	113
104	201
104	345
104	346
104	362
105	54
105	129
105	308
105	341
105	347
105	857
106	10
106	30
106	37
106	43
106	82
106	494
107	122
107	140
107	451
107	495
107	569
107	645
108	55
108	77
108	83
108	126
108	240
108	969
109	417
109	611
109	622
109	692
109	800
109	898
110	73
110	239
110	436
110	492
110	600
110	672
111	326
111	940
111	962
111	972
111	973
111	987
112	18
112	48
112	162
112	225
112	299
112	866
113	61
113	104
113	345
113	346
113	362
113	841
114	2
114	14
114	25
114	36
114	102
114	986
115	528
115	558
115	602
115	634
115	683
115	699
116	809
116	816
116	853
116	878
116	888
116	904
117	20
117	42
117	185
117	309
117	364
117	975
118	565
118	633
118	698
118	712
118	724
118	787
119	32
119	157
119	478
119	502
119	593
119	654
120	307
120	382
120	738
120	749
120	755
120	844
121	292
121	760
121	808
121	877
121	929
121	982
122	107
122	452
122	495
122	552
122	569
122	645
123	9
123	17
123	57
123	90
123	176
123	947
124	102
124	250
124	395
124	425
124	429
124	539
125	212
125	250
125	273
125	425
125	429
125	539
126	55
126	77
126	83
126	108
126	213
126	240
127	66
127	322
127	349
127	356
127	381
127	388
128	231
128	261
128	510
128	535
128	575
128	638
129	7
129	54
129	105
129	308
129	341
129	347
130	858
130	954
130	965
130	980
130	988
130	992
131	203
131	218
131	245
131	323
131	331
131	581
132	483
132	799
132	944
132	968
132	984
132	986
133	217
133	322
133	349
133	381
133	388
133	992
134	4
134	49
134	76
134	222
134	352
134	470
135	451
135	452
135	495
135	569
135	645
135	756
136	201
136	298
136	485
136	489
136	689
136	716
137	91
137	692
137	695
137	736
137	751
137	783
138	6
138	51
138	75
138	149
138	183
138	303
139	701
139	717
139	845
139	895
139	946
139	985
140	107
140	202
140	495
140	569
140	608
140	645
141	296
141	597
141	659
141	660
141	667
141	710
142	175
142	190
142	449
142	516
142	520
142	669
143	417
143	692
143	800
143	834
143	836
143	871
144	1
144	39
144	80
144	88
144	159
144	649
145	339
145	584
145	731
145	941
145	967
145	999
146	69
146	96
146	236
146	238
146	363
146	935
147	726
147	840
147	895
147	946
147	985
147	993
148	458
148	581
148	640
148	653
148	706
148	754
149	51
149	75
149	138
149	183
149	303
149	950
150	234
150	526
150	540
150	555
150	623
150	641
151	565
151	649
151	690
151	695
151	736
151	783
152	315
152	744
152	971
152	989
152	991
152	1000
153	396
153	411
153	576
153	717
153	735
153	779
154	601
154	681
154	805
154	814
154	862
154	918
155	95
155	950
155	962
155	972
155	973
155	987
156	233
156	318
156	367
156	376
156	407
156	460
157	119
157	806
157	889
157	892
157	919
157	943
158	92
158	335
158	390
158	475
158	476
158	561
159	1
159	39
159	80
159	88
159	144
159	364
160	938
160	944
160	968
160	977
160	984
160	986
161	314
161	795
161	898
161	911
161	959
161	994
162	18
162	48
162	112
162	207
162	225
162	299
163	94
163	536
163	709
163	725
163	757
163	829
164	745
164	828
164	858
164	870
164	883
164	922
165	182
165	246
165	353
165	554
165	579
165	637
166	282
166	495
166	894
166	896
166	928
166	981
167	625
167	810
167	892
167	919
167	931
167	943
168	15
168	24
168	47
168	53
168	67
168	853
169	181
169	421
169	661
169	662
169	671
169	745
170	35
170	68
170	186
170	199
170	307
170	333
171	251
171	447
171	505
171	574
171	616
171	646
172	321
172	537
172	602
172	627
172	683
172	699
173	369
173	759
173	898
173	956
173	959
173	978
174	233
174	308
174	367
174	376
174	407
174	460
175	142
175	223
175	288
175	449
175	516
175	520
176	9
176	17
176	57
176	88
176	90
176	123
177	79
177	85
177	98
177	321
177	327
177	793
178	86
178	355
178	653
178	671
178	706
178	754
179	757
179	845
179	895
179	946
179	985
179	993
180	22
180	193
180	229
180	263
180	324
180	361
181	169
181	274
181	421
181	661
181	671
181	705
182	165
182	419
182	442
182	554
182	579
182	637
183	6
183	51
183	75
183	138
183	149
183	303
184	290
184	335
184	357
184	390
184	475
184	476
185	20
185	27
185	42
185	117
185	309
185	364
186	68
186	170
186	199
186	307
186	333
186	527
187	508
187	565
187	736
187	751
187	783
187	928
188	251
188	447
188	505
188	574
188	616
188	646
189	58
189	63
189	295
189	439
189	448
189	551
190	142
190	227
190	288
190	449
190	516
190	520
191	262
191	478
191	490
191	502
191	593
191	654
192	11
192	23
192	41
192	46
192	62
192	714
193	22
193	180
193	229
193	263
193	324
193	361
194	842
194	863
194	971
194	989
194	991
194	1000
195	587
195	635
195	673
195	721
195	724
195	787
196	455
196	518
196	613
196	691
196	733
196	748
197	488
197	582
197	599
197	608
197	704
197	953
198	69
198	96
198	236
198	238
198	363
198	798
199	68
199	170
199	186
199	307
199	333
199	810
200	824
200	847
200	905
200	958
200	988
200	992
201	61
201	104
201	136
201	345
201	346
201	362
202	140
202	451
202	452
202	473
202	569
202	645
203	71
203	131
203	218
203	245
203	323
203	331
204	26
204	268
204	391
204	577
204	584
204	619
205	523
205	825
205	858
205	870
205	922
205	951
206	434
206	819
206	841
206	960
206	990
206	997
207	18
207	48
207	162
207	225
207	299
207	504
208	785
208	950
208	962
208	972
208	973
208	987
209	259
209	477
209	717
209	735
209	742
209	779
210	826
210	839
210	867
210	941
210	967
210	999
211	525
211	676
211	740
211	868
211	902
211	988
212	125
212	273
212	395
212	425
212	539
212	564
213	55
213	77
213	83
213	126
213	240
213	715
214	247
214	298
214	609
214	640
214	689
214	716
215	348
215	456
215	457
215	499
215	650
215	746
216	856
216	880
216	894
216	926
216	945
216	981
217	66
217	133
217	349
217	381
217	388
217	881
218	71
218	131
218	203
218	245
218	323
218	331
219	775
219	817
219	839
219	933
219	967
219	999
220	277
220	436
220	595
220	600
220	672
220	963
221	412
221	585
221	594
221	677
221	737
221	843
222	49
222	76
222	134
222	334
222	352
222	470
223	175
223	227
223	449
223	516
223	520
223	562
224	3
224	34
224	70
224	89
224	99
224	619
225	18
225	48
225	112
225	162
225	207
225	299
226	604
226	730
226	732
226	774
226	830
226	852
226	874
227	190
227	223
227	288
227	449
227	516
227	520
227	915
228	56
228	256
228	258
228	354
228	370
228	405
228	443
229	22
229	180
229	193
229	263
229	324
229	361
229	622
230	822
230	880
230	894
230	896
230	928
230	930
230	945
231	128
231	310
231	534
231	543
231	562
231	734
231	769
232	301
232	771
232	773
232	776
232	971
232	989
232	991
233	156
233	174
233	318
233	367
233	376
233	407
233	460
234	150
234	394
234	540
234	555
234	623
234	641
234	879
235	597
235	612
235	659
235	660
235	667
235	710
235	848
236	2
236	69
236	96
236	146
236	198
236	238
236	363
237	881
237	940
237	941
237	962
237	972
237	973
237	987
238	69
238	96
238	146
238	198
238	236
238	363
238	891
239	110
239	399
239	492
239	595
239	600
239	672
239	911
240	55
240	77
240	83
240	108
240	126
240	213
240	667
241	591
241	601
241	767
241	805
241	814
241	862
241	918
242	8
242	654
242	701
242	840
242	845
242	985
242	993
243	94
243	262
243	478
243	502
243	593
243	654
243	925
244	355
244	401
244	581
244	653
244	706
244	754
244	886
245	71
245	131
245	203
245	218
245	323
245	331
245	656
246	28
246	165
246	353
246	378
246	419
246	442
246	579
247	72
247	214
247	298
247	384
247	485
247	609
247	716
248	58
248	63
248	285
248	295
248	448
248	551
248	923
249	431
249	693
249	761
249	802
249	848
249	890
249	924
250	124
250	125
250	273
250	395
250	425
250	429
250	539
251	40
251	171
251	188
251	302
251	574
251	616
251	646
252	626
252	865
252	887
252	891
252	899
252	921
252	923
253	789
253	794
253	849
253	944
253	977
253	984
253	986
254	5
254	261
254	269
254	283
254	510
254	535
254	575
255	527
255	773
255	832
255	971
255	989
255	991
255	1000
256	228
256	258
256	333
256	354
256	370
256	405
256	443
257	536
257	603
257	607
257	709
257	757
257	812
257	829
258	228
258	256
258	354
258	370
258	405
258	443
258	946
259	209
259	411
259	549
259	576
259	717
259	735
259	779
260	735
260	809
260	823
260	853
260	878
260	888
260	904
261	128
261	254
261	463
261	482
261	575
261	638
261	759
262	191
262	243
262	478
262	502
262	580
262	593
262	654
263	22
263	180
263	193
263	229
263	324
263	361
263	397
264	578
264	656
264	770
264	787
264	788
264	851
264	908
265	461
265	612
265	659
265	660
265	667
265	710
265	718
266	59
266	437
266	504
266	628
266	910
266	943
266	983
267	489
267	583
267	611
267	763
267	800
267	834
267	836
268	204
268	271
268	312
268	391
268	577
268	584
268	619
269	254
269	463
269	482
269	510
269	535
269	575
269	638
270	65
270	286
270	291
270	306
270	315
270	338
270	446
271	26
271	268
271	312
271	577
271	584
271	619
271	945
272	555
272	656
272	687
272	788
272	793
272	851
272	908
273	125
273	212
273	250
273	395
273	425
273	429
273	539
274	181
274	661
274	662
274	671
274	705
274	720
274	745
275	12
275	652
275	761
275	846
275	886
275	907
275	947
276	578
276	765
276	770
276	793
276	851
276	881
276	908
277	90
277	220
277	399
277	436
277	595
277	600
277	672
278	835
278	868
278	964
278	966
278	970
278	995
278	996
279	385
279	446
279	730
279	732
279	830
279	852
279	874
280	775
280	817
280	826
280	936
280	941
280	967
280	999
281	480
281	508
281	649
281	690
281	695
281	751
281	783
282	166
282	471
282	727
282	833
282	856
282	928
282	981
283	254
283	845
283	859
283	895
283	946
283	985
283	993
284	326
284	426
284	430
284	438
284	480
284	491
284	820
285	63
285	248
285	295
285	439
285	448
285	551
285	763
286	65
286	270
286	291
286	306
286	315
286	338
286	446
287	397
287	594
287	677
287	737
287	781
287	843
287	972
288	175
288	190
288	227
288	449
288	516
288	520
288	815
289	486
289	496
289	515
289	570
289	586
289	629
289	632
290	92
290	184
290	335
290	390
290	475
290	476
290	954
291	65
291	270
291	286
291	306
291	315
291	446
291	689
292	121
292	664
292	877
292	882
292	929
292	952
292	982
293	525
293	652
293	741
293	855
293	907
293	914
293	947
294	13
294	417
294	611
294	763
294	784
294	800
294	836
295	189
295	248
295	285
295	439
295	448
295	551
295	960
296	141
296	597
296	612
296	659
296	660
296	667
296	710
297	324
297	344
297	450
297	697
297	738
297	749
297	844
298	136
298	214
298	247
298	485
298	640
298	689
298	716
299	18
299	48
299	112
299	162
299	207
299	225
299	851
300	100
300	356
300	368
300	511
300	552
300	553
300	573
301	24
301	232
301	715
301	776
301	989
301	991
301	1000
302	251
302	447
302	505
302	574
302	616
302	646
302	954
303	6
303	51
303	75
303	138
303	149
303	183
303	985
304	348
304	380
304	630
304	650
304	698
304	746
304	762
305	668
305	881
305	940
305	950
305	972
305	973
305	987
306	270
306	286
306	291
306	315
306	338
306	446
306	722
307	35
307	68
307	120
307	170
307	186
307	199
307	333
308	7
308	54
308	105
308	129
308	174
308	341
308	347
309	20
309	27
309	42
309	117
309	185
309	364
309	531
310	93
310	231
310	375
310	562
310	679
310	734
310	769
311	803
311	871
311	873
311	901
311	916
311	934
311	936
312	268
312	271
312	391
312	577
312	584
312	619
312	934
313	28
313	596
313	728
313	777
313	854
313	912
313	932
314	161
314	795
314	872
314	879
314	898
314	978
314	994
315	152
315	270
315	286
315	291
315	306
315	338
315	446
316	493
316	682
316	796
316	901
316	934
316	936
316	968
317	726
317	815
317	822
317	859
317	895
317	985
317	993
318	17
318	156
318	233
318	367
318	376
318	407
318	460
319	433
319	789
319	849
319	938
319	944
319	977
319	986
320	416
320	676
320	740
320	764
320	798
320	868
320	902
321	33
321	79
321	85
321	98
321	172
321	177
321	327
322	66
322	127
322	133
322	349
322	381
322	388
322	784
323	71
323	131
323	203
323	218
323	245
323	331
323	833
324	22
324	180
324	193
324	229
324	263
324	297
324	361
325	70
325	881
325	940
325	950
325	972
325	973
325	987
326	111
326	284
326	409
326	426
326	438
326	480
326	491
327	33
327	79
327	85
327	98
327	177
327	321
327	849
328	913
328	937
328	953
328	960
328	983
328	990
328	997
329	347
329	964
329	966
329	970
329	974
329	995
329	996
330	696
330	835
330	964
330	966
330	974
330	995
330	996
331	71
331	131
331	203
331	218
331	245
331	323
331	700
332	403
332	421
332	605
332	661
332	662
332	705
332	745
333	35
333	68
333	170
333	186
333	199
333	256
333	307
334	4
334	36
334	49
334	76
334	222
334	352
334	470
335	158
335	184
335	290
335	357
335	390
335	475
335	476
336	522
336	678
336	808
336	877
336	929
336	952
336	982
337	643
337	801
337	877
337	882
337	929
337	952
337	982
338	65
338	270
338	286
338	306
338	315
338	446
338	725
339	145
339	839
339	889
339	933
339	941
339	967
339	999
340	457
340	643
340	808
340	877
340	929
340	952
340	982
341	7
341	54
341	105
341	129
341	308
341	347
341	439
342	417
342	676
342	740
342	764
342	798
342	868
342	902
343	400
343	865
343	887
343	891
343	921
343	923
343	955
344	297
344	382
344	545
344	738
344	749
344	755
344	844
345	61
345	104
345	113
345	201
345	346
345	362
345	688
346	61
346	104
346	113
346	201
346	345
346	362
346	926
347	7
347	54
347	105
347	129
347	308
347	329
347	341
348	215
348	304
348	457
348	500
348	650
348	746
348	762
349	66
349	127
349	133
349	217
349	322
349	381
349	388
350	758
350	927
350	948
350	949
350	969
350	975
350	998
351	29
351	52
351	525
351	739
351	798
351	868
351	902
352	4
352	49
352	76
352	134
352	222
352	334
352	470
353	165
353	246
353	378
353	442
353	554
353	579
353	637
354	56
354	228
354	256
354	258
354	370
354	405
354	443
355	178
355	244
355	474
355	581
355	653
355	706
355	754
356	127
356	300
356	368
356	511
356	552
356	553
356	573
357	92
357	184
357	335
357	390
357	475
357	476
357	874
358	831
358	865
358	887
358	891
358	899
358	921
358	955
359	404
359	647
359	838
359	893
359	897
359	939
359	963
360	394
360	526
360	540
360	555
360	560
360	623
360	641
361	22
361	180
361	193
361	229
361	263
361	324
361	991
362	61
362	104
362	113
362	201
362	345
362	346
362	965
363	69
363	96
363	146
363	198
363	236
363	238
363	920
364	20
364	27
364	42
364	117
364	159
364	185
364	309
365	435
365	513
365	518
365	613
365	691
365	733
365	748
365	875
366	99
366	909
366	954
366	958
366	965
366	980
366	988
366	992
367	156
367	174
367	233
367	318
367	376
367	407
367	460
367	690
368	45
368	100
368	300
368	356
368	511
368	552
368	553
368	573
369	173
369	857
369	876
369	889
369	892
369	919
369	931
369	943
370	56
370	228
370	256
370	258
370	354
370	405
370	443
370	989
371	386
371	719
371	811
371	828
371	858
371	870
371	942
371	951
372	95
372	648
372	686
372	780
372	782
372	791
372	807
372	917
373	730
373	732
373	737
373	768
373	774
373	830
373	852
373	874
374	583
374	611
374	692
374	763
374	800
374	834
374	836
374	944
375	93
375	310
375	469
375	534
375	679
375	684
375	734
375	769
376	156
376	174
376	233
376	318
376	367
376	407
376	460
376	577
377	387
377	427
377	434
377	441
377	506
377	531
377	547
377	994
378	246
378	353
378	419
378	442
378	554
378	579
378	637
378	901
379	657
379	770
379	831
379	903
379	913
379	953
379	990
379	997
380	304
380	456
380	499
380	500
380	630
380	650
380	746
380	762
381	66
381	127
381	133
381	217
381	322
381	349
381	388
381	420
382	120
382	344
382	413
382	697
382	738
382	755
382	844
382	965
383	435
383	455
383	513
383	613
383	691
383	733
383	748
383	904
384	247
384	485
384	489
384	609
384	640
384	689
384	716
384	870
385	279
385	732
385	768
385	774
385	830
385	852
385	874
385	888
386	50
386	371
386	538
386	590
386	591
386	805
386	862
386	918
387	19
387	377
387	427
387	434
387	441
387	506
387	531
387	547
388	66
388	127
388	133
388	217
388	322
388	349
388	381
388	508
389	89
389	548
389	927
389	949
389	957
389	969
389	975
389	979
390	158
390	184
390	290
390	335
390	357
390	475
390	476
390	631
391	74
391	204
391	268
391	312
391	577
391	584
391	619
391	955
392	614
392	620
392	719
392	813
392	825
392	858
392	922
392	942
393	528
393	537
393	558
393	602
393	627
393	634
393	683
393	699
394	234
394	360
394	461
394	526
394	540
394	555
394	623
394	641
395	124
395	212
395	250
395	273
395	425
395	429
395	539
395	621
396	153
396	669
396	864
396	920
396	964
396	974
396	995
396	996
397	263
397	287
397	559
397	585
397	592
397	688
397	737
397	843
398	44
398	421
398	605
398	661
398	662
398	671
398	705
398	745
399	239
399	277
399	436
399	492
399	595
399	672
399	711
399	814
400	343
400	597
400	865
400	887
400	899
400	923
400	935
400	955
401	244
401	458
401	474
401	581
401	653
401	706
401	754
401	788
402	604
402	732
402	768
402	774
402	830
402	837
402	852
402	874
403	332
403	617
403	765
403	770
403	788
403	793
403	851
403	908
404	59
404	359
404	694
404	893
404	897
404	910
404	925
404	983
405	56
405	60
405	228
405	256
405	258
405	354
405	370
405	443
406	678
406	760
406	801
406	808
406	882
406	929
406	952
406	982
407	156
407	174
407	233
407	318
407	367
407	376
407	460
407	683
408	519
408	824
408	909
408	958
408	965
408	980
408	988
408	992
409	14
409	38
409	326
409	426
409	430
409	438
409	480
409	491
410	451
410	722
410	796
410	871
410	873
410	901
410	934
410	936
411	153
411	259
411	477
411	514
411	717
411	742
411	779
411	997
412	221
412	592
412	594
412	688
412	737
412	781
412	843
412	938
413	30
413	382
413	450
413	697
413	738
413	749
413	755
413	844
414	514
414	549
414	576
414	632
414	717
414	735
414	742
414	779
415	62
415	560
415	615
415	817
415	867
415	933
415	941
415	999
416	29
416	320
416	740
416	752
416	764
416	798
416	868
416	902
417	109
417	143
417	294
417	342
417	583
417	622
417	763
417	834
418	525
418	587
418	676
418	740
418	764
418	798
418	868
418	902
419	28
419	182
419	246
419	378
419	554
419	579
419	637
419	873
420	381
420	494
420	713
420	827
420	884
420	885
420	906
420	976
421	169
421	181
421	332
421	398
421	605
421	671
421	705
421	745
422	665
422	685
422	804
422	861
422	884
422	885
422	961
422	976
423	459
423	462
423	488
423	582
423	599
423	608
423	704
423	932
424	714
424	940
424	950
424	962
424	972
424	973
424	987
424	998
425	124
425	125
425	212
425	250
425	273
425	395
425	429
425	539
426	38
426	284
426	326
426	409
426	430
426	438
426	480
426	491
427	19
427	377
427	387
427	434
427	441
427	506
427	531
427	547
428	588
428	607
428	709
428	752
428	757
428	812
428	829
428	988
429	124
429	125
429	250
429	273
429	395
429	425
429	539
429	568
430	3
430	38
430	284
430	409
430	426
430	438
430	480
430	491
431	249
431	490
431	503
431	532
431	761
431	803
431	890
431	924
432	881
432	939
432	940
432	950
432	962
432	972
432	973
432	987
433	319
433	625
433	835
433	864
433	920
433	966
433	970
433	974
434	206
434	377
434	387
434	427
434	441
434	506
434	531
434	547
435	83
435	365
435	383
435	455
435	468
435	613
435	733
435	748
436	110
436	220
436	277
436	399
436	492
436	595
436	600
436	672
437	266
437	893
437	910
437	925
437	939
437	944
437	963
437	983
438	38
438	284
438	326
438	409
438	426
438	430
438	480
438	491
439	58
439	63
439	189
439	285
439	295
439	341
439	448
439	551
440	473
440	486
440	515
440	570
440	586
440	629
440	632
440	831
441	377
441	387
441	427
441	434
441	506
441	531
441	547
441	757
442	182
442	246
442	353
442	378
442	554
442	579
442	604
442	637
443	56
443	228
443	256
443	258
443	354
443	370
443	405
443	721
444	95
444	644
444	680
444	686
444	782
444	791
444	807
444	917
445	678
445	709
445	760
445	801
445	877
445	882
445	952
445	982
446	65
446	270
446	279
446	286
446	291
446	306
446	315
446	338
447	40
447	171
447	188
447	302
447	505
447	574
447	616
447	646
448	58
448	63
448	189
448	248
448	285
448	295
448	439
448	551
449	142
449	175
449	190
449	223
449	227
449	288
449	516
449	520
450	297
450	413
450	545
450	697
450	738
450	755
450	844
450	993
451	107
451	135
451	202
451	410
451	452
451	495
451	569
451	645
452	122
452	135
452	202
452	451
452	495
452	569
452	645
452	930
453	516
453	521
453	680
453	686
453	780
453	782
453	807
453	917
454	905
454	909
454	954
454	958
454	965
454	980
454	988
454	992
455	196
455	383
455	435
455	468
455	518
455	691
455	733
455	748
456	215
456	380
456	499
456	500
456	630
456	746
456	762
456	990
457	215
457	340
457	348
457	500
457	630
457	650
457	746
457	762
458	86
458	148
458	401
458	474
458	581
458	706
458	754
458	782
459	423
459	462
459	488
459	582
459	599
459	608
459	704
459	950
460	156
460	174
460	233
460	318
460	367
460	376
460	407
460	994
461	265
461	394
461	597
461	612
461	659
461	660
461	667
461	710
462	81
462	423
462	459
462	488
462	582
462	599
462	608
462	704
463	5
463	261
463	269
463	482
463	510
463	535
463	638
463	907
464	626
464	730
464	732
464	768
464	774
464	830
464	852
464	874
465	866
465	927
465	948
465	949
465	969
465	975
465	979
465	998
466	521
466	644
466	677
466	680
466	686
466	791
466	807
466	917
467	576
467	766
467	857
467	876
467	892
467	919
467	931
467	943
468	435
468	455
468	513
468	613
468	691
468	733
468	748
468	760
469	97
469	375
469	534
469	543
469	562
469	679
469	734
469	769
470	4
470	49
470	76
470	134
470	222
470	334
470	352
470	869
471	282
471	503
471	517
471	675
471	684
471	802
471	848
471	924
472	650
472	656
472	687
472	765
472	770
472	788
472	793
472	851
472	908
473	202
473	440
473	486
473	496
473	515
473	570
473	586
473	629
473	632
474	86
474	355
474	401
474	458
474	581
474	618
474	653
474	706
474	754
475	92
475	158
475	184
475	290
475	335
475	357
475	390
475	476
475	917
476	92
476	158
476	184
476	290
476	335
476	357
476	390
476	475
476	708
477	209
477	411
477	514
477	549
477	717
477	735
477	742
477	779
477	917
478	32
478	94
478	119
478	191
478	243
478	262
478	502
478	593
478	654
479	101
479	715
479	832
479	842
479	863
479	971
479	989
479	991
479	1000
480	38
480	281
480	284
480	326
480	409
480	426
480	430
480	438
480	491
481	835
481	920
481	964
481	966
481	970
481	974
481	976
481	995
481	996
482	5
482	261
482	269
482	463
482	510
482	535
482	575
482	638
482	734
483	132
483	819
483	831
483	913
483	937
483	953
483	960
483	990
483	997
484	621
484	819
484	856
484	903
484	937
484	953
484	960
484	990
484	997
485	136
485	247
485	298
485	384
485	489
485	609
485	640
485	689
485	716
486	289
486	440
486	473
486	496
486	515
486	570
486	586
486	629
486	632
487	663
487	756
487	816
487	823
487	853
487	878
487	888
487	904
487	951
488	197
488	423
488	459
488	462
488	582
488	599
488	608
488	704
488	750
489	72
489	136
489	267
489	384
489	485
489	609
489	640
489	689
489	716
490	191
490	431
490	517
490	675
490	693
490	702
490	802
490	890
490	924
491	38
491	284
491	326
491	409
491	426
491	430
491	438
491	480
491	972
492	73
492	110
492	239
492	399
492	436
492	595
492	600
492	672
492	807
493	72
493	316
493	668
493	722
493	796
493	873
493	901
493	916
493	934
494	106
494	420
494	685
494	743
494	861
494	884
494	900
494	906
494	961
495	107
495	122
495	135
495	140
495	166
495	451
495	452
495	569
495	645
496	289
496	473
496	486
496	515
496	570
496	586
496	629
496	632
496	957
497	747
497	872
497	879
497	911
497	948
497	956
497	959
497	978
497	994
498	34
498	512
498	714
498	785
498	940
498	950
498	962
498	973
498	987
499	215
499	380
499	456
499	500
499	630
499	650
499	746
499	749
499	762
500	348
500	380
500	456
500	457
500	499
500	630
500	746
500	762
500	915
501	768
501	837
501	850
501	927
501	948
501	949
501	975
501	979
501	998
502	32
502	119
502	191
502	243
502	262
502	478
502	593
502	654
502	851
503	431
503	471
503	684
503	693
503	702
503	802
503	848
503	890
503	924
504	207
504	266
504	820
504	897
504	910
504	925
504	939
504	963
504	983
505	40
505	171
505	188
505	302
505	447
505	539
505	574
505	616
505	646
506	19
506	377
506	387
506	427
506	434
506	441
506	531
506	547
506	933
507	708
507	741
507	846
507	855
507	875
507	886
507	914
507	922
507	947
508	91
508	187
508	281
508	388
508	649
508	690
508	736
508	751
508	783
509	621
509	819
509	903
509	913
509	937
509	960
509	986
509	990
509	997
510	128
510	254
510	269
510	463
510	482
510	535
510	575
510	638
510	724
511	45
511	100
511	300
511	356
511	368
511	552
511	553
511	573
511	836
512	498
512	714
512	785
512	865
512	881
512	950
512	962
512	972
512	987
513	365
513	383
513	468
513	518
513	613
513	691
513	729
513	733
513	748
514	411
514	414
514	477
514	549
514	576
514	717
514	735
514	742
514	779
515	289
515	440
515	473
515	486
515	496
515	570
515	586
515	629
515	632
516	142
516	175
516	190
516	223
516	227
516	288
516	449
516	453
516	520
517	471
517	490
517	532
517	675
517	693
517	702
517	749
517	890
517	924
518	196
518	365
518	455
518	513
518	598
518	613
518	691
518	733
518	748
519	408
519	564
519	778
519	860
519	887
519	921
519	923
519	935
519	955
520	142
520	175
520	190
520	223
520	227
520	288
520	449
520	516
520	780
521	453
521	466
521	571
521	648
521	680
521	780
521	782
521	791
521	917
522	336
522	643
522	760
522	801
522	808
522	882
522	929
522	952
522	982
523	205
523	641
523	719
523	813
523	858
523	883
523	922
523	942
523	951
524	572
524	596
524	620
524	711
524	753
524	854
524	912
524	915
524	932
525	211
525	293
525	351
525	418
525	676
525	740
525	764
525	868
525	902
526	64
526	150
526	360
526	394
526	540
526	555
526	623
526	641
526	844
527	186
527	255
527	744
527	750
527	842
527	863
527	989
527	991
527	1000
528	115
528	393
528	537
528	558
528	627
528	634
528	683
528	699
528	906
529	831
529	841
529	877
529	903
529	913
529	953
529	960
529	990
529	997
530	729
530	813
530	825
530	858
530	870
530	883
530	922
530	942
530	951
531	19
531	309
531	377
531	387
531	427
531	434
531	441
531	506
531	547
532	431
532	517
532	684
532	703
532	761
532	802
532	848
532	890
532	924
533	87
533	713
533	827
533	884
533	885
533	900
533	906
533	961
533	976
534	231
534	375
534	469
534	543
534	562
534	679
534	713
534	734
534	769
535	5
535	128
535	254
535	269
535	463
535	482
535	510
535	575
535	638
536	163
536	257
536	544
536	603
536	607
536	752
536	757
536	812
536	829
537	172
537	393
537	528
537	602
537	627
537	634
537	683
537	699
537	801
538	50
538	386
538	591
538	601
538	767
538	805
538	814
538	862
538	918
539	124
539	125
539	212
539	250
539	273
539	395
539	425
539	429
539	505
540	64
540	150
540	234
540	360
540	394
540	526
540	623
540	641
540	923
541	771
541	850
541	866
541	948
541	952
541	957
541	969
541	975
541	998
542	627
542	806
542	857
542	876
542	889
542	892
542	919
542	931
542	943
543	93
543	231
543	469
543	534
543	661
543	679
543	690
543	734
543	769
544	536
544	588
544	603
544	607
544	655
544	725
544	752
544	812
544	829
545	21
545	344
545	450
545	604
545	697
545	738
545	749
545	755
545	844
546	780
546	789
546	794
546	799
546	938
546	968
546	977
546	984
546	986
547	19
547	377
547	387
547	427
547	434
547	441
547	506
547	531
547	875
548	389
548	818
548	927
548	942
548	949
548	957
548	969
548	979
548	998
549	259
549	414
549	477
549	514
549	576
549	629
549	735
549	742
549	779
550	701
550	707
550	726
550	815
550	895
550	946
550	985
550	993
550	997
551	58
551	63
551	189
551	248
551	285
551	295
551	439
551	448
551	913
552	45
552	100
552	122
552	300
552	356
552	368
552	511
552	553
552	573
553	45
553	100
553	300
553	356
553	368
553	511
553	552
553	573
553	589
554	28
554	165
554	182
554	353
554	378
554	419
554	442
554	614
554	637
555	64
555	150
555	234
555	272
555	360
555	394
555	526
555	623
555	641
556	652
556	708
556	846
556	875
556	886
556	907
556	914
556	947
556	991
557	727
557	822
557	833
557	856
557	896
557	926
557	930
557	945
557	981
558	115
558	393
558	528
558	602
558	627
558	634
558	683
558	699
558	993
559	397
559	592
559	594
559	677
559	688
559	704
559	737
559	781
559	843
560	360
560	415
560	731
560	826
560	839
560	867
560	933
560	967
560	999
561	158
561	624
561	799
561	938
561	944
561	968
561	977
561	984
561	986
562	97
562	223
562	231
562	310
562	469
562	534
562	679
562	734
562	769
563	711
563	728
563	777
563	821
563	854
563	885
563	912
563	915
563	932
564	212
564	519
564	720
564	860
564	891
564	899
564	921
564	935
564	955
565	118
565	151
565	187
565	649
565	690
565	695
565	736
565	751
565	783
566	711
566	728
566	753
566	777
566	821
566	854
566	912
566	915
566	932
567	64
567	606
567	624
567	849
567	938
567	968
567	977
567	984
567	986
568	429
568	766
568	806
568	810
568	876
568	889
568	892
568	931
568	943
569	107
569	122
569	135
569	140
569	202
569	451
569	452
569	495
569	645
570	289
570	440
570	473
570	486
570	496
570	515
570	586
570	629
570	632
571	521
571	626
571	778
571	860
571	891
571	899
571	921
571	923
571	935
572	524
572	822
572	833
572	880
572	926
572	928
572	930
572	945
572	981
573	45
573	100
573	300
573	356
573	368
573	511
573	552
573	553
573	998
574	40
574	171
574	188
574	251
574	302
574	447
574	505
574	616
574	646
575	5
575	43
575	128
575	254
575	261
575	269
575	482
575	510
575	535
575	638
576	153
576	259
576	414
576	467
576	514
576	549
576	717
576	735
576	742
576	779
577	26
577	74
577	204
577	268
577	271
577	312
577	376
577	391
577	584
577	619
578	264
578	276
578	617
578	687
578	770
578	788
578	793
578	851
578	878
578	908
579	28
579	165
579	182
579	246
579	353
579	378
579	419
579	442
579	637
579	733
580	262
580	587
580	633
580	635
580	673
580	703
580	712
580	721
580	724
580	787
581	86
581	131
581	148
581	244
581	355
581	401
581	458
581	474
581	653
581	706
582	55
582	81
582	197
582	423
582	459
582	462
582	488
582	599
582	608
582	704
583	13
583	267
583	374
583	417
583	622
583	663
583	692
583	763
583	834
583	836
584	26
584	74
584	145
584	204
584	268
584	271
584	312
584	391
584	577
584	619
585	103
585	221
585	397
585	592
585	594
585	677
585	688
585	737
585	781
585	843
586	50
586	289
586	440
586	473
586	486
586	496
586	515
586	570
586	629
586	632
587	195
587	418
587	580
587	673
587	698
587	703
587	712
587	721
587	724
587	787
588	428
588	544
588	603
588	704
588	709
588	725
588	752
588	757
588	812
588	829
589	553
589	628
589	694
589	820
589	838
589	897
589	910
589	939
589	963
589	983
590	87
590	386
590	591
590	601
590	767
590	805
590	814
590	862
590	918
590	936
591	241
591	386
591	538
591	590
591	601
591	767
591	805
591	814
591	862
591	918
592	397
592	412
592	559
592	585
592	677
592	688
592	737
592	781
592	843
592	889
593	32
593	94
593	119
593	191
593	243
593	262
593	478
593	502
593	654
593	800
594	37
594	221
594	287
594	412
594	559
594	585
594	688
594	737
594	781
594	843
595	73
595	220
595	239
595	277
595	399
595	436
595	492
595	600
595	672
595	867
596	313
596	524
596	620
596	723
596	821
596	854
596	907
596	912
596	915
596	932
597	141
597	235
597	296
597	400
597	461
597	612
597	659
597	660
597	667
597	710
598	518
598	610
598	722
598	803
598	871
598	873
598	901
598	916
598	934
598	936
599	81
599	197
599	423
599	459
599	462
599	488
599	582
599	608
599	704
599	864
600	23
600	73
600	110
600	220
600	239
600	277
600	436
600	492
600	595
600	672
601	154
601	241
601	538
601	590
601	591
601	767
601	814
601	862
601	910
601	918
602	115
602	172
602	393
602	537
602	558
602	627
602	634
602	683
602	699
602	1000
603	257
603	536
603	544
603	588
603	709
603	725
603	752
603	812
603	829
603	958
604	226
604	402
604	442
604	545
604	730
604	768
604	774
604	830
604	852
604	874
605	44
605	332
605	398
605	421
605	661
605	662
605	671
605	705
605	745
605	844
606	567
606	624
606	740
606	789
606	794
606	849
606	938
606	944
606	968
606	977
607	257
607	428
607	536
607	544
607	709
607	725
607	752
607	812
607	829
607	961
608	81
608	140
608	197
608	423
608	459
608	462
608	488
608	582
608	599
608	704
609	72
609	214
609	247
609	384
609	485
609	489
609	640
609	689
609	716
609	794
610	598
610	682
610	697
610	796
610	803
610	871
610	901
610	916
610	934
610	936
611	109
611	267
611	294
611	374
611	622
611	707
611	763
611	800
611	834
611	836
612	235
612	265
612	296
612	461
612	597
612	659
612	660
612	667
612	710
612	940
613	196
613	365
613	383
613	435
613	468
613	513
613	518
613	691
613	733
613	884
614	392
614	554
614	639
614	811
614	813
614	828
614	883
614	922
614	942
614	951
615	415
615	685
615	775
615	817
615	826
615	867
615	933
615	941
615	967
615	999
616	40
616	171
616	188
616	251
616	302
616	447
616	505
616	574
616	646
616	818
617	403
617	578
617	656
617	687
617	765
617	788
617	793
617	851
617	908
617	913
618	474
618	806
618	810
618	857
618	876
618	889
618	892
618	919
618	931
618	943
619	26
619	74
619	204
619	224
619	268
619	271
619	312
619	391
619	577
619	584
620	392
620	524
620	596
620	723
620	753
620	777
620	821
620	912
620	915
620	932
621	395
621	484
621	509
621	657
621	903
621	937
621	953
621	960
621	990
621	997
622	109
622	229
622	417
622	583
622	611
622	692
622	763
622	800
622	834
622	836
623	64
623	150
623	234
623	360
623	394
623	526
623	540
623	555
623	641
623	712
624	561
624	567
624	606
624	645
624	794
624	938
624	944
624	968
624	984
624	986
625	167
625	433
625	642
625	696
625	920
625	964
625	966
625	970
625	995
625	996
626	252
626	464
626	571
626	860
626	865
626	887
626	891
626	923
626	935
626	955
627	172
627	393
627	528
627	537
627	542
627	558
627	602
627	634
627	683
627	699
628	266
628	589
628	647
628	838
628	893
628	897
628	925
628	930
628	939
628	983
629	289
629	440
629	473
629	486
629	496
629	515
629	549
629	570
629	586
629	632
630	304
630	380
630	456
630	457
630	499
630	500
630	650
630	741
630	746
630	762
631	390
631	744
631	773
631	832
631	842
631	863
631	971
631	989
631	991
631	1000
632	289
632	414
632	440
632	473
632	486
632	496
632	515
632	570
632	586
632	629
633	118
633	580
633	673
633	698
633	703
633	712
633	721
633	724
633	787
633	966
634	115
634	393
634	528
634	537
634	558
634	602
634	627
634	683
634	699
634	828
635	195
635	580
635	673
635	698
635	703
635	712
635	721
635	724
635	785
635	787
636	666
636	706
636	756
636	809
636	816
636	823
636	853
636	878
636	888
636	904
637	28
637	165
637	182
637	353
637	378
637	419
637	442
637	554
637	579
637	987
638	5
638	128
638	261
638	269
638	463
638	482
638	510
638	535
638	575
638	765
639	1
639	614
639	729
639	811
639	828
639	870
639	883
639	922
639	942
639	951
640	72
640	148
640	214
640	298
640	384
640	485
640	489
640	609
640	689
640	716
641	64
641	150
641	234
641	360
641	394
641	523
641	526
641	540
641	555
641	623
642	625
642	670
642	767
642	864
642	920
642	964
642	970
642	974
642	995
642	996
643	337
643	340
643	522
643	760
643	870
643	877
643	882
643	929
643	952
643	982
644	10
644	444
644	466
644	648
644	680
644	780
644	782
644	791
644	807
644	917
645	107
645	122
645	135
645	140
645	202
645	451
645	452
645	495
645	569
645	624
646	40
646	171
646	188
646	251
646	302
646	447
646	505
646	574
646	616
646	880
647	359
647	628
647	678
647	838
647	893
647	897
647	925
647	939
647	963
647	983
648	372
648	521
648	644
648	686
648	780
648	782
648	791
648	807
648	917
648	971
649	144
649	151
649	281
649	508
649	565
649	690
649	695
649	736
649	751
649	783
650	215
650	304
650	348
650	380
650	457
650	472
650	499
650	630
650	746
650	762
651	659
651	847
651	905
651	909
651	954
651	958
651	965
651	980
651	988
651	992
652	275
652	293
652	556
652	664
652	741
652	743
652	855
652	886
652	907
652	914
652	947
653	86
653	148
653	178
653	244
653	355
653	401
653	474
653	581
653	706
653	754
653	932
654	32
654	94
654	119
654	191
654	242
654	243
654	262
654	478
654	502
654	593
654	845
655	544
655	700
655	713
655	790
655	827
655	861
655	884
655	885
655	900
655	961
655	976
656	245
656	264
656	272
656	472
656	617
656	765
656	770
656	788
656	793
656	851
656	908
657	379
657	621
657	841
657	850
657	903
657	913
657	937
657	953
657	960
657	990
657	997
658	35
658	731
658	817
658	826
658	839
658	867
658	905
658	933
658	941
658	967
658	999
659	141
659	235
659	265
659	296
659	461
659	597
659	612
659	651
659	660
659	667
659	710
660	141
660	235
660	265
660	296
660	461
660	597
660	612
660	659
660	667
660	686
660	710
661	44
661	169
661	181
661	274
661	332
661	398
661	543
661	605
661	662
661	705
661	745
662	44
662	169
662	274
662	332
662	398
662	605
662	661
662	671
662	705
662	745
662	964
663	487
663	583
663	666
663	756
663	809
663	816
663	823
663	853
663	878
663	888
663	904
664	292
664	652
664	708
664	741
664	846
664	855
664	875
664	886
664	907
664	914
664	947
665	422
665	685
665	743
665	747
665	790
665	861
665	884
665	885
665	900
665	961
665	976
666	636
666	663
666	756
666	809
666	816
666	823
666	853
666	878
666	888
666	904
666	916
667	141
667	235
667	240
667	265
667	296
667	461
667	597
667	612
667	659
667	660
667	710
668	305
668	493
668	722
668	796
668	803
668	871
668	873
668	901
668	916
668	934
668	936
669	142
669	396
669	670
669	832
669	835
669	864
669	966
669	970
669	974
669	995
669	996
670	642
670	669
670	859
670	864
670	920
670	964
670	966
670	970
670	974
670	995
670	996
671	44
671	169
671	178
671	181
671	274
671	398
671	421
671	605
671	662
671	705
671	745
672	73
672	110
672	220
672	239
672	277
672	399
672	436
672	492
672	595
672	600
672	967
673	195
673	580
673	587
673	633
673	635
673	698
673	703
673	712
673	721
673	787
673	799
674	720
674	778
674	798
674	860
674	865
674	887
674	891
674	899
674	921
674	935
674	955
675	471
675	490
675	517
675	684
675	702
675	761
675	802
675	807
675	848
675	890
675	924
676	52
676	211
676	320
676	342
676	418
676	525
676	740
676	764
676	868
676	902
676	963
677	103
677	221
677	287
677	466
677	559
677	585
677	592
677	688
677	737
677	781
677	843
678	336
678	406
678	445
678	647
678	801
678	808
678	877
678	882
678	929
678	952
678	982
679	93
679	97
679	310
679	375
679	469
679	534
679	543
679	562
679	716
679	734
679	769
680	444
680	453
680	466
680	521
680	644
680	686
680	748
680	780
680	791
680	807
680	917
681	154
681	759
681	797
681	869
681	879
681	898
681	911
681	956
681	959
681	978
681	994
682	316
682	610
682	722
682	796
682	803
682	863
682	871
682	901
682	916
682	934
682	936
683	115
683	172
683	393
683	407
683	528
683	537
683	558
683	602
683	627
683	634
683	699
684	375
684	471
684	503
684	532
684	675
684	702
684	761
684	802
684	848
684	890
684	924
685	422
685	494
685	615
685	665
685	700
685	861
685	884
685	885
685	900
685	906
685	961
686	372
686	444
686	453
686	466
686	648
686	660
686	680
686	780
686	782
686	807
686	917
687	272
687	472
687	578
687	617
687	693
687	765
687	770
687	788
687	793
687	851
687	908
688	103
688	345
688	397
688	412
688	559
688	585
688	592
688	594
688	677
688	781
688	843
689	136
689	214
689	291
689	298
689	384
689	485
689	489
689	609
689	640
689	716
689	723
690	151
690	281
690	367
690	508
690	543
690	565
690	649
690	695
690	736
690	751
690	783
691	196
691	365
691	383
691	455
691	468
691	513
691	518
691	613
691	733
691	748
691	786
692	13
692	109
692	137
692	143
692	374
692	583
692	622
692	763
692	800
692	834
692	836
693	249
693	490
693	503
693	517
693	687
693	702
693	761
693	802
693	848
693	890
693	924
694	404
694	589
694	820
694	838
694	855
694	897
694	910
694	925
694	939
694	963
694	983
695	91
695	137
695	151
695	281
695	565
695	649
695	690
695	736
695	751
695	783
695	996
696	330
696	625
696	702
696	864
696	920
696	964
696	966
696	970
696	974
696	995
696	996
697	21
697	297
697	382
697	413
697	450
697	545
697	610
697	738
697	749
697	755
697	844
698	118
698	304
698	587
698	633
698	635
698	673
698	703
698	712
698	721
698	724
698	787
699	115
699	172
699	393
699	528
699	537
699	558
699	602
699	627
699	634
699	683
699	943
700	331
700	655
700	685
700	743
700	790
700	827
700	861
700	900
700	933
700	961
700	976
701	139
701	242
701	550
701	739
701	840
701	845
701	859
701	895
701	946
701	985
701	993
702	490
702	503
702	517
702	675
702	684
702	693
702	696
702	761
702	848
702	890
702	924
703	532
703	580
703	587
703	633
703	635
703	673
703	698
703	712
703	721
703	724
703	787
704	81
704	197
704	423
704	459
704	462
704	488
704	559
704	582
704	588
704	599
704	608
705	181
705	274
705	332
705	398
705	421
705	605
705	661
705	662
705	671
705	745
705	904
706	148
706	178
706	244
706	355
706	401
706	458
706	474
706	581
706	636
706	653
706	754
707	550
707	611
707	726
707	739
707	815
707	840
707	845
707	859
707	946
707	985
707	993
708	476
708	507
708	556
708	664
708	846
708	855
708	875
708	886
708	907
708	914
708	947
709	163
709	257
709	428
709	445
709	588
709	603
709	607
709	725
709	757
709	812
709	829
710	141
710	235
710	265
710	296
710	461
710	597
710	612
710	659
710	660
710	667
710	900
711	399
711	524
711	563
711	566
711	723
711	777
711	814
711	821
711	854
711	912
711	915
711	932
712	118
712	580
712	587
712	623
712	633
712	635
712	673
712	698
712	703
712	721
712	724
712	787
713	420
713	533
713	534
713	655
713	790
713	804
713	827
713	885
713	900
713	906
713	961
713	976
714	192
714	424
714	498
714	512
714	785
714	881
714	940
714	950
714	962
714	972
714	973
714	987
715	213
715	301
715	479
715	750
715	773
715	832
715	842
715	863
715	971
715	989
715	991
715	1000
716	72
716	136
716	214
716	247
716	298
716	384
716	485
716	489
716	609
716	640
716	679
716	689
717	139
717	153
717	209
717	259
717	411
717	414
717	477
717	514
717	576
717	735
717	742
717	779
718	265
718	824
718	847
718	905
718	909
718	941
718	954
718	958
718	965
718	980
718	988
718	992
719	371
719	392
719	523
719	811
719	813
719	858
719	870
719	883
719	922
719	942
719	951
719	962
720	274
720	564
720	674
720	778
720	860
720	887
720	891
720	899
720	921
720	923
720	935
720	955
721	195
721	443
721	580
721	587
721	633
721	635
721	673
721	698
721	703
721	712
721	724
721	787
722	306
722	410
722	493
722	598
722	668
722	682
722	803
722	871
722	873
722	916
722	934
722	936
723	596
723	620
723	689
723	711
723	728
723	753
723	777
723	821
723	854
723	912
723	915
723	932
724	118
724	195
724	510
724	580
724	587
724	633
724	635
724	698
724	703
724	712
724	721
724	787
725	163
725	338
725	544
725	588
725	603
725	607
725	709
725	752
725	757
725	790
725	812
725	829
726	147
726	317
726	550
726	707
726	739
726	750
726	815
726	840
726	859
726	946
726	985
726	993
727	282
727	557
727	784
727	822
727	894
727	896
727	926
727	928
727	930
727	945
727	970
727	981
728	313
728	563
728	566
728	723
728	753
728	777
728	806
728	821
728	854
728	912
728	915
728	932
729	513
729	530
729	639
729	811
729	813
729	825
729	828
729	858
729	883
729	922
729	942
729	951
730	82
730	226
730	279
730	373
730	464
730	604
730	732
730	768
730	774
730	830
730	852
730	874
731	145
731	560
731	658
731	775
731	817
731	826
731	867
731	914
731	933
731	941
731	967
731	999
732	226
732	279
732	373
732	385
732	402
732	464
732	730
732	774
732	830
732	852
732	874
732	952
733	196
733	365
733	383
733	435
733	455
733	468
733	513
733	518
733	579
733	613
733	691
733	748
734	93
734	97
734	231
734	310
734	375
734	469
734	482
734	534
734	543
734	562
734	679
734	769
735	153
735	209
735	259
735	260
735	414
735	477
735	514
735	549
735	576
735	717
735	742
735	779
736	91
736	137
736	151
736	187
736	508
736	565
736	649
736	690
736	695
736	751
736	783
736	893
737	221
737	287
737	373
737	397
737	412
737	559
737	585
737	592
737	594
737	677
737	781
737	843
738	120
738	297
738	344
738	382
738	413
738	450
738	545
738	697
738	749
738	755
738	844
738	854
739	351
739	701
739	707
739	726
739	815
739	840
739	845
739	859
739	895
739	946
739	985
739	993
740	211
740	320
740	342
740	416
740	418
740	525
740	606
740	676
740	764
740	798
740	902
740	980
741	293
741	507
741	630
741	652
741	664
741	846
741	855
741	875
741	886
741	907
741	914
741	947
742	209
742	411
742	414
742	477
742	514
742	549
742	576
742	717
742	735
742	779
742	824
742	828
743	494
743	652
743	665
743	700
743	790
743	804
743	861
743	884
743	900
743	906
743	961
743	976
744	152
744	527
744	631
744	750
744	776
744	832
744	835
744	863
744	971
744	989
744	991
744	1000
745	44
745	164
745	169
745	274
745	332
745	398
745	421
745	605
745	661
745	662
745	671
745	705
746	215
746	304
746	348
746	380
746	456
746	457
746	499
746	500
746	630
746	650
746	762
746	826
747	497
747	665
747	772
747	797
747	869
747	872
747	879
747	898
747	956
747	959
747	978
747	994
748	9
748	196
748	365
748	383
748	435
748	455
748	468
748	513
748	518
748	680
748	691
748	733
749	21
749	120
749	297
749	344
749	413
749	499
749	517
749	545
749	697
749	738
749	755
749	844
750	488
750	527
750	715
750	726
750	744
750	776
750	842
750	863
750	971
750	989
750	991
750	1000
751	91
751	137
751	187
751	281
751	508
751	565
751	649
751	690
751	695
751	736
751	762
751	783
752	58
752	416
752	428
752	536
752	544
752	588
752	603
752	607
752	725
752	757
752	812
752	829
753	524
753	566
753	620
753	723
753	728
753	777
753	809
753	821
753	854
753	912
753	915
753	932
754	86
754	148
754	178
754	244
754	355
754	401
754	458
754	474
754	653
754	706
754	794
754	818
755	21
755	120
755	344
755	382
755	413
755	450
755	545
755	697
755	738
755	749
755	812
755	844
756	135
756	487
756	636
756	663
756	666
756	809
756	816
756	823
756	853
756	878
756	888
756	904
757	163
757	179
757	257
757	428
757	441
757	536
757	588
757	709
757	725
757	752
757	812
757	829
758	350
758	771
758	818
758	834
758	837
758	866
758	948
758	949
758	957
758	969
758	979
758	998
759	173
759	261
759	681
759	772
759	786
759	795
759	869
759	872
759	898
759	956
759	978
759	994
760	121
760	406
760	445
760	468
760	522
760	643
760	801
760	808
760	882
760	929
760	952
760	982
761	249
761	275
761	431
761	532
761	675
761	684
761	693
761	702
761	802
761	848
761	890
761	924
762	304
762	348
762	380
762	456
762	457
762	499
762	500
762	630
762	650
762	746
762	751
762	890
763	267
763	285
763	294
763	374
763	417
763	583
763	611
763	622
763	692
763	800
763	834
763	836
764	29
764	320
764	342
764	416
764	418
764	525
764	676
764	740
764	798
764	868
764	899
764	902
765	276
765	403
765	472
765	617
765	638
765	656
765	687
765	770
765	788
765	793
765	851
765	908
766	467
766	568
766	806
766	857
766	860
766	876
766	889
766	892
766	919
766	931
766	943
766	962
767	60
767	87
767	241
767	538
767	590
767	591
767	601
767	642
767	805
767	814
767	862
767	918
768	373
768	385
768	402
768	464
768	501
768	604
768	730
768	774
768	830
768	852
768	874
768	968
769	93
769	97
769	231
769	310
769	375
769	469
769	534
769	543
769	562
769	679
769	734
769	840
770	264
770	276
770	379
770	403
770	472
770	578
770	656
770	687
770	765
770	788
770	851
770	908
771	232
771	541
771	758
771	818
771	927
771	948
771	949
771	957
771	969
771	975
771	979
771	998
772	747
772	759
772	786
772	795
772	869
772	872
772	911
772	956
772	959
772	978
772	990
772	994
773	232
773	255
773	631
773	715
773	776
773	832
773	842
773	863
773	966
773	971
773	989
773	991
773	1000
774	226
774	373
774	385
774	402
774	464
774	604
774	730
774	732
774	768
774	830
774	852
774	874
774	912
775	73
775	219
775	280
775	615
775	731
775	817
775	826
775	839
775	867
775	933
775	941
775	967
775	999
776	232
776	301
776	744
776	750
776	773
776	832
776	842
776	863
776	971
776	989
776	991
776	999
776	1000
777	313
777	563
777	566
777	620
777	711
777	723
777	728
777	753
777	821
777	854
777	912
777	915
777	932
778	35
778	519
778	571
778	674
778	720
778	860
778	865
778	887
778	891
778	921
778	923
778	935
778	955
779	153
779	209
779	259
779	411
779	414
779	477
779	514
779	549
779	576
779	717
779	735
779	742
779	975
780	372
780	453
780	520
780	521
780	546
780	644
780	648
780	680
780	686
780	782
780	791
780	807
780	917
781	103
781	287
781	412
781	559
781	585
781	592
781	594
781	677
781	688
781	737
781	843
781	942
781	961
782	95
782	372
782	444
782	453
782	458
782	521
782	644
782	648
782	686
782	780
782	791
782	807
782	917
783	91
783	137
783	151
783	187
783	281
783	508
783	565
783	649
783	690
783	695
783	736
783	751
783	894
784	294
784	322
784	727
784	822
784	833
784	880
784	894
784	896
784	926
784	928
784	930
784	945
784	981
785	208
785	498
785	512
785	635
785	714
785	829
785	881
785	940
785	950
785	962
785	972
785	973
785	987
786	691
786	759
786	772
786	797
786	869
786	872
786	879
786	898
786	911
786	956
786	959
786	978
786	994
787	118
787	195
787	264
787	580
787	587
787	633
787	635
787	673
787	698
787	703
787	712
787	721
787	724
788	264
788	272
788	401
788	403
788	472
788	578
788	617
788	656
788	687
788	765
788	770
788	793
788	908
789	253
789	319
789	546
789	606
789	799
789	849
789	938
789	944
789	968
789	971
789	977
789	984
789	986
790	655
790	665
790	700
790	713
790	725
790	743
790	804
790	827
790	861
790	885
790	906
790	961
790	976
791	95
791	372
791	444
791	466
791	521
791	644
791	648
791	680
791	780
791	782
791	807
791	917
791	995
792	824
792	847
792	905
792	909
792	954
792	957
792	958
792	965
792	980
792	988
792	992
793	177
793	272
793	276
793	403
793	472
793	578
793	617
793	656
793	687
793	765
793	788
793	851
793	908
794	253
794	546
794	606
794	609
794	624
794	754
794	799
794	938
794	944
794	968
794	977
794	984
794	986
795	161
795	314
795	759
795	772
795	869
795	872
795	879
795	911
795	919
795	956
795	978
795	994
795	995
796	47
796	316
796	410
796	493
796	610
796	668
796	682
796	871
796	873
796	901
796	916
796	934
796	936
797	681
797	747
797	786
797	869
797	872
797	898
797	911
797	956
797	959
797	976
797	978
797	982
797	994
798	29
798	52
798	198
798	320
798	342
798	351
798	416
798	418
798	674
798	740
798	764
798	868
798	902
799	132
799	546
799	561
799	673
799	789
799	794
799	849
799	938
799	944
799	968
799	977
799	984
799	986
800	13
800	109
800	143
800	267
800	294
800	374
800	593
800	611
800	622
800	692
800	763
800	834
800	836
801	337
801	406
801	445
801	522
801	537
801	678
801	760
801	808
801	877
801	882
801	929
801	952
801	982
802	249
802	471
802	490
802	503
802	532
802	675
802	684
802	693
802	761
802	812
802	848
802	890
802	924
803	311
803	431
803	598
803	610
803	668
803	682
803	722
803	871
803	873
803	901
803	916
803	934
803	936
804	21
804	422
804	713
804	743
804	790
804	827
804	861
804	884
804	885
804	900
804	906
804	961
804	976
805	60
805	87
805	154
805	241
805	386
805	538
805	590
805	591
805	767
805	814
805	862
805	887
805	918
806	157
806	542
806	568
806	618
806	728
806	766
806	810
806	857
806	876
806	889
806	919
806	931
806	943
807	372
807	444
807	453
807	466
807	492
807	644
807	648
807	675
807	680
807	686
807	780
807	782
807	791
807	917
808	121
808	336
808	340
808	406
808	522
808	678
808	760
808	801
808	830
808	877
808	882
808	929
808	952
808	982
809	31
809	116
809	260
809	636
809	663
809	666
809	753
809	756
809	816
809	823
809	853
809	878
809	888
809	904
810	167
810	199
810	568
810	618
810	806
810	820
810	857
810	861
810	876
810	889
810	892
810	919
810	931
810	943
811	371
811	614
811	639
811	719
811	729
811	813
811	825
811	828
811	883
811	908
811	922
811	942
811	951
811	974
812	257
812	428
812	536
812	544
812	588
812	603
812	607
812	709
812	725
812	752
812	755
812	757
812	802
812	829
813	392
813	523
813	530
813	614
813	719
813	729
813	811
813	825
813	828
813	870
813	883
813	914
813	922
813	951
814	50
814	60
814	154
814	241
814	399
814	538
814	590
814	591
814	601
814	711
814	767
814	805
814	862
814	918
815	288
815	317
815	550
815	707
815	726
815	739
815	840
815	845
815	859
815	895
815	903
815	946
815	985
815	993
816	31
816	116
816	487
816	636
816	663
816	666
816	756
816	809
816	823
816	836
816	853
816	878
816	888
816	904
817	19
817	219
817	280
817	415
817	615
817	658
817	731
817	775
817	839
817	867
817	933
817	941
817	967
817	999
818	548
818	616
818	754
818	758
818	771
818	837
818	866
818	927
818	948
818	957
818	969
818	975
818	979
818	998
819	206
819	483
819	484
819	509
819	831
819	841
819	894
819	903
819	913
819	937
819	953
819	960
819	990
819	997
820	59
820	284
820	504
820	589
820	694
820	810
820	838
820	893
820	897
820	910
820	925
820	939
820	963
820	983
821	46
821	563
821	566
821	596
821	620
821	711
821	723
821	728
821	753
821	777
821	854
821	912
821	915
821	932
822	230
822	317
822	557
822	572
822	727
822	784
822	856
822	880
822	894
822	926
822	928
822	930
822	945
822	981
823	41
823	260
823	487
823	636
823	663
823	666
823	756
823	809
823	816
823	853
823	878
823	888
823	904
823	956
824	200
824	408
824	718
824	742
824	792
824	847
824	905
824	909
824	954
824	958
824	965
824	980
824	988
824	992
825	7
825	205
825	392
825	530
825	729
825	811
825	813
825	828
825	858
825	870
825	911
825	922
825	942
825	951
826	210
826	280
826	560
826	615
826	658
826	731
826	746
826	775
826	839
826	867
826	933
826	941
826	967
826	999
827	420
827	533
827	655
827	700
827	713
827	790
827	804
827	884
827	885
827	900
827	906
827	947
827	961
827	976
828	164
828	371
828	614
828	634
828	639
828	729
828	742
828	811
828	813
828	825
828	858
828	922
828	942
828	951
829	163
829	257
829	428
829	536
829	544
829	588
829	603
829	607
829	709
829	725
829	752
829	757
829	785
829	812
830	226
830	279
830	373
830	385
830	402
830	464
830	604
830	730
830	732
830	768
830	774
830	808
830	852
830	874
831	358
831	379
831	440
831	483
831	529
831	819
831	841
831	903
831	913
831	937
831	953
831	960
831	990
831	997
832	255
832	479
832	631
832	669
832	715
832	744
832	773
832	776
832	842
832	863
832	971
832	989
832	991
832	1000
833	282
833	323
833	557
833	572
833	784
833	856
833	880
833	896
833	926
833	928
833	929
833	930
833	945
833	981
834	13
834	143
834	267
834	374
834	417
834	583
834	611
834	622
834	692
834	758
834	763
834	800
834	836
834	896
835	278
835	330
835	433
835	481
835	669
835	744
835	864
835	920
835	964
835	966
835	970
835	974
835	995
835	996
836	13
836	143
836	267
836	294
836	374
836	511
836	583
836	611
836	622
836	692
836	763
836	800
836	816
836	834
837	402
837	501
837	758
837	818
837	850
837	866
837	927
837	948
837	949
837	957
837	969
837	975
837	979
837	998
838	16
838	359
838	589
838	628
838	647
838	694
838	820
838	893
838	896
838	910
838	925
838	939
838	963
838	983
839	210
839	219
839	339
839	560
839	658
839	775
839	817
839	826
839	867
839	926
839	933
839	941
839	967
839	999
840	8
840	147
840	242
840	701
840	707
840	726
840	739
840	769
840	815
840	859
840	895
840	946
840	985
840	993
841	113
841	206
841	529
841	657
841	819
841	831
841	903
841	913
841	937
841	953
841	959
841	960
841	990
841	997
842	194
842	479
842	527
842	631
842	715
842	750
842	773
842	776
842	832
842	938
842	971
842	989
842	991
842	1000
843	103
843	221
843	287
843	397
843	412
843	559
843	585
843	592
843	594
843	677
843	688
843	737
843	781
843	960
844	21
844	120
844	297
844	344
844	382
844	413
844	450
844	526
844	545
844	605
844	697
844	738
844	749
844	755
845	139
845	179
845	242
845	283
845	654
845	701
845	707
845	739
845	815
845	859
845	895
845	946
845	985
845	993
846	275
846	507
846	556
846	664
846	708
846	741
846	855
846	862
846	875
846	883
846	886
846	907
846	914
846	947
847	200
847	651
847	718
847	792
847	824
847	905
847	909
847	925
847	954
847	958
847	965
847	980
847	988
847	992
848	235
848	249
848	471
848	503
848	532
848	675
848	684
848	693
848	702
848	761
848	802
848	890
848	924
848	977
849	84
849	253
849	319
849	327
849	567
849	606
849	789
849	799
849	944
849	951
849	968
849	977
849	984
849	986
850	501
850	541
850	657
850	837
850	865
850	866
850	927
850	948
850	949
850	957
850	969
850	975
850	979
850	998
851	264
851	272
851	276
851	299
851	403
851	472
851	502
851	578
851	617
851	656
851	687
851	765
851	770
851	793
851	908
852	52
852	226
852	279
852	373
852	385
852	402
852	464
852	604
852	730
852	732
852	768
852	774
852	830
852	874
852	980
853	31
853	116
853	168
853	260
853	487
853	636
853	663
853	666
853	756
853	809
853	816
853	823
853	878
853	888
853	904
854	313
854	524
854	563
854	566
854	596
854	711
854	723
854	728
854	738
854	753
854	777
854	821
854	912
854	915
854	932
855	12
855	78
855	293
855	507
855	652
855	664
855	694
855	708
855	741
855	846
855	875
855	886
855	907
855	914
855	947
856	216
856	282
856	484
856	557
856	822
856	833
856	876
856	880
856	894
856	896
856	926
856	928
856	930
856	945
856	981
857	105
857	369
857	467
857	542
857	618
857	766
857	806
857	810
857	876
857	889
857	892
857	918
857	919
857	931
857	943
858	130
858	164
858	205
858	371
858	392
858	523
858	530
858	719
858	729
858	825
858	828
858	870
858	883
858	942
858	951
859	8
859	283
859	317
859	670
859	701
859	707
859	726
859	739
859	815
859	840
859	845
859	895
859	946
859	985
859	993
860	42
860	519
860	564
860	571
860	626
860	674
860	720
860	766
860	778
860	865
860	891
860	921
860	923
860	935
860	955
861	422
861	494
861	655
861	665
861	685
861	700
861	743
861	790
861	804
861	810
861	884
861	900
861	906
861	961
861	976
862	50
862	60
862	87
862	154
862	241
862	386
862	538
862	590
862	591
862	601
862	767
862	805
862	814
862	846
862	918
863	194
863	479
863	527
863	631
863	682
863	715
863	744
863	750
863	773
863	776
863	832
863	971
863	989
863	991
863	1000
864	396
864	433
864	599
864	642
864	669
864	670
864	696
864	835
864	920
864	964
864	966
864	970
864	974
864	995
864	996
865	252
865	343
865	358
865	400
865	512
865	626
865	674
865	778
865	850
865	860
865	899
865	921
865	923
865	935
865	955
866	112
866	465
866	541
866	758
866	818
866	837
866	850
866	882
866	948
866	949
866	957
866	969
866	975
866	979
866	998
867	210
867	415
867	560
867	595
867	615
867	658
867	731
867	775
867	817
867	826
867	839
867	933
867	941
867	967
867	999
868	29
868	52
868	211
868	278
868	320
868	342
868	351
868	416
868	418
868	525
868	676
868	764
868	798
868	902
868	949
869	470
869	681
869	747
869	759
869	772
869	786
869	795
869	797
869	879
869	898
869	956
869	959
869	978
869	987
869	994
870	164
870	205
870	371
870	384
870	530
870	639
870	643
870	719
870	813
870	825
870	858
870	883
870	922
870	942
870	951
871	143
871	311
871	410
871	598
871	610
871	668
871	682
871	722
871	796
871	803
871	873
871	901
871	916
871	934
871	936
872	11
872	314
872	497
872	747
872	759
872	772
872	786
872	795
872	797
872	879
872	911
872	956
872	958
872	959
872	994
873	311
873	410
873	419
873	493
873	598
873	668
873	722
873	796
873	803
873	871
873	901
873	916
873	934
873	936
873	985
874	226
874	279
874	357
874	373
874	385
874	402
874	464
874	604
874	730
874	732
874	768
874	774
874	830
874	852
874	945
875	12
875	78
875	365
875	507
875	547
875	556
875	664
875	708
875	741
875	846
875	855
875	886
875	907
875	914
875	947
876	369
876	467
876	542
876	568
876	618
876	766
876	806
876	810
876	856
876	857
876	889
876	892
876	919
876	931
876	943
877	121
877	292
877	336
877	337
877	340
877	445
877	529
877	643
877	678
877	801
877	808
877	882
877	929
877	952
877	982
878	31
878	116
878	260
878	487
878	578
878	636
878	663
878	666
878	756
878	809
878	816
878	823
878	853
878	888
878	904
879	234
879	314
879	497
879	681
879	747
879	786
879	795
879	869
879	872
879	898
879	911
879	956
879	959
879	978
879	994
880	216
880	230
880	572
880	646
880	784
880	822
880	833
880	856
880	894
880	896
880	926
880	928
880	930
880	945
880	981
881	217
881	237
881	276
881	305
881	325
881	432
881	512
881	714
881	785
881	940
881	950
881	962
881	972
881	973
881	987
882	292
882	337
882	406
882	445
882	522
882	643
882	678
882	760
882	801
882	808
882	866
882	877
882	929
882	952
882	982
883	164
883	523
883	530
883	614
883	639
883	719
883	729
883	811
883	813
883	846
883	858
883	870
883	920
883	942
883	951
884	420
884	422
884	494
884	533
884	613
884	655
884	665
884	685
884	743
884	804
884	827
884	861
884	900
884	906
884	976
885	420
885	422
885	533
885	563
885	655
885	665
885	685
885	713
885	790
885	804
885	827
885	900
885	906
885	961
885	976
886	12
886	78
886	244
886	275
886	507
886	556
886	652
886	664
886	708
886	741
886	846
886	855
886	875
886	907
886	916
886	947
887	252
887	343
887	358
887	400
887	519
887	626
887	674
887	720
887	778
887	805
887	891
887	899
887	921
887	923
887	935
887	955
888	31
888	116
888	260
888	385
888	487
888	636
888	663
888	666
888	756
888	809
888	816
888	823
888	853
888	878
888	904
888	937
889	157
889	339
889	369
889	542
889	568
889	592
889	618
889	766
889	806
889	810
889	857
889	876
889	892
889	919
889	931
889	943
890	249
890	431
890	490
890	503
890	517
890	532
890	675
890	684
890	693
890	702
890	761
890	762
890	802
890	848
890	909
890	924
891	238
891	252
891	343
891	358
891	564
891	571
891	626
891	674
891	720
891	778
891	860
891	887
891	899
891	921
891	935
891	955
892	157
892	167
892	369
892	467
892	542
892	568
892	618
892	766
892	810
892	857
892	876
892	889
892	893
892	919
892	931
892	943
893	59
893	359
893	404
893	437
893	628
893	647
893	736
893	820
893	838
893	892
893	897
893	910
893	925
893	939
893	963
893	983
894	166
894	216
894	230
894	727
894	783
894	784
894	819
894	822
894	856
894	880
894	896
894	926
894	928
894	930
894	945
894	981
895	139
895	147
895	179
895	283
895	317
895	550
895	701
895	739
895	815
895	840
895	845
895	859
895	905
895	946
895	985
895	993
896	166
896	230
896	557
896	727
896	784
896	833
896	834
896	838
896	856
896	880
896	894
896	926
896	928
896	930
896	945
896	981
897	16
897	359
897	404
897	504
897	589
897	628
897	647
897	694
897	820
897	893
897	910
897	925
897	939
897	959
897	963
897	983
898	109
898	161
898	173
898	314
898	681
898	747
898	759
898	786
898	797
898	869
898	879
898	911
898	956
898	959
898	978
898	994
899	252
899	358
899	400
899	564
899	571
899	674
899	720
899	764
899	865
899	887
899	891
899	921
899	923
899	935
899	955
899	968
900	494
900	533
900	655
900	665
900	685
900	700
900	710
900	713
900	743
900	804
900	827
900	861
900	884
900	885
900	906
900	976
901	311
901	316
901	378
901	410
901	493
901	598
901	610
901	668
901	682
901	796
901	803
901	871
901	873
901	916
901	934
901	936
902	29
902	45
902	52
902	211
902	320
902	342
902	351
902	416
902	418
902	525
902	676
902	740
902	764
902	798
902	868
902	984
903	379
903	484
903	509
903	529
903	621
903	657
903	815
903	819
903	831
903	841
903	913
903	937
903	953
903	960
903	990
903	997
904	31
904	116
904	260
904	383
904	487
904	636
904	663
904	666
904	705
904	756
904	809
904	816
904	823
904	853
904	878
904	888
905	200
905	454
905	651
905	658
905	718
905	792
905	824
905	847
905	895
905	909
905	954
905	958
905	965
905	980
905	988
905	992
906	420
906	494
906	528
906	533
906	685
906	713
906	743
906	790
906	804
906	827
906	861
906	884
906	885
906	900
906	961
906	976
907	78
907	275
907	293
907	463
907	556
907	596
907	652
907	664
907	708
907	741
907	846
907	855
907	875
907	886
907	914
907	947
908	81
908	264
908	272
908	276
908	403
908	472
908	578
908	617
908	656
908	687
908	765
908	770
908	788
908	793
908	811
908	851
909	366
909	408
909	454
909	651
909	718
909	792
909	824
909	847
909	890
909	905
909	954
909	958
909	965
909	980
909	988
909	992
910	16
910	266
910	404
910	437
910	504
910	589
910	601
910	694
910	820
910	838
910	893
910	897
910	925
910	939
910	963
910	983
911	161
911	239
911	497
911	681
911	772
911	786
911	795
911	797
911	825
911	872
911	879
911	898
911	956
911	959
911	978
911	994
912	313
912	524
912	563
912	566
912	596
912	620
912	711
912	723
912	728
912	753
912	774
912	777
912	821
912	854
912	915
912	932
913	328
913	379
913	483
913	509
913	529
913	551
913	617
913	657
913	819
913	831
913	841
913	903
913	937
913	953
913	990
913	997
914	12
914	78
914	293
914	507
914	556
914	652
914	664
914	708
914	731
914	741
914	813
914	846
914	855
914	875
914	907
914	947
915	227
915	500
915	524
915	563
915	566
915	596
915	620
915	711
915	723
915	728
915	753
915	777
915	821
915	854
915	912
915	932
916	311
916	493
916	598
916	610
916	666
916	668
916	682
916	722
916	796
916	803
916	871
916	873
916	886
916	901
916	934
916	936
917	95
917	372
917	444
917	453
917	466
917	475
917	477
917	521
917	644
917	648
917	680
917	686
917	780
917	782
917	791
917	807
918	50
918	60
918	87
918	154
918	241
918	386
918	538
918	590
918	591
918	601
918	767
918	805
918	814
918	857
918	862
918	922
919	157
919	167
919	369
919	467
919	542
919	618
919	766
919	795
919	806
919	810
919	857
919	876
919	889
919	892
919	931
919	943
920	363
920	396
920	433
920	481
920	625
920	642
920	670
920	696
920	835
920	864
920	883
920	964
920	966
920	970
920	974
920	995
920	996
921	252
921	343
921	358
921	519
921	564
921	571
921	674
921	720
921	778
921	860
921	865
921	887
921	891
921	899
921	923
921	931
921	955
922	164
922	205
922	392
922	507
922	523
922	530
922	614
922	639
922	719
922	729
922	811
922	813
922	825
922	828
922	870
922	918
922	942
923	248
923	252
923	343
923	400
923	519
923	540
923	571
923	626
923	720
923	778
923	860
923	865
923	887
923	899
923	921
923	935
923	955
924	249
924	431
924	471
924	490
924	503
924	517
924	532
924	675
924	684
924	693
924	702
924	761
924	802
924	848
924	890
924	931
924	974
925	16
925	243
925	404
925	437
925	504
925	628
925	647
925	694
925	820
925	838
925	847
925	893
925	897
925	910
925	939
925	963
925	983
926	216
926	346
926	557
926	572
926	727
926	784
926	822
926	833
926	839
926	856
926	880
926	894
926	896
926	928
926	930
926	945
926	981
927	350
927	389
927	465
927	501
927	548
927	771
927	818
927	837
927	850
927	948
927	949
927	957
927	969
927	975
927	979
927	992
927	998
928	166
928	187
928	230
928	282
928	572
928	727
928	784
928	822
928	833
928	856
928	880
928	894
928	896
928	926
928	930
928	945
928	981
929	121
929	292
929	336
929	337
929	340
929	406
929	522
929	643
929	678
929	760
929	801
929	808
929	833
929	877
929	882
929	952
929	982
930	230
930	452
930	557
930	572
930	628
930	727
930	784
930	822
930	833
930	856
930	880
930	894
930	896
930	926
930	928
930	945
930	981
931	167
931	369
931	467
931	542
931	568
931	618
931	766
931	806
931	810
931	857
931	876
931	889
931	892
931	919
931	921
931	924
931	943
932	313
932	423
932	524
932	563
932	566
932	596
932	620
932	653
932	711
932	723
932	728
932	753
932	777
932	821
932	854
932	912
932	915
933	219
933	339
933	415
933	506
933	560
933	615
933	658
933	700
933	731
933	775
933	817
933	826
933	839
933	867
933	941
933	967
933	999
934	311
934	312
934	316
934	410
934	493
934	598
934	610
934	668
934	682
934	722
934	796
934	803
934	871
934	873
934	901
934	916
934	936
935	74
935	146
935	400
935	519
935	564
935	571
935	626
935	674
935	720
935	778
935	860
935	865
935	887
935	891
935	899
935	923
935	955
936	280
936	311
936	316
936	410
936	590
936	598
936	610
936	668
936	682
936	722
936	796
936	803
936	871
936	873
936	901
936	916
936	934
937	328
937	483
937	484
937	509
937	621
937	657
937	819
937	831
937	841
937	888
937	903
937	913
937	953
937	960
937	970
937	990
937	997
938	84
938	160
938	319
938	412
938	546
938	561
938	567
938	606
938	624
938	789
938	794
938	799
938	842
938	944
938	977
938	984
938	986
939	59
939	92
939	359
939	432
939	437
939	504
939	589
939	628
939	647
939	694
939	820
939	838
939	893
939	897
939	910
939	925
939	963
939	983
940	97
940	111
940	237
940	305
940	325
940	424
940	432
940	498
940	612
940	714
940	785
940	881
940	950
940	962
940	972
940	973
940	984
940	987
941	145
941	210
941	237
941	280
941	339
941	415
941	615
941	658
941	718
941	731
941	775
941	817
941	826
941	839
941	867
941	933
941	967
941	999
942	371
942	392
942	523
942	530
942	548
942	614
942	639
942	719
942	729
942	781
942	811
942	825
942	828
942	858
942	870
942	883
942	922
942	951
943	157
943	167
943	266
943	369
943	467
943	542
943	568
943	618
943	699
943	766
943	806
943	810
943	857
943	876
943	889
943	892
943	919
943	931
944	132
944	160
944	253
944	319
944	374
944	437
944	561
944	606
944	624
944	789
944	794
944	799
944	849
944	938
944	968
944	977
944	984
944	986
945	216
945	230
945	271
945	557
945	572
945	727
945	784
945	822
945	833
945	856
945	874
945	880
945	894
945	896
945	926
945	928
945	930
945	981
946	8
946	139
946	147
946	179
946	258
946	283
946	550
946	701
946	707
946	726
946	739
946	815
946	840
946	845
946	859
946	895
946	985
946	993
947	12
947	78
947	123
947	275
947	293
947	507
947	556
947	652
947	664
947	708
947	741
947	827
947	846
947	855
947	875
947	886
947	907
947	914
948	350
948	465
948	497
948	501
948	541
948	758
948	771
948	818
948	837
948	850
948	866
948	927
948	949
948	957
948	969
948	975
948	979
948	998
949	350
949	389
949	465
949	501
949	548
949	758
949	771
949	837
949	850
949	866
949	868
949	927
949	948
949	957
949	969
949	975
949	979
949	998
950	149
950	155
950	208
950	305
950	325
950	424
950	432
950	459
950	498
950	512
950	714
950	785
950	881
950	940
950	962
950	972
950	973
950	987
951	205
951	371
951	487
951	523
951	530
951	614
951	639
951	719
951	729
951	811
951	813
951	825
951	828
951	849
951	858
951	870
951	883
951	942
952	292
952	336
952	337
952	340
952	406
952	445
952	522
952	541
952	643
952	678
952	732
952	760
952	801
952	808
952	877
952	882
952	929
952	982
953	65
953	197
953	328
953	379
953	483
953	484
953	529
953	621
953	657
953	819
953	831
953	841
953	903
953	913
953	937
953	960
953	990
953	997
954	101
954	130
954	290
954	302
954	366
954	454
954	651
954	718
954	792
954	824
954	847
954	905
954	909
954	958
954	965
954	980
954	988
954	992
955	343
955	358
955	391
955	400
955	519
955	564
955	626
955	674
955	720
955	778
955	860
955	865
955	887
955	891
955	899
955	921
955	923
955	935
956	173
956	497
956	681
956	747
956	759
956	772
956	786
956	795
956	797
956	823
956	869
956	872
956	879
956	898
956	911
956	959
956	978
956	994
957	389
957	496
957	541
957	548
957	758
957	771
957	792
957	818
957	837
957	850
957	866
957	927
957	948
957	949
957	969
957	975
957	979
957	998
958	200
958	366
958	408
958	454
958	603
958	651
958	718
958	792
958	824
958	847
958	872
958	905
958	909
958	954
958	965
958	980
958	988
958	992
959	161
959	173
959	497
959	681
959	747
959	772
959	786
959	797
959	841
959	869
959	872
959	879
959	897
959	898
959	911
959	956
959	978
959	994
960	206
960	295
960	328
960	483
960	484
960	509
960	529
960	621
960	657
960	819
960	831
960	841
960	843
960	903
960	937
960	953
960	990
960	997
961	422
961	494
961	533
961	607
961	655
961	665
961	685
961	700
961	713
961	743
961	781
961	790
961	804
961	827
961	861
961	885
961	906
961	976
962	111
962	155
962	208
962	237
962	424
962	432
962	498
962	512
962	714
962	719
962	766
962	785
962	881
962	940
962	950
962	972
962	973
962	987
963	16
963	59
963	220
963	359
963	437
963	504
963	589
963	647
963	676
963	694
963	820
963	838
963	893
963	897
963	910
963	925
963	939
963	983
964	278
964	329
964	330
964	396
964	481
964	625
964	642
964	662
964	670
964	696
964	835
964	864
964	920
964	966
964	970
964	974
964	979
964	995
964	996
965	101
965	130
965	362
965	366
965	382
965	408
965	454
965	651
965	718
965	792
965	824
965	847
965	905
965	909
965	954
965	958
965	980
965	988
965	992
966	278
966	329
966	330
966	433
966	481
966	625
966	633
966	669
966	670
966	696
966	773
966	835
966	864
966	920
966	964
966	970
966	974
966	995
966	996
967	27
967	145
967	210
967	219
967	280
967	339
967	560
967	615
967	658
967	672
967	731
967	775
967	817
967	826
967	839
967	867
967	933
967	941
967	999
968	84
968	132
968	160
968	316
968	546
968	561
968	567
968	606
968	624
968	768
968	789
968	794
968	799
968	849
968	899
968	944
968	977
968	984
968	986
969	108
969	350
969	389
969	465
969	541
969	548
969	758
969	771
969	818
969	837
969	850
969	866
969	927
969	948
969	949
969	957
969	975
969	979
969	998
970	278
970	329
970	433
970	481
970	625
970	642
970	669
970	670
970	696
970	727
970	835
970	864
970	920
970	937
970	964
970	966
970	974
970	995
970	996
971	152
971	194
971	232
971	255
971	479
971	631
971	648
971	715
971	744
971	750
971	773
971	776
971	789
971	832
971	842
971	863
971	989
971	991
971	1000
972	111
972	155
972	208
972	237
972	287
972	305
972	325
972	424
972	432
972	491
972	512
972	714
972	785
972	881
972	940
972	950
972	962
972	973
972	987
973	33
973	111
973	155
973	208
973	237
973	305
973	325
973	424
973	432
973	498
973	714
973	785
973	881
973	940
973	950
973	962
973	972
973	987
973	996
974	329
974	330
974	396
974	433
974	481
974	642
974	669
974	670
974	696
974	811
974	835
974	864
974	920
974	924
974	964
974	966
974	970
974	995
974	996
975	117
975	350
975	389
975	465
975	501
975	541
975	771
975	779
975	818
975	837
975	850
975	866
975	927
975	948
975	949
975	957
975	969
975	979
975	998
976	420
976	422
976	481
976	533
976	655
976	665
976	700
976	713
976	743
976	790
976	797
976	804
976	827
976	861
976	884
976	885
976	900
976	906
976	961
977	84
977	160
977	253
977	319
977	546
977	561
977	567
977	606
977	789
977	794
977	799
977	848
977	849
977	938
977	944
977	968
977	981
977	984
977	986
978	39
978	67
978	173
978	314
978	497
978	681
978	747
978	759
978	772
978	786
978	795
978	797
978	869
978	879
978	898
978	911
978	956
978	959
978	994
979	15
979	389
979	465
979	501
979	548
979	758
979	771
979	818
979	837
979	850
979	866
979	927
979	948
979	949
979	957
979	964
979	969
979	975
979	998
980	101
980	130
980	366
980	408
980	454
980	651
980	718
980	740
980	792
980	824
980	847
980	852
980	905
980	909
980	954
980	958
980	965
980	988
980	992
981	71
981	166
981	216
981	282
981	557
981	572
981	727
981	784
981	822
981	833
981	856
981	880
981	894
981	896
981	926
981	928
981	930
981	945
981	977
982	121
982	292
982	336
982	337
982	340
982	406
982	445
982	522
982	643
982	678
982	760
982	797
982	801
982	808
982	877
982	882
982	929
982	952
982	989
983	6
983	16
983	266
983	328
983	404
983	437
983	504
983	589
983	628
983	647
983	694
983	820
983	838
983	893
983	897
983	910
983	925
983	939
983	963
984	84
984	132
984	160
984	253
984	546
984	561
984	567
984	624
984	789
984	794
984	799
984	849
984	902
984	938
984	940
984	944
984	968
984	977
984	986
985	139
985	147
985	179
985	242
985	283
985	303
985	317
985	550
985	701
985	707
985	726
985	739
985	815
985	840
985	845
985	859
985	873
985	895
985	946
985	993
986	84
986	114
986	132
986	160
986	253
986	319
986	509
986	546
986	561
986	567
986	624
986	789
986	794
986	799
986	849
986	938
986	944
986	968
986	977
986	984
987	111
987	155
987	208
987	237
987	305
987	325
987	424
987	432
987	498
987	512
987	637
987	714
987	785
987	869
987	881
987	940
987	950
987	962
987	972
987	973
988	101
988	130
988	200
988	211
988	366
988	408
988	428
988	454
988	651
988	718
988	792
988	824
988	847
988	905
988	909
988	954
988	958
988	965
988	980
988	992
989	152
989	194
989	232
989	255
989	301
989	370
989	479
989	527
989	631
989	715
989	744
989	750
989	773
989	776
989	832
989	842
989	863
989	971
989	982
989	1000
990	206
990	328
990	379
990	456
990	483
990	484
990	509
990	529
990	621
990	657
990	772
990	819
990	831
990	841
990	903
990	913
990	937
990	953
990	960
990	997
991	152
991	194
991	232
991	255
991	301
991	361
991	479
991	527
991	556
991	631
991	715
991	744
991	750
991	773
991	776
991	832
991	842
991	863
991	971
991	1000
992	101
992	130
992	133
992	200
992	366
992	408
992	454
992	651
992	718
992	792
992	824
992	847
992	905
992	909
992	927
992	954
992	958
992	965
992	980
992	988
993	8
993	147
993	179
993	242
993	283
993	317
993	450
993	550
993	558
993	701
993	707
993	726
993	739
993	815
993	840
993	845
993	859
993	895
993	946
993	985
994	161
994	314
994	377
994	460
994	497
994	681
994	747
994	759
994	772
994	786
994	795
994	797
994	869
994	872
994	879
994	898
994	911
994	956
994	959
994	978
995	278
995	329
995	330
995	396
995	481
995	625
995	642
995	669
995	670
995	696
995	791
995	795
995	835
995	864
995	920
995	964
995	966
995	970
995	974
995	996
996	278
996	329
996	330
996	396
996	481
996	625
996	642
996	669
996	670
996	695
996	696
996	835
996	864
996	920
996	964
996	966
996	970
996	973
996	974
996	995
997	206
997	328
997	379
997	411
997	483
997	484
997	509
997	529
997	550
997	621
997	657
997	819
997	831
997	841
997	903
997	913
997	937
997	953
997	960
997	990
998	350
998	424
998	465
998	501
998	541
998	548
998	573
998	758
998	771
998	818
998	837
998	850
998	866
998	927
998	948
998	949
998	957
998	969
998	975
998	979
999	56
999	145
999	210
999	219
999	280
999	339
999	415
999	560
999	615
999	658
999	731
999	775
999	776
999	817
999	826
999	839
999	867
999	933
999	941
999	967
1000	103
1000	152
1000	194
1000	255
1000	301
1000	479
1000	527
1000	602
1000	631
1000	715
1000	744
1000	750
1000	773
1000	776
1000	832
1000	842
1000	863
1000	971
1000	989
1000	991
