1	26
1	38
1	55
1	64
1	147
1	353
2	434
2	585
2	673
2	761
2	766
2	865
3	5
3	62
3	76
3	78
3	113
3	737
4	6
4	21
4	22
4	47
4	67
4	217
5	3
5	62
5	76
5	78
5	113
5	209
6	4
6	21
6	22
6	47
6	67
6	299
7	675
7	826
7	864
7	906
7	914
7	930
8	919
8	933
8	939
8	941
8	947
8	955
9	18
9	23
9	84
9	100
9	132
9	876
10	61
10	86
10	96
10	119
10	139
10	801
11	163
11	190
11	308
11	390
11	410
11	459
12	565
12	619
12	673
12	761
12	766
12	865
13	65
13	90
13	129
13	206
13	234
13	476
14	35
14	51
14	92
14	131
14	191
14	722
15	253
15	261
15	307
15	384
15	465
15	521
16	40
16	175
16	188
16	250
16	291
16	937
17	148
17	218
17	223
17	278
17	284
17	286
18	9
18	23
18	84
18	100
18	132
18	789
19	220
19	271
19	345
19	408
19	444
19	462
20	164
20	202
20	285
20	288
20	351
20	479
21	4
21	6
21	22
21	47
21	67
21	197
22	4
22	6
22	21
22	47
22	67
22	618
23	9
23	18
23	84
23	100
23	132
23	506
24	79
24	120
24	306
24	320
24	346
24	350
25	165
25	207
25	227
25	386
25	457
25	987
26	1
26	38
26	55
26	64
26	147
26	353
27	138
27	157
27	209
27	242
27	336
27	343
28	588
28	717
28	772
28	789
28	821
28	848
29	216
29	357
29	362
29	414
29	418
29	463
30	480
30	694
30	729
30	777
30	798
30	841
31	380
31	519
31	587
31	604
31	632
31	642
32	574
32	621
32	664
32	666
32	679
32	923
33	112
33	125
33	185
33	192
33	326
33	495
34	213
34	217
34	361
34	396
34	431
34	438
35	14
35	51
35	92
35	131
35	191
35	714
36	136
36	436
36	546
36	596
36	696
36	741
37	584
37	709
37	713
37	727
37	803
37	809
38	1
38	26
38	55
38	64
38	147
38	353
39	246
39	275
39	314
39	344
39	485
39	537
40	16
40	78
40	188
40	198
40	250
40	291
41	159
41	182
41	204
41	411
41	427
41	528
42	958
42	961
42	973
42	983
42	994
42	998
43	99
43	151
43	184
43	244
43	321
43	547
44	93
44	104
44	107
44	116
44	181
44	843
45	153
45	167
45	189
45	193
45	249
45	423
46	522
46	562
46	659
46	768
46	844
46	897
47	4
47	6
47	21
47	22
47	67
47	908
48	53
48	101
48	172
48	272
48	280
48	304
49	103
49	232
49	420
49	575
49	618
49	667
50	97
50	133
50	260
50	263
50	409
50	472
51	14
51	35
51	92
51	131
51	191
51	732
52	644
52	683
52	846
52	857
52	880
52	887
53	48
53	172
53	272
53	280
53	304
53	904
54	780
54	889
54	898
54	905
54	917
54	951
55	1
55	26
55	38
55	64
55	353
55	633
56	193
56	230
56	274
56	333
56	354
56	363
57	484
57	563
57	574
57	664
57	666
57	679
58	505
58	515
58	516
58	524
58	592
58	643
59	90
59	146
59	540
59	542
59	585
59	591
60	153
60	167
60	189
60	193
60	249
60	329
61	10
61	86
61	96
61	119
61	139
61	333
62	3
62	5
62	76
62	78
62	113
62	219
63	595
63	986
63	989
63	993
63	997
63	999
64	1
64	26
64	38
64	55
64	147
64	353
65	13
65	118
65	206
65	234
65	317
65	819
66	394
66	597
66	729
66	777
66	798
66	841
67	4
67	6
67	21
67	22
67	47
67	160
68	778
68	815
68	843
68	846
68	887
68	987
69	72
69	110
69	160
69	212
69	282
69	339
70	238
70	251
70	266
70	296
70	408
70	440
71	366
71	381
71	506
71	518
71	554
71	611
72	69
72	110
72	160
72	212
72	282
72	339
73	962
73	986
73	989
73	993
73	997
73	999
74	187
74	328
74	476
74	513
74	580
74	715
75	89
75	109
75	145
75	171
75	186
75	993
76	3
76	5
76	62
76	78
76	113
76	321
77	213
77	217
77	361
77	396
77	431
77	438
78	3
78	5
78	40
78	62
78	76
78	113
79	24
79	120
79	306
79	320
79	346
79	350
80	912
80	960
80	965
80	969
80	988
80	995
81	152
81	166
81	276
81	315
81	355
81	736
82	176
82	553
82	648
82	672
82	759
82	823
83	235
83	376
83	560
83	734
83	737
83	760
84	9
84	18
84	23
84	100
84	132
84	537
85	368
85	620
85	625
85	652
85	691
85	714
86	10
86	61
86	96
86	119
86	139
86	318
87	413
87	443
87	452
87	539
87	594
87	623
88	230
88	247
88	274
88	333
88	354
88	363
89	75
89	109
89	145
89	171
89	186
89	572
90	13
90	59
90	129
90	206
90	234
90	317
91	741
91	938
91	954
91	980
91	987
91	991
92	14
92	35
92	51
92	131
92	191
92	751
93	44
93	104
93	107
93	116
93	150
93	181
94	435
94	500
94	507
94	581
94	635
94	640
95	388
95	532
95	620
95	652
95	714
95	915
96	10
96	61
96	86
96	119
96	139
96	994
97	50
97	133
97	260
97	263
97	409
97	472
98	295
98	338
98	356
98	425
98	432
98	454
99	43
99	144
99	184
99	244
99	321
99	783
100	9
100	18
100	23
100	84
100	132
100	678
101	48
101	172
101	272
101	280
101	304
101	947
102	327
102	600
102	626
102	693
102	721
102	754
103	49
103	424
103	429
103	575
103	618
103	667
104	44
104	93
104	107
104	116
104	150
104	181
105	380
105	519
105	587
105	604
105	632
105	642
106	146
106	402
106	542
106	585
106	591
106	915
107	44
107	93
107	104
107	116
107	150
107	181
108	448
108	491
108	576
108	622
108	695
108	699
109	75
109	89
109	145
109	171
109	186
109	419
110	69
110	72
110	212
110	282
110	339
110	699
111	565
111	571
111	577
111	673
111	767
111	865
112	33
112	125
112	142
112	185
112	192
112	326
113	3
113	5
113	62
113	76
113	78
113	868
114	187
114	476
114	489
114	513
114	580
114	715
115	963
115	970
115	972
115	978
115	979
115	996
116	44
116	93
116	104
116	107
116	150
116	517
117	394
117	597
117	729
117	777
117	841
117	948
118	65
118	129
118	206
118	234
118	317
118	688
119	10
119	61
119	86
119	96
119	139
119	764
120	24
120	79
120	320
120	340
120	346
120	350
121	860
121	902
121	977
121	982
121	984
121	995
122	376
122	416
122	614
122	734
122	737
122	760
123	229
123	289
123	419
123	421
123	453
123	529
124	219
124	546
124	577
124	596
124	696
124	741
125	33
125	112
125	142
125	185
125	192
125	326
126	432
126	477
126	505
126	512
126	592
126	643
127	513
127	817
127	827
127	858
127	892
127	920
128	136
128	546
128	596
128	696
128	741
128	776
129	13
129	90
129	118
129	206
129	317
129	995
130	364
130	413
130	443
130	523
130	539
130	623
131	14
131	35
131	51
131	92
131	191
131	755
132	9
132	18
132	23
132	84
132	100
132	833
133	50
133	97
133	199
133	263
133	409
133	472
134	163
134	308
134	390
134	410
134	459
134	868
135	455
135	751
135	759
135	783
135	819
135	823
136	36
136	128
136	520
136	546
136	596
136	696
137	168
137	259
137	300
137	348
137	372
137	437
138	27
138	157
138	209
138	242
138	336
138	343
139	10
139	61
139	86
139	96
139	119
139	665
140	152
140	166
140	276
140	315
140	355
140	781
141	207
141	215
141	227
141	386
141	447
141	457
142	112
142	125
142	185
142	192
142	326
142	901
143	469
143	966
143	975
143	976
143	985
143	1000
144	99
144	151
144	184
144	244
144	321
144	492
145	75
145	89
145	109
145	171
145	186
145	828
146	59
146	106
146	402
146	540
146	542
146	591
147	1
147	26
147	38
147	64
147	353
147	632
148	17
148	218
148	223
148	278
148	284
148	286
149	891
149	926
149	956
149	977
149	982
149	984
150	93
150	104
150	107
150	116
150	181
150	458
151	43
151	144
151	184
151	244
151	321
151	501
152	81
152	140
152	166
152	276
152	315
152	355
153	45
153	60
153	167
153	189
153	193
153	249
154	220
154	271
154	299
154	444
154	462
154	835
155	238
155	251
155	266
155	408
155	440
155	880
156	550
156	818
156	889
156	898
156	917
156	951
157	27
157	138
157	209
157	242
157	336
157	343
158	682
158	730
158	763
158	795
158	800
158	814
159	41
159	182
159	411
159	427
159	461
159	528
160	67
160	69
160	72
160	212
160	282
160	339
161	526
161	593
161	889
161	898
161	917
161	951
162	426
162	501
162	525
162	535
162	704
162	782
163	11
163	134
163	308
163	390
163	410
163	459
164	20
164	214
164	288
164	351
164	433
164	479
165	25
165	207
165	215
165	386
165	457
165	745
166	81
166	140
166	152
166	276
166	315
166	355
167	45
167	60
167	153
167	189
167	193
167	249
168	137
168	173
168	259
168	348
168	372
168	437
169	229
169	262
169	419
169	421
169	529
169	710
170	663
170	755
170	826
170	864
170	914
170	930
171	75
171	89
171	109
171	145
171	186
171	991
172	48
172	53
172	101
172	272
172	280
172	809
173	168
173	300
173	348
173	372
173	390
173	437
174	198
174	435
174	507
174	581
174	635
174	640
175	16
175	198
175	250
175	291
175	675
175	905
176	82
176	446
176	653
176	751
176	819
176	823
177	723
177	807
177	869
177	871
177	895
177	901
178	412
178	562
178	762
178	768
178	791
178	844
179	490
179	501
179	661
179	726
179	738
179	833
180	776
180	862
180	863
180	886
180	927
180	948
181	44
181	93
181	104
181	107
181	150
181	903
182	41
182	159
182	204
182	256
182	411
182	461
183	452
183	942
183	970
183	978
183	979
183	981
184	43
184	99
184	144
184	151
184	244
184	321
185	33
185	112
185	125
185	142
185	192
185	326
186	75
186	89
186	109
186	145
186	171
186	893
187	74
187	114
187	328
187	375
187	580
187	715
188	16
188	40
188	198
188	250
188	291
188	355
189	45
189	60
189	153
189	167
189	193
189	249
190	11
190	308
190	390
190	410
190	459
190	920
191	14
191	35
191	51
191	92
191	131
191	849
192	33
192	112
192	125
192	142
192	185
192	326
193	45
193	56
193	60
193	153
193	167
193	189
194	642
194	877
194	940
194	958
194	973
194	992
195	297
195	583
195	677
195	818
195	917
195	951
196	323
196	602
196	742
196	743
196	771
196	787
197	21
197	718
197	820
197	836
197	853
197	896
198	40
198	174
198	175
198	188
198	250
198	291
199	133
199	260
199	263
199	409
199	472
199	897
200	295
200	338
200	356
200	425
200	432
200	454
200	655
201	450
201	519
201	587
201	604
201	632
201	642
201	932
202	20
202	214
202	285
202	288
202	351
202	433
202	479
203	705
203	758
203	794
203	798
203	858
203	892
203	920
204	41
204	182
204	256
204	411
204	427
204	461
204	528
205	337
205	675
205	799
205	859
205	906
205	914
205	930
206	13
206	65
206	90
206	118
206	129
206	234
206	317
207	25
207	141
207	165
207	215
207	227
207	386
207	457
208	237
208	277
208	294
208	365
208	383
208	385
208	387
209	5
209	27
209	138
209	157
209	242
209	336
209	343
210	211
210	403
210	406
210	510
210	536
210	549
210	936
211	210
211	403
211	406
211	471
211	510
211	536
211	549
212	69
212	72
212	110
212	160
212	282
212	339
212	866
213	34
213	77
213	217
213	361
213	396
213	431
213	438
214	164
214	202
214	285
214	351
214	433
214	479
214	963
215	141
215	165
215	207
215	227
215	386
215	457
215	974
216	29
216	319
216	357
216	414
216	418
216	463
216	937
217	4
217	34
217	77
217	213
217	396
217	431
217	438
218	17
218	148
218	223
218	278
218	284
218	286
218	726
219	62
219	124
219	257
219	436
219	520
219	546
219	696
220	19
220	154
220	271
220	299
220	345
220	444
220	462
221	334
221	468
221	487
221	504
221	617
221	624
221	665
222	705
222	794
222	827
222	858
222	887
222	892
222	920
223	17
223	148
223	218
223	278
223	284
223	286
223	903
224	656
224	706
224	742
224	771
224	787
224	811
224	927
225	661
225	950
225	965
225	969
225	974
225	988
225	990
226	466
226	719
226	757
226	790
226	923
226	924
226	937
227	25
227	141
227	207
227	215
227	386
227	457
227	488
228	858
228	957
228	973
228	983
228	992
228	994
228	998
229	123
229	169
229	262
229	289
229	419
229	453
229	529
230	56
230	88
230	274
230	333
230	354
230	363
230	556
231	855
231	964
231	966
231	975
231	976
231	985
231	1000
232	49
232	424
232	429
232	575
232	618
232	667
232	686
233	375
233	476
233	489
233	513
233	580
233	715
233	989
234	13
234	65
234	90
234	118
234	206
234	317
234	528
235	83
235	347
235	560
235	573
235	614
235	734
235	737
236	352
236	469
236	630
236	678
236	681
236	691
236	697
237	208
237	277
237	294
237	383
237	385
237	387
237	860
238	70
238	155
238	251
238	266
238	296
238	408
238	440
239	644
239	675
239	859
239	899
239	906
239	914
239	930
240	785
240	861
240	890
240	945
240	959
240	967
240	971
241	689
241	708
241	739
241	756
241	783
241	792
241	801
242	27
242	138
242	157
242	209
242	336
242	343
242	529
243	748
243	918
243	919
243	939
243	941
243	947
243	955
244	43
244	99
244	144
244	151
244	184
244	321
244	928
245	962
245	968
245	986
245	989
245	993
245	997
245	999
246	39
246	269
246	275
246	341
246	485
246	537
246	943
247	88
247	403
247	406
247	471
247	510
247	536
247	549
248	442
248	593
248	780
248	889
248	898
248	917
248	951
249	45
249	60
249	153
249	167
249	189
249	371
249	789
250	16
250	40
250	175
250	188
250	198
250	291
250	903
251	70
251	155
251	238
251	296
251	401
251	408
251	440
252	571
252	619
252	673
252	761
252	766
252	767
252	865
253	15
253	264
253	307
253	310
253	384
253	465
253	521
254	298
254	402
254	540
254	542
254	585
254	591
254	799
255	677
255	960
255	969
255	974
255	988
255	990
255	995
256	182
256	204
256	411
256	427
256	461
256	528
256	785
257	219
257	436
257	520
257	696
257	741
257	805
257	844
258	586
258	684
258	784
258	893
258	900
258	922
258	928
259	137
259	168
259	300
259	348
259	372
259	385
259	437
260	50
260	97
260	199
260	263
260	409
260	472
260	999
261	15
261	307
261	310
261	384
261	465
261	497
261	521
262	169
262	229
262	421
262	453
262	481
262	529
262	586
263	50
263	97
263	133
263	199
263	260
263	409
263	472
264	253
264	307
264	310
264	384
264	465
264	521
264	962
265	746
265	899
265	905
265	913
265	915
265	916
265	929
266	70
266	155
266	238
266	296
266	408
266	412
266	440
267	544
267	778
267	815
267	843
267	857
267	880
267	887
268	451
268	551
268	740
268	832
268	897
268	908
268	925
269	246
269	314
269	341
269	344
269	403
269	485
269	537
270	776
270	810
270	825
270	863
270	886
270	932
270	948
271	19
271	154
271	220
271	299
271	345
271	444
271	462
272	48
272	53
272	101
272	172
272	280
272	304
272	530
273	488
273	600
273	626
273	627
273	693
273	721
273	754
274	56
274	88
274	230
274	333
274	354
274	363
274	850
275	39
275	246
275	314
275	322
275	341
275	485
275	537
276	81
276	140
276	152
276	166
276	315
276	355
276	540
277	208
277	237
277	294
277	365
277	383
277	385
277	387
278	17
278	148
278	218
278	223
278	284
278	286
278	478
279	409
279	413
279	443
279	523
279	539
279	594
279	623
280	48
280	53
280	101
280	172
280	272
280	304
280	573
281	598
281	784
281	856
281	893
281	900
281	922
281	928
282	69
282	72
282	110
282	160
282	212
282	339
282	542
283	359
283	501
283	692
283	738
283	752
283	774
283	833
284	17
284	148
284	218
284	223
284	278
284	286
284	786
285	20
285	202
285	214
285	288
285	433
285	479
285	857
286	17
286	148
286	218
286	223
286	278
286	284
286	951
287	316
287	562
287	564
287	762
287	768
287	791
287	844
288	20
288	164
288	202
288	285
288	351
288	433
288	479
289	123
289	229
289	419
289	421
289	453
289	529
289	751
290	429
290	436
290	520
290	546
290	596
290	696
290	741
291	16
291	40
291	175
291	188
291	198
291	250
291	613
292	404
292	500
292	507
292	581
292	635
292	640
292	910
293	343
293	712
293	724
293	730
293	795
293	800
293	814
294	208
294	237
294	277
294	365
294	383
294	385
294	707
295	98
295	200
295	338
295	356
295	425
295	432
295	454
296	70
296	238
296	251
296	266
296	408
296	440
296	918
297	195
297	677
297	780
297	818
297	889
297	898
297	951
298	254
298	402
298	540
298	542
298	585
298	591
298	830
299	6
299	154
299	220
299	271
299	345
299	444
299	462
300	137
300	173
300	259
300	348
300	372
300	437
300	634
301	420
301	424
301	429
301	575
301	618
301	667
301	985
302	555
302	570
302	646
302	806
302	828
302	831
302	850
303	415
303	615
303	629
303	717
303	789
303	821
303	848
304	48
304	53
304	101
304	272
304	280
304	961
304	977
305	748
305	758
305	817
305	827
305	858
305	892
305	920
306	24
306	79
306	320
306	346
306	350
306	359
306	867
307	15
307	253
307	261
307	264
307	465
307	521
307	641
308	11
308	134
308	163
308	190
308	390
308	410
308	459
309	376
309	560
309	573
309	602
309	734
309	737
309	760
310	253
310	261
310	264
310	384
310	465
310	521
310	912
311	815
311	840
311	843
311	846
311	857
311	880
311	887
312	313
312	378
312	491
312	534
312	622
312	695
312	699
313	312
313	446
313	553
313	648
313	672
313	819
313	823
314	39
314	269
314	275
314	344
314	485
314	537
314	750
315	81
315	140
315	152
315	166
315	276
315	355
315	801
316	287
316	412
316	531
316	718
316	762
316	768
316	791
317	65
317	90
317	118
317	129
317	206
317	234
317	561
318	86
318	550
318	636
318	658
318	732
318	735
318	764
319	216
319	357
319	362
319	414
319	418
319	463
319	559
320	24
320	79
320	120
320	306
320	346
320	350
320	763
321	43
321	76
321	99
321	144
321	151
321	184
321	244
322	275
322	682
322	724
322	763
322	795
322	800
322	814
323	196
323	462
323	607
323	742
323	743
323	787
323	811
324	788
324	810
324	825
324	886
324	927
324	932
324	948
325	366
325	381
325	407
325	518
325	554
325	556
325	611
326	33
326	112
326	125
326	142
326	185
326	192
326	838
327	102
327	370
327	600
327	627
327	631
327	721
327	754
328	74
328	187
328	476
328	489
328	580
328	715
328	869
329	60
329	597
329	694
329	729
329	777
329	798
329	841
330	439
330	765
330	786
330	820
330	836
330	853
330	896
331	378
331	491
331	534
331	576
331	622
331	695
331	699
332	776
332	862
332	864
332	886
332	927
332	932
332	948
333	56
333	61
333	88
333	230
333	274
333	354
333	363
334	221
334	369
334	502
334	504
334	533
334	624
334	665
335	509
335	647
335	709
335	713
335	727
335	803
335	809
336	27
336	138
336	157
336	209
336	242
336	343
336	817
337	205
337	891
337	911
337	956
337	977
337	982
337	984
338	98
338	200
338	295
338	356
338	425
338	432
338	454
339	69
339	72
339	110
339	160
339	212
339	282
339	999
340	120
340	650
340	662
340	690
340	700
340	753
340	770
341	246
341	269
341	275
341	344
341	485
341	537
341	857
342	543
342	551
342	716
342	832
342	876
342	908
342	925
343	27
343	138
343	157
343	209
343	242
343	293
343	336
344	39
344	269
344	314
344	341
344	485
344	537
344	779
345	19
345	220
345	271
345	299
345	444
345	462
345	504
346	24
346	79
346	120
346	306
346	320
346	350
346	955
347	235
347	376
347	573
347	734
347	737
347	760
347	853
348	137
348	168
348	173
348	259
348	300
348	372
348	437
349	689
349	710
349	792
349	801
349	840
349	847
349	933
350	24
350	79
350	120
350	306
350	320
350	346
350	887
351	20
351	164
351	202
351	214
351	288
351	433
351	479
352	236
352	373
352	441
352	473
352	678
352	681
352	697
353	1
353	26
353	38
353	55
353	64
353	147
353	522
354	56
354	88
354	230
354	274
354	333
354	363
354	791
355	81
355	140
355	152
355	166
355	188
355	276
355	315
356	98
356	200
356	295
356	338
356	425
356	432
356	454
357	29
357	216
357	319
357	362
357	414
357	418
357	463
358	495
358	557
358	610
358	658
358	732
358	735
358	764
359	283
359	306
359	490
359	692
359	738
359	774
359	833
360	649
360	677
360	818
360	889
360	898
360	917
360	951
361	34
361	77
361	213
361	396
361	431
361	438
361	760
362	29
362	319
362	357
362	414
362	418
362	431
362	463
363	56
363	88
363	230
363	274
363	333
363	354
363	599
364	130
364	495
364	636
364	658
364	732
364	735
364	764
365	208
365	277
365	294
365	383
365	385
365	387
365	676
366	71
366	325
366	381
366	506
366	554
366	556
366	611
367	673
367	861
367	878
367	936
367	943
367	945
367	959
367	967
368	85
368	389
368	464
368	532
368	601
368	608
368	625
368	714
369	334
369	468
369	487
369	496
369	533
369	610
369	624
369	665
370	327
370	488
370	626
370	627
370	693
370	721
370	754
370	759
371	249
371	392
371	647
371	660
371	713
371	727
371	803
371	809
372	137
372	168
372	173
372	259
372	300
372	348
372	399
372	437
373	352
373	398
373	405
373	469
373	473
373	678
373	681
373	697
374	617
374	647
374	654
374	660
374	713
374	727
374	803
374	809
375	187
375	233
375	476
375	489
375	513
375	580
375	715
375	847
376	83
376	122
376	309
376	347
376	614
376	734
376	737
376	760
377	382
377	459
377	552
377	786
377	797
377	836
377	853
377	896
378	312
378	331
378	448
378	534
378	576
378	622
378	640
378	695
379	483
379	492
379	493
379	535
379	628
379	731
379	750
379	782
380	31
380	105
380	450
380	519
380	587
380	604
380	632
380	642
381	71
381	325
381	366
381	407
381	506
381	518
381	556
381	611
382	377
382	482
382	718
382	820
382	836
382	853
382	896
382	898
383	208
383	237
383	277
383	294
383	365
383	385
383	387
383	803
384	15
384	253
384	261
384	264
384	310
384	461
384	465
384	521
385	208
385	237
385	259
385	277
385	294
385	365
385	383
385	387
386	25
386	141
386	165
386	207
386	215
386	227
386	413
386	457
387	208
387	237
387	277
387	365
387	383
387	385
387	760
387	921
388	95
388	464
388	467
388	601
388	608
388	625
388	652
388	691
389	368
389	523
389	532
389	601
389	608
389	625
389	652
389	691
390	11
390	134
390	163
390	173
390	190
390	308
390	410
390	459
391	612
391	669
391	707
391	867
391	869
391	871
391	895
391	901
392	371
392	617
392	660
392	709
392	713
392	727
392	803
392	809
393	637
393	711
393	815
393	843
393	846
393	857
393	880
393	887
394	66
394	117
394	480
394	694
394	777
394	798
394	821
394	841
395	845
395	846
395	899
395	905
395	913
395	915
395	916
395	929
396	34
396	77
396	213
396	217
396	361
396	431
396	438
396	771
397	533
397	912
397	950
397	960
397	969
397	974
397	990
397	995
398	373
398	962
398	968
398	986
398	989
398	993
398	997
398	999
399	372
399	663
399	826
399	859
399	864
399	906
399	914
399	930
400	414
400	674
400	899
400	905
400	913
400	915
400	916
400	929
401	251
401	615
401	629
401	641
401	717
401	736
401	821
401	848
402	106
402	146
402	254
402	298
402	540
402	585
402	591
402	745
403	210
403	211
403	247
403	269
403	471
403	510
403	536
403	549
404	292
404	435
404	500
404	507
404	581
404	635
404	637
404	640
405	373
405	469
405	473
405	581
405	630
405	678
405	681
405	697
406	210
406	211
406	247
406	471
406	510
406	536
406	549
406	970
407	325
407	381
407	410
407	506
407	518
407	554
407	556
407	611
408	19
408	70
408	155
408	238
408	251
408	266
408	296
408	440
409	50
409	97
409	133
409	199
409	260
409	263
409	279
409	472
410	11
410	134
410	163
410	190
410	308
410	390
410	407
410	459
411	41
411	159
411	182
411	204
411	256
411	427
411	461
411	528
412	178
412	266
412	316
412	522
412	564
412	768
412	791
412	844
413	87
413	130
413	279
413	386
413	523
413	539
413	594
413	623
414	29
414	216
414	319
414	357
414	362
414	400
414	418
414	463
415	303
415	588
415	629
415	736
415	789
415	821
415	848
415	884
416	122
416	748
416	794
416	817
416	827
416	858
416	892
416	920
417	585
417	588
417	641
417	717
417	736
417	789
417	821
417	848
418	29
418	216
418	319
418	357
418	362
418	414
418	463
418	780
419	109
419	123
419	169
419	229
419	289
419	421
419	453
419	529
420	49
420	301
420	424
420	429
420	575
420	618
420	667
420	975
421	123
421	169
421	262
421	289
421	419
421	453
421	529
421	735
422	784
422	907
422	944
422	964
422	975
422	976
422	985
422	1000
423	45
423	586
423	745
423	796
423	893
423	900
423	922
423	928
424	103
424	232
424	301
424	420
424	575
424	618
424	667
424	810
425	98
425	200
425	295
425	338
425	356
425	432
425	454
425	955
426	162
426	525
426	703
426	704
426	731
426	750
426	782
426	818
427	41
427	159
427	204
427	256
427	411
427	461
427	528
427	996
428	443
428	452
428	490
428	523
428	539
428	594
428	623
428	721
429	103
429	232
429	290
429	301
429	420
429	575
429	618
429	667
430	645
430	710
430	739
430	756
430	801
430	840
430	847
430	942
431	34
431	77
431	213
431	217
431	361
431	362
431	396
431	438
432	98
432	126
432	200
432	295
432	338
432	356
432	425
432	454
433	164
433	202
433	214
433	285
433	288
433	351
433	479
433	948
434	2
434	565
434	571
434	577
434	619
434	761
434	767
434	865
435	94
435	174
435	404
435	500
435	581
435	635
435	640
435	697
436	36
436	219
436	257
436	290
436	520
436	596
436	741
436	879
437	137
437	168
437	173
437	259
437	300
437	348
437	372
437	724
438	34
438	77
438	213
438	217
438	361
438	396
438	431
438	743
439	330
439	569
439	765
439	786
439	797
439	820
439	853
439	896
440	70
440	155
440	238
440	251
440	266
440	296
440	408
440	800
441	352
441	469
441	473
441	630
441	678
441	681
441	697
441	882
442	248
442	593
442	780
442	818
442	889
442	898
442	917
442	951
443	87
443	130
443	279
443	428
443	452
443	523
443	594
443	623
444	19
444	154
444	220
444	271
444	299
444	345
444	462
444	986
445	909
445	963
445	970
445	972
445	978
445	979
445	981
445	996
446	176
446	313
446	648
446	653
446	751
446	759
446	819
446	823
447	141
447	816
447	829
447	875
447	879
447	883
447	903
447	931
448	108
448	378
448	491
448	534
448	576
448	695
448	699
448	842
449	605
449	661
449	692
449	726
449	752
449	774
449	833
449	895
450	201
450	380
450	519
450	587
450	604
450	632
450	642
450	754
451	268
451	480
451	597
451	694
451	729
451	777
451	798
451	841
452	87
452	183
452	428
452	443
452	523
452	539
452	594
452	623
453	123
453	229
453	262
453	289
453	419
453	421
453	529
453	653
454	98
454	200
454	295
454	338
454	356
454	425
454	432
454	759
455	135
455	553
455	653
455	672
455	751
455	793
455	819
455	823
456	579
456	600
456	722
456	832
456	897
456	908
456	910
456	925
457	25
457	141
457	165
457	207
457	215
457	227
457	386
457	979
458	150
458	680
458	810
458	862
458	863
458	927
458	932
458	948
459	11
459	134
459	163
459	190
459	308
459	377
459	390
459	410
460	851
460	860
460	902
460	926
460	956
460	977
460	982
460	984
461	159
461	182
461	204
461	256
461	384
461	411
461	427
461	528
462	19
462	154
462	220
462	271
462	299
462	323
462	345
462	444
463	29
463	216
463	319
463	357
463	362
463	414
463	418
463	493
464	368
464	388
464	608
464	620
464	652
464	691
464	714
464	832
465	15
465	253
465	261
465	264
465	307
465	310
465	384
465	521
466	226
466	769
466	834
466	856
466	863
466	923
466	924
466	937
467	388
467	527
467	578
467	686
467	805
467	828
467	831
467	850
468	221
468	369
468	487
468	496
468	502
468	504
468	665
468	681
469	143
469	236
469	373
469	405
469	441
469	630
469	681
469	697
470	550
470	610
470	636
470	658
470	732
470	735
470	764
470	997
471	211
471	247
471	403
471	406
471	510
471	536
471	549
471	820
472	50
472	97
472	133
472	199
472	260
472	263
472	409
472	909
473	352
473	373
473	405
473	441
473	630
473	678
473	681
473	697
474	630
474	816
474	829
474	875
474	879
474	883
474	885
474	931
475	511
475	675
475	826
475	859
475	864
475	906
475	914
475	930
476	13
476	74
476	114
476	233
476	328
476	375
476	489
476	513
476	715
477	126
477	505
477	512
477	515
477	516
477	524
477	592
477	643
477	922
478	278
478	874
478	918
478	919
478	933
478	939
478	941
478	947
478	955
479	20
479	164
479	202
479	214
479	285
479	288
479	351
479	433
479	894
480	30
480	394
480	451
480	622
480	694
480	729
480	777
480	798
480	841
481	262
481	484
481	545
481	563
481	574
481	621
481	664
481	666
481	679
482	382
482	718
482	765
482	786
482	797
482	820
482	836
482	853
482	896
483	379
483	492
483	493
483	535
483	703
483	731
483	750
483	782
483	834
484	57
484	481
484	545
484	563
484	574
484	621
484	664
484	666
484	679
485	39
485	246
485	269
485	275
485	314
485	341
485	344
485	537
485	825
486	855
486	944
486	964
486	966
486	975
486	976
486	981
486	985
486	1000
487	221
487	369
487	468
487	496
487	502
487	533
487	624
487	665
487	896
488	227
488	273
488	370
488	600
488	626
488	627
488	693
488	721
488	754
489	114
489	233
489	328
489	375
489	476
489	513
489	580
489	715
489	917
490	179
490	359
490	428
490	605
490	661
490	726
490	738
490	774
490	833
491	108
491	312
491	331
491	448
491	576
491	622
491	630
491	695
491	699
492	144
492	379
492	483
492	525
492	703
492	704
492	731
492	750
492	782
493	379
493	463
493	483
493	525
493	703
493	704
493	731
493	750
493	782
494	693
494	942
494	963
494	970
494	972
494	978
494	979
494	981
494	996
495	33
495	358
495	364
495	550
495	610
495	636
495	732
495	735
495	764
496	369
496	468
496	487
496	502
496	504
496	533
496	624
496	665
496	912
497	261
497	527
497	646
497	686
497	805
497	806
497	828
497	831
497	850
498	656
498	706
498	742
498	743
498	771
498	772
498	787
498	794
498	811
499	796
499	830
499	884
499	890
499	943
499	945
499	959
499	967
499	971
500	94
500	292
500	404
500	435
500	507
500	581
500	635
500	640
500	683
501	151
501	162
501	179
501	283
501	605
501	726
501	738
501	752
501	774
502	334
502	468
502	487
502	496
502	504
502	533
502	624
502	665
502	713
503	599
503	712
503	724
503	730
503	763
503	795
503	800
503	814
503	874
504	221
504	334
504	345
504	468
504	496
504	502
504	533
504	624
504	665
505	58
505	126
505	477
505	512
505	515
505	516
505	524
505	592
505	643
506	23
506	71
506	366
506	381
506	407
506	518
506	554
506	556
506	611
507	94
507	174
507	292
507	404
507	500
507	581
507	635
507	640
507	844
508	649
508	650
508	668
508	685
508	690
508	702
508	739
508	753
508	770
509	335
509	894
509	950
509	965
509	969
509	974
509	988
509	990
509	995
510	210
510	211
510	247
510	403
510	406
510	471
510	536
510	549
510	570
511	475
511	644
511	799
511	826
511	864
511	906
511	914
511	930
511	980
512	126
512	477
512	505
512	515
512	516
512	524
512	592
512	643
512	932
513	74
513	114
513	127
513	233
513	375
513	476
513	489
513	580
513	715
514	660
514	810
514	825
514	862
514	863
514	886
514	927
514	932
514	948
515	58
515	477
515	505
515	512
515	516
515	524
515	592
515	643
515	749
516	58
516	477
516	505
516	512
516	515
516	524
516	592
516	635
516	643
517	116
517	746
517	845
517	899
517	905
517	913
517	915
517	916
517	929
518	71
518	325
518	381
518	407
518	506
518	554
518	556
518	611
518	646
519	31
519	105
519	201
519	380
519	450
519	587
519	604
519	632
519	642
520	136
520	219
520	257
520	290
520	436
520	596
520	696
520	741
520	854
521	15
521	253
521	261
521	264
521	307
521	310
521	384
521	465
521	919
522	46
522	353
522	412
522	531
522	564
522	659
522	762
522	791
522	844
523	130
523	279
523	389
523	413
523	428
523	443
523	452
523	539
523	594
524	58
524	477
524	505
524	512
524	515
524	516
524	592
524	643
524	777
525	162
525	426
525	492
525	493
525	703
525	704
525	731
525	750
525	782
526	161
526	677
526	704
526	780
526	818
526	889
526	898
526	917
526	951
527	467
527	497
527	614
527	686
527	805
527	806
527	828
527	831
527	850
528	41
528	159
528	204
528	234
528	256
528	411
528	427
528	461
528	968
529	123
529	169
529	229
529	242
529	262
529	289
529	419
529	421
529	453
530	272
530	952
530	962
530	968
530	986
530	989
530	993
530	997
530	999
531	316
531	522
531	562
531	659
531	762
531	768
531	791
531	844
531	854
532	95
532	368
532	389
532	601
532	620
532	625
532	652
532	691
532	714
533	334
533	369
533	397
533	487
533	496
533	502
533	504
533	624
533	665
534	312
534	331
534	378
534	448
534	576
534	622
534	695
534	699
534	728
535	162
535	379
535	483
535	703
535	704
535	731
535	750
535	782
535	954
536	210
536	211
536	247
536	403
536	406
536	471
536	510
536	549
536	904
537	39
537	84
537	246
537	269
537	275
537	314
537	341
537	344
537	485
538	855
538	907
538	944
538	964
538	966
538	975
538	976
538	985
538	1000
539	87
539	130
539	279
539	413
539	428
539	452
539	523
539	594
539	623
540	59
540	146
540	254
540	276
540	298
540	402
540	542
540	585
540	591
541	935
541	938
541	946
541	949
541	953
541	980
541	987
541	988
541	991
542	59
542	106
542	146
542	254
542	282
542	298
542	540
542	585
542	591
543	342
543	572
543	579
543	740
543	876
543	897
543	908
543	910
543	925
544	267
544	683
544	778
544	815
544	846
544	857
544	880
544	887
544	902
545	481
545	484
545	563
545	574
545	621
545	664
545	666
545	679
545	914
546	36
546	124
546	128
546	136
546	219
546	290
546	596
546	696
546	741
547	43
547	952
547	962
547	968
547	986
547	989
547	993
547	997
547	999
548	750
548	891
548	902
548	911
548	926
548	956
548	977
548	982
548	984
549	210
549	211
549	247
549	403
549	406
549	471
549	510
549	536
549	931
550	156
550	318
550	470
550	495
550	610
550	658
550	732
550	735
550	764
551	268
551	342
551	716
551	740
551	832
551	876
551	908
551	910
551	925
552	377
552	660
552	718
552	765
552	786
552	797
552	820
552	836
552	896
553	82
553	313
553	455
553	648
553	653
553	672
553	759
553	819
553	823
554	71
554	325
554	366
554	407
554	506
554	518
554	556
554	611
554	983
555	302
555	578
555	686
555	805
555	806
555	828
555	831
555	850
555	959
556	230
556	325
556	366
556	381
556	407
556	506
556	518
556	554
556	611
557	358
557	654
557	816
557	829
557	879
557	883
557	888
557	903
557	931
558	746
558	845
558	884
558	899
558	905
558	913
558	915
558	916
558	929
559	319
559	907
559	944
559	964
559	966
559	975
559	976
559	985
559	1000
560	83
560	235
560	309
560	573
560	614
560	734
560	737
560	760
560	929
561	317
561	907
561	944
561	964
561	966
561	975
561	976
561	985
561	1000
562	46
562	178
562	287
562	531
562	636
562	659
562	762
562	791
562	844
563	57
563	481
563	484
563	545
563	621
563	664
563	666
563	679
563	978
564	287
564	412
564	522
564	659
564	762
564	768
564	791
564	837
564	844
565	12
565	111
565	434
565	577
565	619
565	761
565	766
565	767
565	865
566	719
566	775
566	793
566	802
566	856
566	888
566	923
566	924
566	937
567	866
567	910
567	935
567	946
567	953
567	954
567	980
567	987
567	991
568	874
568	918
568	919
568	933
568	939
568	941
568	947
568	955
568	957
569	439
569	909
569	942
569	963
569	970
569	978
569	979
569	981
569	996
570	302
570	510
570	578
570	646
570	686
570	805
570	806
570	831
570	850
571	111
571	252
571	434
571	577
571	761
571	766
571	767
571	865
571	993
572	89
572	543
572	584
572	740
572	876
572	897
572	908
572	910
572	925
573	235
573	280
573	309
573	347
573	560
573	614
573	734
573	737
573	760
574	32
574	57
574	481
574	484
574	545
574	621
574	664
574	666
574	679
575	49
575	103
575	232
575	301
575	420
575	424
575	429
575	618
575	667
576	108
576	331
576	378
576	448
576	491
576	534
576	622
576	695
576	699
577	111
577	124
577	434
577	565
577	571
577	619
577	673
577	766
577	767
577	865
578	467
578	555
578	570
578	596
578	646
578	805
578	806
578	828
578	831
578	850
579	456
579	543
579	722
579	832
579	876
579	897
579	908
579	910
579	925
579	980
580	74
580	114
580	187
580	233
580	328
580	375
580	489
580	513
580	715
580	723
581	94
581	174
581	292
581	404
581	405
581	435
581	500
581	507
581	635
581	640
582	654
582	701
582	875
582	879
582	883
582	885
582	888
582	903
582	931
582	949
583	195
583	855
583	907
583	944
583	964
583	966
583	975
583	976
583	985
583	1000
584	37
584	572
584	716
584	722
584	740
584	876
584	897
584	908
584	910
584	925
585	2
585	59
585	106
585	254
585	298
585	402
585	417
585	540
585	542
585	591
586	258
586	262
586	423
586	671
586	784
586	790
586	796
586	893
586	922
586	928
587	31
587	105
587	201
587	380
587	450
587	519
587	604
587	632
587	642
587	947
588	28
588	415
588	417
588	615
588	629
588	717
588	736
588	741
588	789
588	848
589	773
589	824
589	860
589	891
589	911
589	926
589	956
589	977
589	982
589	984
590	616
590	733
590	807
590	835
590	867
590	869
590	871
590	895
590	901
590	917
591	59
591	106
591	146
591	254
591	298
591	402
591	540
591	542
591	585
591	883
592	58
592	126
592	477
592	505
592	512
592	515
592	516
592	524
592	643
592	695
593	161
593	248
593	442
593	780
593	818
593	839
593	889
593	898
593	917
593	951
594	87
594	279
594	413
594	428
594	443
594	452
594	523
594	539
594	623
594	843
595	63
595	870
595	872
595	909
595	942
595	963
595	972
595	978
595	981
595	996
596	36
596	124
596	128
596	136
596	290
596	436
596	520
596	546
596	578
596	741
597	66
597	117
597	329
597	451
597	694
597	729
597	777
597	798
597	841
597	888
598	281
598	745
598	784
598	790
598	796
598	893
598	900
598	922
598	928
598	960
599	363
599	503
599	682
599	712
599	724
599	730
599	763
599	795
599	800
599	814
600	102
600	273
600	327
600	456
600	488
600	626
600	627
600	693
600	721
600	754
601	368
601	388
601	389
601	532
601	608
601	620
601	625
601	691
601	714
601	835
602	196
602	309
602	607
602	656
602	706
602	743
602	771
602	772
602	787
602	811
603	797
603	849
603	952
603	962
603	968
603	986
603	989
603	993
603	997
603	999
604	31
604	105
604	201
604	380
604	450
604	519
604	587
604	632
604	642
604	983
605	449
605	490
605	501
605	661
605	692
605	726
605	752
605	774
605	782
605	833
606	657
606	659
606	674
606	845
606	899
606	905
606	913
606	915
606	916
606	929
607	323
607	602
607	656
607	706
607	742
607	743
607	772
607	787
607	811
607	920
608	368
608	388
608	389
608	464
608	601
608	625
608	650
608	652
608	691
608	714
609	614
609	812
609	830
609	890
609	936
609	943
609	945
609	959
609	967
609	971
610	358
610	369
610	470
610	495
610	550
610	636
610	658
610	732
610	735
610	764
611	71
611	325
611	366
611	381
611	407
611	506
611	518
611	554
611	556
611	978
612	391
612	719
612	757
612	769
612	775
612	802
612	834
612	923
612	924
612	937
613	291
613	852
613	894
613	912
613	960
613	965
613	974
613	988
613	990
613	995
614	122
614	235
614	376
614	527
614	560
614	573
614	609
614	734
614	737
614	760
615	303
615	401
615	588
615	641
615	685
615	736
615	789
615	821
615	848
615	892
616	590
616	723
616	807
616	832
616	835
616	867
616	869
616	871
616	895
616	901
617	221
617	374
617	392
617	647
617	660
617	709
617	713
617	727
617	803
617	809
618	22
618	49
618	103
618	232
618	301
618	420
618	424
618	429
618	575
618	667
619	12
619	252
619	434
619	565
619	577
619	673
619	766
619	767
619	865
619	945
620	85
620	95
620	464
620	532
620	601
620	625
620	645
620	652
620	691
620	714
621	32
621	481
621	484
621	545
621	563
621	574
621	664
621	666
621	679
621	921
622	108
622	312
622	331
622	378
622	480
622	491
622	534
622	576
622	695
622	699
623	87
623	130
623	279
623	413
623	428
623	443
623	452
623	539
623	594
623	772
624	221
624	334
624	369
624	487
624	496
624	502
624	504
624	533
624	665
624	672
625	85
625	368
625	388
625	389
625	532
625	601
625	608
625	620
625	714
625	781
626	102
626	273
626	370
626	488
626	600
626	627
626	693
626	721
626	754
626	765
627	273
627	327
627	370
627	488
627	600
627	626
627	693
627	721
627	744
627	754
628	379
628	654
628	655
628	816
628	829
628	875
628	885
628	888
628	903
628	931
629	303
629	401
629	415
629	588
629	641
629	717
629	736
629	821
629	848
629	867
630	236
630	405
630	441
630	469
630	473
630	474
630	491
630	678
630	681
630	697
631	327
631	671
631	684
631	745
631	784
631	790
631	893
631	900
631	922
631	928
632	31
632	105
632	147
632	201
632	380
632	450
632	519
632	587
632	604
632	642
633	55
633	639
633	748
633	758
633	794
633	817
633	827
633	858
633	892
633	920
634	300
634	785
634	812
634	838
634	878
634	884
634	936
634	943
634	967
634	971
635	94
635	174
635	292
635	404
635	435
635	500
635	507
635	516
635	581
635	640
636	318
636	364
636	470
636	495
636	562
636	610
636	658
636	732
636	735
636	764
637	393
637	404
637	683
637	778
637	815
637	843
637	846
637	857
637	880
637	887
638	874
638	904
638	918
638	919
638	933
638	939
638	941
638	947
638	955
638	971
639	633
639	748
639	758
639	794
639	817
639	827
639	858
639	885
639	892
639	920
640	94
640	174
640	292
640	378
640	404
640	435
640	500
640	507
640	581
640	635
641	307
641	401
641	417
641	615
641	629
641	717
641	736
641	789
641	821
641	848
642	31
642	105
642	194
642	201
642	380
642	450
642	519
642	587
642	604
642	632
643	58
643	126
643	477
643	505
643	512
643	515
643	516
643	524
643	592
643	734
644	52
644	239
644	511
644	663
644	799
644	826
644	859
644	864
644	906
644	914
644	930
645	430
645	620
645	689
645	708
645	739
645	756
645	783
645	792
645	801
645	840
645	847
646	302
646	497
646	518
646	570
646	578
646	686
646	805
646	806
646	828
646	831
646	850
647	335
647	371
647	374
647	617
647	660
647	709
647	713
647	715
647	727
647	803
647	809
648	82
648	313
648	446
648	553
648	653
648	672
648	751
648	759
648	813
648	819
648	823
649	360
649	508
649	662
649	668
649	685
649	690
649	700
649	702
649	753
649	770
649	928
650	340
650	508
650	608
650	662
650	668
650	685
650	690
650	700
650	702
650	753
650	770
651	668
651	921
651	934
651	957
651	958
651	961
651	973
651	983
651	992
651	994
651	998
652	85
652	95
652	388
652	389
652	464
652	532
652	608
652	620
652	691
652	714
652	929
653	176
653	446
653	453
653	455
653	553
653	648
653	672
653	751
653	759
653	819
653	823
654	374
654	557
654	582
654	628
654	655
654	816
654	875
654	879
654	885
654	888
654	931
655	200
655	628
655	654
655	701
655	875
655	879
655	883
655	885
655	888
655	903
655	931
656	224
656	498
656	602
656	607
656	703
656	742
656	743
656	771
656	772
656	787
656	811
657	606
657	674
657	746
657	795
657	845
657	899
657	905
657	913
657	915
657	916
657	929
658	318
658	358
658	364
658	470
658	550
658	610
658	636
658	732
658	735
658	764
658	935
659	46
659	522
659	531
659	562
659	564
659	606
659	762
659	768
659	791
659	844
659	982
660	371
660	374
660	392
660	514
660	552
660	617
660	647
660	709
660	727
660	803
660	809
661	179
661	225
661	449
661	490
661	605
661	692
661	726
661	738
661	752
661	774
661	833
662	340
662	649
662	650
662	668
662	685
662	700
662	702
662	753
662	770
662	913
662	924
663	170
663	399
663	644
663	675
663	799
663	826
663	859
663	864
663	906
663	914
663	930
664	32
664	57
664	481
664	484
664	545
664	563
664	574
664	621
664	666
664	679
664	986
665	139
665	221
665	334
665	369
665	468
665	487
665	496
665	502
665	504
665	533
665	624
666	32
666	57
666	481
666	484
666	545
666	563
666	574
666	621
666	664
666	679
666	877
667	49
667	103
667	232
667	301
667	420
667	424
667	429
667	575
667	618
667	706
667	709
668	508
668	649
668	650
668	651
668	662
668	685
668	690
668	700
668	702
668	753
668	770
669	391
669	700
669	707
669	723
669	733
669	835
669	867
669	869
669	871
669	895
669	901
670	747
670	873
670	935
670	938
670	946
670	949
670	953
670	954
670	980
670	987
670	991
671	586
671	631
671	684
671	784
671	790
671	796
671	861
671	893
671	900
671	922
671	928
672	82
672	313
672	455
672	553
672	624
672	648
672	653
672	751
672	759
672	819
672	823
673	2
673	12
673	111
673	252
673	367
673	577
673	619
673	761
673	766
673	767
673	865
674	400
674	606
674	657
674	746
674	845
674	899
674	905
674	913
674	915
674	916
674	929
675	7
675	175
675	205
675	239
675	475
675	663
675	799
675	859
675	906
675	914
675	930
676	365
676	851
676	855
676	907
676	944
676	964
676	966
676	975
676	976
676	985
676	1000
677	195
677	255
677	297
677	360
677	526
677	780
677	818
677	889
677	898
677	917
677	951
678	100
678	236
678	352
678	373
678	405
678	441
678	473
678	630
678	681
678	697
678	822
679	32
679	57
679	481
679	484
679	545
679	563
679	574
679	621
679	664
679	666
679	692
680	458
680	776
680	788
680	825
680	862
680	863
680	886
680	927
680	932
680	948
680	991
681	236
681	352
681	373
681	405
681	441
681	468
681	469
681	473
681	630
681	678
681	697
682	158
682	322
682	599
682	712
682	724
682	730
682	763
682	795
682	800
682	814
682	946
683	52
683	500
683	544
683	637
683	778
683	815
683	843
683	846
683	857
683	880
683	887
684	258
684	631
684	671
684	745
684	790
684	796
684	893
684	900
684	922
684	928
684	952
685	508
685	615
685	649
685	650
685	662
685	668
685	690
685	700
685	702
685	753
685	770
686	232
686	467
686	497
686	527
686	555
686	570
686	646
686	806
686	828
686	831
686	850
687	701
687	824
687	860
687	902
687	911
687	926
687	956
687	967
687	977
687	982
687	984
688	118
688	747
688	757
688	769
688	775
688	793
688	834
688	856
688	923
688	924
688	937
689	241
689	349
689	645
689	710
689	739
689	756
689	783
689	792
689	840
689	847
689	876
690	340
690	508
690	649
690	650
690	668
690	685
690	700
690	702
690	753
690	770
690	862
691	85
691	236
691	388
691	389
691	464
691	532
691	601
691	608
691	620
691	652
691	714
692	283
692	359
692	449
692	605
692	661
692	679
692	726
692	738
692	752
692	774
692	833
693	102
693	273
693	370
693	488
693	494
693	600
693	626
693	627
693	721
693	754
693	775
694	30
694	329
694	394
694	451
694	480
694	597
694	729
694	777
694	798
694	841
694	889
695	108
695	312
695	331
695	378
695	448
695	491
695	534
695	576
695	592
695	622
695	699
696	36
696	124
696	128
696	136
696	219
696	257
696	290
696	520
696	546
696	741
696	778
697	236
697	352
697	373
697	405
697	435
697	441
697	469
697	473
697	630
697	678
697	681
698	845
698	934
698	940
698	957
698	958
698	961
698	973
698	983
698	992
698	994
698	998
699	108
699	110
699	312
699	331
699	448
699	491
699	534
699	576
699	622
699	695
699	953
700	340
700	649
700	650
700	662
700	668
700	669
700	685
700	690
700	702
700	753
700	770
701	582
701	655
701	687
701	816
701	829
701	875
701	879
701	883
701	885
701	888
701	931
702	508
702	649
702	650
702	662
702	668
702	685
702	690
702	700
702	740
702	753
702	770
703	426
703	483
703	492
703	493
703	525
703	535
703	656
703	704
703	731
703	750
703	782
704	162
704	426
704	492
704	493
704	525
704	526
704	535
704	703
704	731
704	750
704	782
705	203
705	222
705	748
705	758
705	794
705	817
705	827
705	858
705	892
705	920
705	965
706	224
706	498
706	602
706	607
706	667
706	742
706	743
706	771
706	772
706	787
706	811
707	294
707	391
707	669
707	733
707	807
707	835
707	867
707	869
707	871
707	895
707	901
708	241
708	645
708	710
708	739
708	756
708	783
708	792
708	801
708	840
708	841
708	847
709	37
709	335
709	392
709	617
709	647
709	660
709	667
709	713
709	803
709	809
709	813
710	169
710	349
710	430
710	689
710	708
710	756
710	783
710	792
710	801
710	840
710	847
711	393
711	779
711	870
711	909
711	942
711	970
711	972
711	978
711	979
711	981
711	996
712	293
712	503
712	599
712	682
712	724
712	730
712	753
712	763
712	795
712	800
712	814
713	37
713	335
713	371
713	374
713	392
713	502
713	617
713	647
713	709
713	727
713	803
713	809
714	35
714	85
714	95
714	368
714	464
714	532
714	601
714	608
714	620
714	625
714	652
714	691
715	74
715	114
715	187
715	233
715	328
715	375
715	476
715	489
715	513
715	580
715	647
715	824
716	342
716	551
716	584
716	722
716	740
716	832
716	876
716	891
716	897
716	906
716	910
716	925
717	28
717	303
717	401
717	417
717	588
717	629
717	641
717	736
717	789
717	821
717	848
717	977
718	197
718	316
718	382
718	482
718	552
718	765
718	786
718	797
718	820
718	836
718	853
718	896
719	226
719	566
719	612
719	747
719	769
719	793
719	802
719	834
719	856
719	923
719	924
719	937
720	798
720	852
720	881
720	894
720	950
720	960
720	965
720	969
720	974
720	988
720	990
720	995
721	102
721	273
721	327
721	370
721	428
721	488
721	600
721	626
721	627
721	693
721	754
721	960
722	14
722	456
722	579
722	584
722	716
722	740
722	832
722	876
722	897
722	908
722	910
722	925
723	177
723	580
723	616
723	669
723	733
723	807
723	835
723	867
723	869
723	871
723	895
723	901
724	293
724	322
724	437
724	503
724	599
724	682
724	712
724	730
724	763
724	795
724	800
724	814
725	781
725	813
725	814
725	849
725	952
725	962
725	968
725	986
725	989
725	993
725	997
725	999
726	179
726	218
726	449
726	490
726	501
726	605
726	661
726	692
726	738
726	752
726	774
726	833
727	37
727	335
727	371
727	374
727	392
727	617
727	647
727	660
727	713
727	803
727	809
727	956
728	534
728	773
728	824
728	860
728	891
728	902
728	911
728	926
728	956
728	977
728	982
728	984
729	30
729	66
729	117
729	329
729	451
729	480
729	597
729	694
729	777
729	798
729	804
729	841
730	158
730	293
730	503
730	599
730	682
730	712
730	724
730	763
730	795
730	800
730	814
730	975
731	379
731	426
731	483
731	492
731	493
731	525
731	535
731	703
731	704
731	750
731	773
731	782
732	51
732	318
732	358
732	364
732	470
732	495
732	550
732	610
732	636
732	658
732	735
732	764
733	590
733	669
733	707
733	723
733	807
733	835
733	867
733	869
733	870
733	871
733	895
733	901
734	83
734	122
734	235
734	309
734	347
734	376
734	560
734	573
734	614
734	643
734	737
734	760
735	318
735	358
735	364
735	421
735	470
735	495
735	550
735	610
735	636
735	658
735	732
735	764
736	81
736	401
736	415
736	417
736	588
736	615
736	629
736	641
736	717
736	789
736	821
736	848
737	3
737	83
737	122
737	235
737	309
737	347
737	376
737	560
737	573
737	614
737	734
737	760
738	179
738	283
738	359
738	490
738	501
738	661
738	692
738	726
738	752
738	774
738	833
738	966
739	241
739	430
739	508
739	645
739	689
739	708
739	756
739	783
739	792
739	801
739	840
739	847
740	268
740	543
740	551
740	572
740	584
740	702
740	716
740	722
740	897
740	908
740	910
740	925
741	36
741	91
741	124
741	128
741	257
741	290
741	436
741	520
741	546
741	588
741	596
741	696
742	196
742	224
742	323
742	498
742	607
742	656
742	706
742	743
742	771
742	772
742	787
742	811
743	196
743	323
743	438
743	498
743	602
743	607
743	656
743	706
743	742
743	771
743	772
743	811
744	627
744	779
744	870
744	872
744	909
744	942
744	963
744	970
744	972
744	979
744	981
744	996
745	165
745	402
745	423
745	598
745	631
745	684
745	790
745	796
745	893
745	900
745	922
745	928
746	265
746	517
746	558
746	657
746	674
746	845
746	886
746	899
746	913
746	915
746	916
746	929
747	670
747	688
747	719
747	757
747	775
747	793
747	802
747	834
747	856
747	923
747	924
747	937
748	243
748	305
748	416
748	633
748	639
748	705
748	758
748	794
748	817
748	827
748	892
748	920
749	515
749	842
749	868
749	874
749	904
749	918
749	919
749	933
749	939
749	941
749	947
749	955
750	314
750	379
750	426
750	483
750	492
750	493
750	525
750	535
750	548
750	703
750	704
750	731
751	92
751	135
751	176
751	289
751	446
751	455
751	648
751	653
751	672
751	759
751	819
751	823
752	283
752	449
752	501
752	605
752	661
752	692
752	726
752	738
752	774
752	833
752	865
752	951
753	340
753	508
753	649
753	650
753	662
753	668
753	685
753	690
753	700
753	702
753	712
753	770
754	102
754	273
754	327
754	370
754	450
754	488
754	600
754	626
754	627
754	693
754	721
754	982
755	131
755	170
755	921
755	934
755	940
755	957
755	958
755	961
755	983
755	992
755	994
755	998
756	241
756	430
756	645
756	689
756	708
756	710
756	739
756	783
756	792
756	840
756	847
756	941
757	226
757	612
757	688
757	747
757	769
757	775
757	834
757	852
757	856
757	923
757	924
757	937
758	203
758	305
758	633
758	639
758	705
758	748
758	794
758	817
758	827
758	858
758	892
758	920
759	82
759	135
759	370
759	446
759	454
759	553
759	648
759	653
759	672
759	751
759	819
759	823
760	83
760	122
760	309
760	347
760	361
760	376
760	387
760	560
760	573
760	614
760	734
760	737
761	2
761	12
761	252
761	434
761	565
761	571
761	673
761	766
761	767
761	865
761	880
761	900
762	178
762	287
762	316
762	522
762	531
762	562
762	564
762	659
762	768
762	791
762	811
762	844
763	158
763	320
763	322
763	503
763	599
763	682
763	712
763	724
763	730
763	795
763	800
763	814
764	119
764	318
764	358
764	364
764	470
764	495
764	550
764	610
764	636
764	658
764	732
764	735
765	330
765	439
765	482
765	552
765	626
765	718
765	786
765	797
765	820
765	836
765	853
765	896
766	2
766	12
766	252
766	565
766	571
766	577
766	619
766	673
766	761
766	767
766	865
766	972
767	111
767	252
767	434
767	565
767	571
767	577
767	619
767	673
767	761
767	766
767	865
767	927
768	46
768	178
768	287
768	316
768	412
768	531
768	564
768	659
768	762
768	791
768	844
768	957
769	466
769	612
769	688
769	719
769	757
769	793
769	802
769	856
769	923
769	924
769	931
769	937
770	340
770	508
770	649
770	650
770	662
770	668
770	685
770	690
770	700
770	702
770	753
770	778
771	196
771	224
771	396
771	498
771	602
771	656
771	706
771	742
771	743
771	772
771	787
771	811
772	28
772	498
772	602
772	607
772	623
772	656
772	706
772	742
772	743
772	771
772	787
772	811
773	589
773	728
773	731
773	824
773	860
773	891
773	902
773	911
773	926
773	977
773	982
773	984
774	283
774	359
774	449
774	490
774	501
774	605
774	661
774	692
774	726
774	738
774	752
774	833
774	913
775	566
775	612
775	688
775	693
775	747
775	757
775	802
775	834
775	856
775	923
775	924
775	937
775	998
776	128
776	180
776	270
776	332
776	680
776	788
776	810
776	862
776	863
776	886
776	927
776	932
776	948
777	30
777	66
777	117
777	329
777	394
777	451
777	480
777	524
777	597
777	694
777	729
777	798
777	841
778	68
778	267
778	544
778	637
778	683
778	696
778	770
778	815
778	843
778	846
778	857
778	880
778	887
779	344
779	711
779	744
779	870
779	872
779	942
779	963
779	970
779	972
779	978
779	979
779	981
779	996
780	54
780	248
780	297
780	418
780	442
780	526
780	593
780	677
780	818
780	889
780	898
780	917
780	951
781	140
781	625
781	725
781	813
781	849
781	952
781	962
781	968
781	986
781	989
781	993
781	997
781	999
782	162
782	379
782	426
782	483
782	492
782	493
782	525
782	535
782	605
782	703
782	704
782	731
782	872
783	99
783	135
783	241
783	645
783	689
783	708
783	710
783	739
783	756
783	792
783	801
783	840
783	847
784	258
784	281
784	422
784	586
784	598
784	631
784	671
784	790
784	796
784	893
784	900
784	922
784	928
785	240
785	256
785	634
785	812
785	838
785	884
785	890
785	936
785	943
785	945
785	959
785	967
785	971
786	284
786	330
786	377
786	439
786	482
786	552
786	718
786	765
786	797
786	820
786	836
786	853
786	896
787	196
787	224
787	323
787	498
787	602
787	607
787	656
787	706
787	742
787	771
787	772
787	811
787	936
788	324
788	680
788	776
788	810
788	825
788	862
788	863
788	886
788	927
788	932
788	939
788	948
788	992
789	18
789	28
789	249
789	303
789	415
789	417
789	588
789	615
789	641
789	717
789	736
789	821
789	848
790	226
790	586
790	598
790	631
790	671
790	684
790	745
790	784
790	796
790	893
790	900
790	922
790	928
791	178
791	287
791	316
791	354
791	412
791	522
791	531
791	562
791	564
791	659
791	762
791	768
791	844
792	241
792	349
792	645
792	689
792	708
792	710
792	739
792	756
792	783
792	801
792	840
792	847
792	1000
793	455
793	566
793	688
793	719
793	747
793	769
793	802
793	827
793	834
793	856
793	923
793	924
793	937
794	203
794	222
794	416
794	498
794	633
794	639
794	705
794	748
794	758
794	817
794	858
794	892
794	920
795	158
795	293
795	322
795	503
795	599
795	657
795	682
795	712
795	724
795	730
795	763
795	800
795	814
796	423
796	499
796	586
796	598
796	671
796	684
796	745
796	784
796	790
796	893
796	900
796	922
796	928
797	377
797	439
797	482
797	552
797	603
797	718
797	765
797	786
797	806
797	820
797	836
797	853
797	896
798	30
798	66
798	203
798	329
798	394
798	451
798	480
798	597
798	694
798	720
798	729
798	777
798	841
799	205
799	254
799	511
799	644
799	663
799	675
799	826
799	859
799	864
799	906
799	914
799	922
799	930
800	158
800	293
800	322
800	440
800	503
800	599
800	682
800	712
800	724
800	730
800	763
800	795
800	814
801	10
801	241
801	315
801	349
801	430
801	645
801	708
801	710
801	739
801	783
801	792
801	840
801	847
802	566
802	612
802	719
802	747
802	769
802	775
802	793
802	834
802	856
802	923
802	924
802	937
802	938
803	37
803	335
803	371
803	374
803	383
803	392
803	617
803	647
803	660
803	709
803	713
803	727
803	809
804	729
804	921
804	934
804	940
804	957
804	958
804	961
804	972
804	973
804	983
804	992
804	994
804	998
805	257
805	467
805	497
805	527
805	555
805	570
805	578
805	646
805	806
805	828
805	831
805	850
805	990
806	302
806	497
806	527
806	555
806	570
806	578
806	646
806	686
806	797
806	805
806	828
806	831
806	850
807	177
807	590
807	616
807	707
807	723
807	733
807	812
807	835
807	867
807	869
807	871
807	895
807	901
808	823
808	854
808	873
808	881
808	882
808	935
808	938
808	946
808	949
808	954
808	980
808	987
808	991
809	37
809	172
809	335
809	371
809	374
809	392
809	617
809	647
809	660
809	709
809	713
809	727
809	803
810	270
810	324
810	424
810	458
810	514
810	776
810	788
810	825
810	862
810	863
810	886
810	927
810	932
810	948
811	224
811	323
811	498
811	602
811	607
811	656
811	706
811	742
811	743
811	762
811	771
811	772
811	787
811	953
812	609
812	634
812	785
812	807
812	830
812	838
812	861
812	878
812	936
812	943
812	945
812	959
812	967
812	971
813	648
813	709
813	725
813	781
813	849
813	952
813	962
813	968
813	986
813	989
813	993
813	997
813	999
814	158
814	293
814	322
814	503
814	599
814	682
814	712
814	724
814	725
814	730
814	763
814	795
814	800
814	875
815	68
815	267
815	311
815	393
815	544
815	637
815	683
815	778
815	843
815	846
815	857
815	880
815	887
815	916
816	447
816	474
816	557
816	628
816	654
816	701
816	826
816	829
816	875
816	879
816	883
816	885
816	888
816	903
817	127
817	305
817	336
817	416
817	633
817	639
817	705
817	748
817	758
817	794
817	827
817	858
817	892
817	920
818	156
818	195
818	297
818	360
818	426
818	442
818	526
818	593
818	677
818	780
818	889
818	898
818	917
818	951
819	65
819	135
819	176
819	313
819	446
819	455
819	553
819	648
819	653
819	672
819	751
819	759
819	823
819	829
820	197
820	330
820	382
820	439
820	471
820	482
820	552
820	718
820	765
820	786
820	797
820	836
820	853
820	896
821	28
821	303
821	394
821	401
821	415
821	417
821	615
821	629
821	641
821	717
821	736
821	789
821	848
821	850
822	678
822	877
822	921
822	934
822	940
822	957
822	958
822	961
822	973
822	983
822	992
822	994
822	998
823	82
823	135
823	176
823	313
823	446
823	455
823	553
823	648
823	653
823	672
823	751
823	759
823	808
823	819
824	589
824	687
824	715
824	728
824	773
824	860
824	891
824	902
824	911
824	926
824	956
824	977
824	982
824	984
825	270
825	324
825	485
825	514
825	680
825	788
825	810
825	859
825	862
825	863
825	886
825	927
825	932
825	948
826	7
826	170
826	399
826	475
826	511
826	644
826	663
826	799
826	816
826	859
826	864
826	906
826	914
826	930
827	127
827	222
827	305
827	416
827	633
827	639
827	705
827	748
827	758
827	793
827	817
827	858
827	892
827	920
828	145
828	302
828	467
828	497
828	527
828	555
828	578
828	646
828	686
828	805
828	806
828	831
828	850
828	896
829	447
829	474
829	557
829	628
829	701
829	816
829	819
829	875
829	879
829	883
829	885
829	888
829	903
829	931
830	298
830	499
830	609
830	812
830	838
830	861
830	878
830	884
830	890
830	936
830	943
830	945
830	959
830	971
831	302
831	467
831	497
831	527
831	555
831	570
831	578
831	646
831	686
831	805
831	806
831	828
831	841
831	850
832	268
832	342
832	456
832	464
832	551
832	579
832	616
832	716
832	722
832	876
832	897
832	908
832	910
832	925
833	132
833	179
833	283
833	359
833	449
833	490
833	605
833	661
833	692
833	726
833	738
833	752
833	774
833	853
834	466
834	483
834	612
834	688
834	719
834	747
834	757
834	775
834	793
834	802
834	856
834	923
834	924
834	937
835	154
835	590
835	601
835	616
835	669
835	707
835	723
835	733
835	807
835	867
835	869
835	871
835	895
835	901
836	197
836	330
836	377
836	382
836	482
836	552
836	718
836	765
836	786
836	797
836	820
836	853
836	864
836	896
837	564
837	839
837	852
837	894
837	912
837	950
837	960
837	965
837	969
837	974
837	988
837	990
837	995
838	326
838	634
838	785
838	812
838	830
838	861
838	878
838	890
838	936
838	943
838	945
838	959
838	967
838	971
839	593
839	837
839	852
839	894
839	912
839	950
839	960
839	965
839	969
839	974
839	988
839	990
839	995
840	311
840	349
840	430
840	645
840	689
840	708
840	710
840	739
840	756
840	783
840	792
840	801
840	847
840	941
841	30
841	66
841	117
841	329
841	394
841	451
841	480
841	597
841	694
841	708
841	729
841	777
841	798
841	831
842	448
842	749
842	868
842	874
842	904
842	918
842	919
842	933
842	939
842	941
842	947
842	955
843	44
843	68
843	267
843	311
843	393
843	594
843	637
843	683
843	778
843	815
843	846
843	857
843	880
843	887
844	46
844	178
844	257
844	287
844	412
844	507
844	522
844	531
844	562
844	564
844	659
844	762
844	768
844	791
845	395
845	517
845	558
845	606
845	657
845	674
845	698
845	746
845	899
845	905
845	913
845	915
845	916
845	929
846	52
846	68
846	311
846	393
846	395
846	544
846	637
846	683
846	778
846	815
846	843
846	857
846	880
846	887
847	349
847	375
847	430
847	645
847	689
847	708
847	710
847	739
847	756
847	783
847	792
847	801
847	840
847	890
848	28
848	303
848	401
848	415
848	417
848	588
848	615
848	629
848	641
848	717
848	736
848	789
848	821
848	949
849	191
849	603
849	725
849	781
849	813
849	952
849	962
849	968
849	986
849	989
849	993
849	997
849	999
850	274
850	302
850	467
850	497
850	527
850	555
850	570
850	578
850	646
850	686
850	805
850	806
850	821
850	828
850	831
851	460
851	676
851	855
851	907
851	944
851	964
851	966
851	975
851	976
851	985
851	1000
852	613
852	720
852	757
852	837
852	839
852	894
852	912
852	950
852	960
852	965
852	969
852	974
852	988
852	990
852	995
853	197
853	330
853	347
853	377
853	382
853	439
853	482
853	718
853	765
853	786
853	797
853	820
853	833
853	836
853	896
854	520
854	531
854	808
854	866
854	881
854	882
854	935
854	938
854	946
854	949
854	953
854	954
854	980
854	987
854	991
855	231
855	486
855	538
855	583
855	676
855	851
855	907
855	944
855	952
855	964
855	966
855	975
855	976
855	985
855	1000
856	281
856	466
856	566
856	688
856	719
856	747
856	757
856	769
856	775
856	793
856	802
856	834
856	923
856	924
856	937
857	52
857	267
857	285
857	311
857	341
857	393
857	544
857	637
857	683
857	778
857	815
857	843
857	846
857	880
857	887
858	127
858	203
858	222
858	228
858	305
858	416
858	633
858	639
858	705
858	758
858	794
858	817
858	827
858	892
858	920
859	205
859	239
859	399
859	475
859	644
859	663
859	675
859	799
859	825
859	826
859	864
859	906
859	914
859	930
859	934
860	121
860	237
860	460
860	589
860	687
860	728
860	773
860	824
860	891
860	902
860	911
860	956
860	977
860	982
860	984
861	240
861	367
861	671
861	812
861	830
861	838
861	878
861	884
861	890
861	936
861	943
861	945
861	959
861	967
861	971
862	180
862	332
862	458
862	514
862	680
862	690
862	776
862	788
862	810
862	825
862	863
862	886
862	927
862	932
862	948
863	180
863	270
863	458
863	466
863	514
863	680
863	776
863	788
863	810
863	825
863	862
863	886
863	927
863	932
863	948
864	7
864	170
864	332
864	399
864	475
864	511
864	644
864	663
864	799
864	826
864	836
864	859
864	906
864	914
864	930
865	2
865	12
865	111
865	252
865	434
865	565
865	571
865	577
865	619
865	673
865	752
865	761
865	766
865	767
865	989
866	212
866	567
866	854
866	873
866	881
866	882
866	935
866	938
866	946
866	949
866	953
866	954
866	980
866	987
866	991
867	306
867	391
867	590
867	616
867	629
867	669
867	707
867	723
867	733
867	807
867	835
867	869
867	871
867	895
867	901
868	113
868	134
868	749
868	842
868	874
868	904
868	918
868	919
868	933
868	939
868	941
868	947
868	955
869	177
869	328
869	391
869	590
869	616
869	669
869	707
869	723
869	733
869	807
869	835
869	867
869	871
869	895
869	901
870	595
870	711
870	733
870	744
870	779
870	872
870	909
870	942
870	963
870	970
870	972
870	978
870	979
870	981
870	996
871	177
871	391
871	590
871	616
871	669
871	707
871	723
871	733
871	807
871	835
871	867
871	869
871	895
871	901
871	1000
872	595
872	744
872	779
872	782
872	870
872	909
872	942
872	944
872	963
872	970
872	972
872	978
872	979
872	981
872	996
873	670
873	808
873	866
873	881
873	882
873	914
873	935
873	938
873	946
873	949
873	953
873	954
873	980
873	987
873	991
874	478
874	503
874	568
874	638
874	749
874	842
874	868
874	904
874	918
874	919
874	933
874	939
874	941
874	947
874	955
875	447
875	474
875	582
875	628
875	654
875	655
875	701
875	814
875	816
875	829
875	883
875	885
875	888
875	903
875	931
876	9
876	342
876	543
876	551
876	572
876	579
876	584
876	689
876	716
876	722
876	832
876	897
876	908
876	910
876	925
877	194
877	666
877	822
877	921
877	934
877	940
877	957
877	958
877	961
877	973
877	983
877	992
877	994
877	998
878	367
878	634
878	812
878	830
878	838
878	861
878	884
878	890
878	936
878	943
878	945
878	959
878	964
878	967
878	971
879	436
879	447
879	474
879	557
879	582
879	654
879	655
879	701
879	816
879	829
879	883
879	885
879	888
879	903
879	931
880	52
880	155
880	267
880	311
880	393
880	544
880	637
880	683
880	761
880	778
880	815
880	843
880	846
880	857
880	887
881	720
881	808
881	854
881	866
881	873
881	882
881	935
881	938
881	946
881	949
881	953
881	954
881	980
881	987
881	991
882	441
882	808
882	854
882	866
882	873
882	881
882	935
882	938
882	946
882	949
882	953
882	954
882	980
882	987
882	991
883	447
883	474
883	557
883	582
883	591
883	655
883	701
883	816
883	829
883	875
883	879
883	885
883	888
883	903
883	931
884	415
884	499
884	558
884	634
884	785
884	830
884	861
884	878
884	890
884	936
884	943
884	945
884	959
884	967
884	971
885	474
885	582
885	628
885	639
885	654
885	655
885	701
885	816
885	829
885	875
885	879
885	883
885	888
885	903
885	931
886	180
886	270
886	324
886	332
886	514
886	680
886	746
886	776
886	788
886	810
886	825
886	862
886	863
886	927
886	932
886	948
887	52
887	68
887	222
887	267
887	311
887	350
887	393
887	544
887	637
887	683
887	778
887	815
887	843
887	846
887	857
887	880
888	557
888	566
888	582
888	597
888	628
888	654
888	655
888	701
888	816
888	829
888	875
888	879
888	883
888	885
888	903
888	931
889	54
889	156
889	161
889	248
889	297
889	360
889	442
889	526
889	593
889	677
889	694
889	780
889	818
889	898
889	917
889	951
890	240
890	499
890	609
890	785
890	830
890	838
890	847
890	861
890	878
890	884
890	936
890	943
890	945
890	959
890	967
890	971
891	149
891	337
891	548
891	589
891	716
891	728
891	773
891	824
891	860
891	902
891	911
891	926
891	956
891	977
891	982
891	984
892	127
892	203
892	222
892	305
892	416
892	615
892	633
892	639
892	705
892	748
892	758
892	794
892	817
892	827
892	858
892	920
893	186
893	258
893	281
893	423
893	586
893	598
893	631
893	671
893	684
893	745
893	784
893	790
893	796
893	900
893	922
893	928
894	479
894	509
894	613
894	720
894	837
894	839
894	852
894	912
894	950
894	960
894	965
894	969
894	974
894	988
894	990
894	995
895	177
895	391
895	449
895	590
895	616
895	669
895	707
895	723
895	733
895	807
895	835
895	867
895	869
895	871
895	901
895	973
896	197
896	330
896	377
896	382
896	439
896	482
896	487
896	552
896	718
896	765
896	786
896	797
896	820
896	828
896	836
896	853
897	46
897	199
897	268
897	456
897	543
897	572
897	579
897	584
897	716
897	722
897	740
897	832
897	876
897	908
897	910
897	925
898	54
898	156
898	161
898	248
898	297
898	360
898	382
898	442
898	526
898	593
898	677
898	780
898	818
898	889
898	917
898	951
899	239
899	265
899	395
899	400
899	517
899	558
899	606
899	657
899	674
899	746
899	845
899	905
899	913
899	915
899	916
899	929
900	258
900	281
900	423
900	598
900	631
900	671
900	684
900	745
900	761
900	784
900	790
900	796
900	893
900	922
900	928
900	967
901	142
901	177
901	391
901	590
901	616
901	669
901	707
901	723
901	733
901	807
901	835
901	867
901	869
901	871
901	895
901	962
902	121
902	460
902	544
902	548
902	687
902	728
902	773
902	824
902	860
902	891
902	911
902	926
902	956
902	977
902	982
902	984
903	181
903	223
903	250
903	447
903	557
903	582
903	628
903	655
903	816
903	829
903	875
903	879
903	883
903	885
903	888
903	931
904	53
904	536
904	638
904	749
904	842
904	868
904	874
904	918
904	919
904	933
904	939
904	941
904	947
904	955
905	54
905	175
905	265
905	395
905	400
905	517
905	558
905	606
905	657
905	674
905	845
905	899
905	913
905	915
905	916
905	929
906	7
906	205
906	239
906	399
906	475
906	511
906	644
906	663
906	675
906	716
906	799
906	826
906	859
906	864
906	914
906	930
907	422
907	538
907	559
907	561
907	583
907	676
907	851
907	855
907	925
907	944
907	964
907	966
907	975
907	976
907	985
907	1000
908	47
908	268
908	342
908	456
908	543
908	551
908	572
908	579
908	584
908	722
908	740
908	832
908	876
908	897
908	910
908	925
909	445
909	472
909	569
909	595
909	711
909	744
909	870
909	872
909	942
909	963
909	970
909	972
909	978
909	979
909	981
909	996
910	292
910	456
910	543
910	551
910	567
910	572
910	579
910	584
910	716
910	722
910	740
910	832
910	876
910	897
910	908
910	925
911	337
911	548
911	589
911	687
911	728
911	773
911	824
911	860
911	891
911	902
911	926
911	956
911	977
911	979
911	982
911	984
912	80
912	310
912	397
912	496
912	613
912	837
912	839
912	852
912	894
912	950
912	960
912	965
912	969
912	974
912	988
912	990
912	995
913	265
913	395
913	400
913	517
913	558
913	606
913	657
913	662
913	674
913	746
913	774
913	845
913	899
913	905
913	915
913	916
913	929
914	7
914	170
914	205
914	239
914	399
914	475
914	511
914	545
914	644
914	663
914	675
914	799
914	826
914	859
914	864
914	873
914	906
915	95
915	106
915	265
915	395
915	400
915	517
915	558
915	606
915	657
915	674
915	746
915	845
915	899
915	905
915	913
915	916
915	929
916	265
916	395
916	400
916	517
916	558
916	606
916	657
916	674
916	746
916	815
916	845
916	899
916	905
916	913
916	915
916	929
916	969
917	54
917	156
917	161
917	195
917	248
917	360
917	442
917	489
917	526
917	590
917	593
917	677
917	780
917	818
917	889
917	898
917	951
918	243
918	296
918	478
918	568
918	638
918	749
918	842
918	868
918	874
918	904
918	919
918	933
918	939
918	941
918	947
918	955
918	996
919	8
919	243
919	478
919	521
919	568
919	638
919	749
919	842
919	868
919	874
919	904
919	918
919	933
919	939
919	941
919	947
919	955
920	127
920	190
920	203
920	222
920	305
920	416
920	607
920	633
920	639
920	705
920	748
920	758
920	794
920	817
920	827
920	858
920	892
921	387
921	621
921	651
921	755
921	804
921	822
921	877
921	934
921	940
921	957
921	958
921	961
921	973
921	983
921	992
921	994
921	998
922	258
922	281
922	423
922	477
922	586
922	598
922	631
922	671
922	684
922	745
922	784
922	790
922	796
922	799
922	893
922	900
922	928
923	32
923	226
923	466
923	566
923	612
923	688
923	719
923	747
923	757
923	769
923	775
923	793
923	802
923	834
923	856
923	924
923	937
924	226
924	466
924	566
924	612
924	662
924	688
924	719
924	747
924	757
924	769
924	775
924	793
924	802
924	834
924	856
924	923
924	937
925	268
925	342
925	456
925	543
925	551
925	572
925	579
925	584
925	716
925	722
925	740
925	832
925	876
925	897
925	907
925	908
925	910
926	149
926	460
926	548
926	589
926	687
926	728
926	773
926	824
926	891
926	902
926	911
926	940
926	956
926	964
926	977
926	982
926	984
927	180
927	224
927	324
927	332
927	458
927	514
927	680
927	767
927	776
927	788
927	810
927	825
927	862
927	863
927	886
927	932
927	948
928	244
928	258
928	281
928	423
928	586
928	598
928	631
928	649
928	671
928	684
928	745
928	784
928	790
928	796
928	893
928	900
928	922
929	265
929	395
929	400
929	517
929	558
929	560
929	606
929	652
929	657
929	674
929	746
929	845
929	899
929	905
929	913
929	915
929	916
930	7
930	170
930	205
930	239
930	399
930	475
930	511
930	644
930	663
930	675
930	799
930	826
930	859
930	864
930	906
930	944
930	992
931	447
931	474
931	549
931	557
931	582
931	628
931	654
931	655
931	701
931	769
931	829
931	875
931	879
931	883
931	885
931	888
931	903
932	201
932	270
932	324
932	332
932	458
932	512
932	514
932	680
932	776
932	788
932	810
932	825
932	862
932	863
932	886
932	927
932	948
933	8
933	349
933	478
933	568
933	638
933	749
933	842
933	868
933	874
933	904
933	918
933	919
933	939
933	941
933	947
933	955
933	984
934	651
934	698
934	755
934	804
934	822
934	859
934	877
934	921
934	940
934	957
934	958
934	961
934	973
934	974
934	983
934	992
934	994
934	998
935	541
935	567
935	658
935	670
935	808
935	854
935	866
935	873
935	881
935	882
935	938
935	946
935	949
935	953
935	954
935	980
935	987
935	991
936	210
936	367
936	609
936	634
936	785
936	787
936	812
936	830
936	838
936	861
936	878
936	884
936	890
936	943
936	945
936	959
936	967
936	971
937	16
937	216
937	226
937	466
937	566
937	612
937	688
937	719
937	747
937	757
937	769
937	775
937	793
937	802
937	834
937	856
937	923
937	924
938	91
938	541
938	670
938	802
938	808
938	854
938	866
938	873
938	881
938	882
938	935
938	946
938	949
938	953
938	954
938	980
938	987
938	991
939	8
939	243
939	478
939	568
939	638
939	749
939	788
939	842
939	868
939	874
939	904
939	918
939	919
939	933
939	941
939	947
939	955
939	961
940	194
940	698
940	755
940	804
940	822
940	877
940	921
940	926
940	934
940	957
940	958
940	959
940	961
940	973
940	983
940	992
940	994
940	998
941	8
941	243
941	478
941	568
941	638
941	749
941	756
941	840
941	842
941	868
941	874
941	904
941	918
941	919
941	933
941	939
941	947
941	955
942	183
942	430
942	494
942	569
942	595
942	711
942	744
942	779
942	870
942	872
942	909
942	963
942	970
942	972
942	978
942	979
942	981
942	996
943	246
943	367
943	499
943	609
943	634
943	785
943	812
943	830
943	838
943	861
943	878
943	884
943	890
943	936
943	945
943	959
943	967
943	971
944	422
944	486
944	538
944	559
944	561
944	583
944	676
944	851
944	855
944	872
944	907
944	930
944	964
944	966
944	975
944	976
944	985
944	1000
945	240
945	367
945	499
945	609
945	619
945	785
945	812
945	830
945	838
945	861
945	878
945	884
945	890
945	936
945	943
945	959
945	967
945	971
946	541
946	567
946	670
946	682
946	808
946	854
946	866
946	873
946	881
946	882
946	935
946	938
946	949
946	953
946	954
946	980
946	987
946	991
947	8
947	101
947	243
947	478
947	568
947	587
947	638
947	749
947	842
947	868
947	874
947	904
947	918
947	919
947	933
947	939
947	941
947	955
948	117
948	180
948	270
948	324
948	332
948	433
948	458
948	514
948	680
948	776
948	788
948	810
948	825
948	862
948	863
948	886
948	927
948	932
949	541
949	582
949	670
949	808
949	848
949	854
949	866
949	873
949	881
949	882
949	935
949	938
949	946
949	953
949	954
949	980
949	987
949	991
950	225
950	397
950	509
950	720
950	837
950	839
950	852
950	894
950	912
950	960
950	965
950	966
950	969
950	974
950	985
950	988
950	990
950	995
951	54
951	156
951	161
951	195
951	248
951	286
951	297
951	360
951	442
951	526
951	593
951	677
951	752
951	780
951	818
951	889
951	898
951	917
952	530
952	547
952	603
952	684
952	725
952	781
952	813
952	849
952	855
952	962
952	968
952	986
952	989
952	993
952	997
952	999
953	541
953	567
953	670
953	699
953	811
953	854
953	866
953	873
953	881
953	882
953	935
953	938
953	946
953	949
953	954
953	980
953	987
953	991
954	91
954	535
954	567
954	670
954	808
954	854
954	866
954	873
954	881
954	882
954	935
954	938
954	946
954	949
954	953
954	980
954	987
954	991
955	8
955	243
955	346
955	425
955	478
955	568
955	638
955	749
955	842
955	868
955	874
955	904
955	918
955	919
955	933
955	939
955	941
955	947
956	149
956	337
956	460
956	548
956	589
956	687
956	727
956	728
956	824
956	860
956	891
956	902
956	911
956	926
956	977
956	982
956	984
956	994
957	228
957	568
957	651
957	698
957	755
957	768
957	804
957	822
957	877
957	921
957	934
957	940
957	958
957	961
957	973
957	983
957	992
957	994
957	998
958	42
958	194
958	651
958	698
958	755
958	804
958	822
958	877
958	921
958	934
958	940
958	957
958	961
958	973
958	981
958	983
958	992
958	994
958	998
959	240
959	367
959	499
959	555
959	609
959	785
959	812
959	830
959	838
959	861
959	878
959	884
959	890
959	936
959	940
959	943
959	945
959	967
959	971
960	80
960	255
960	397
960	598
960	613
960	720
960	721
960	837
960	839
960	852
960	894
960	912
960	950
960	965
960	969
960	974
960	988
960	990
960	995
961	42
961	304
961	651
961	698
961	755
961	804
961	822
961	877
961	921
961	934
961	939
961	940
961	957
961	958
961	973
961	983
961	992
961	994
961	998
962	73
962	245
962	264
962	398
962	530
962	547
962	603
962	725
962	781
962	813
962	849
962	901
962	952
962	968
962	986
962	989
962	993
962	997
962	999
963	115
963	214
963	445
963	494
963	569
963	595
963	744
963	779
963	870
963	872
963	909
963	942
963	970
963	972
963	978
963	979
963	981
963	996
963	998
964	231
964	422
964	486
964	538
964	559
964	561
964	583
964	676
964	851
964	855
964	878
964	907
964	926
964	944
964	966
964	975
964	976
964	985
964	1000
965	80
965	225
965	509
965	613
965	705
965	720
965	837
965	839
965	852
965	894
965	912
965	950
965	960
965	969
965	971
965	974
965	988
965	990
965	995
966	143
966	231
966	486
966	538
966	559
966	561
966	583
966	676
966	738
966	851
966	855
966	907
966	944
966	950
966	964
966	975
966	976
966	985
966	1000
967	240
967	367
967	499
967	609
967	634
967	687
967	785
967	812
967	838
967	861
967	878
967	884
967	890
967	900
967	936
967	943
967	945
967	959
967	971
968	245
968	398
968	528
968	530
968	547
968	603
968	725
968	781
968	813
968	849
968	952
968	962
968	976
968	986
968	989
968	993
968	997
968	999
969	80
969	225
969	255
969	397
969	509
969	720
969	837
969	839
969	852
969	894
969	912
969	916
969	950
969	960
969	965
969	974
969	988
969	990
969	995
970	115
970	183
970	406
970	445
970	494
970	569
970	711
970	744
970	779
970	870
970	872
970	909
970	942
970	963
970	972
970	978
970	979
970	981
970	996
971	240
971	499
971	609
971	634
971	638
971	785
971	812
971	830
971	838
971	861
971	878
971	884
971	890
971	936
971	943
971	945
971	959
971	965
971	967
972	115
972	445
972	494
972	595
972	711
972	744
972	766
972	779
972	804
972	870
972	872
972	909
972	942
972	963
972	970
972	978
972	979
972	981
972	996
973	42
973	194
973	228
973	651
973	698
973	804
973	822
973	877
973	895
973	921
973	934
973	940
973	957
973	958
973	961
973	983
973	990
973	992
973	994
973	998
974	215
974	225
974	255
974	397
974	509
974	613
974	720
974	837
974	839
974	852
974	894
974	912
974	934
974	950
974	960
974	965
974	969
974	988
974	990
974	995
975	143
975	231
975	420
975	422
975	486
975	538
975	559
975	561
975	583
975	676
975	730
975	851
975	855
975	907
975	944
975	964
975	966
975	976
975	985
975	1000
976	143
976	231
976	422
976	486
976	538
976	559
976	561
976	583
976	676
976	851
976	855
976	907
976	944
976	964
976	966
976	968
976	975
976	984
976	985
976	1000
977	121
977	149
977	304
977	337
977	460
977	548
977	589
977	687
977	717
977	728
977	773
977	824
977	860
977	891
977	902
977	911
977	926
977	956
977	982
977	984
978	115
978	183
978	445
978	494
978	563
978	569
978	595
978	611
978	711
978	779
978	870
978	872
978	909
978	942
978	963
978	970
978	972
978	979
978	981
978	996
979	115
979	183
979	445
979	457
979	494
979	569
979	711
979	744
979	779
979	870
979	872
979	909
979	911
979	942
979	963
979	970
979	972
979	978
979	981
979	996
980	91
980	511
980	541
980	567
980	579
980	670
980	808
980	854
980	866
980	873
980	881
980	882
980	935
980	938
980	946
980	949
980	953
980	954
980	987
980	991
981	183
981	445
981	486
981	494
981	569
981	595
981	711
981	744
981	779
981	870
981	872
981	909
981	942
981	958
981	963
981	970
981	972
981	978
981	979
981	996
982	121
982	149
982	337
982	460
982	548
982	589
982	659
982	687
982	728
982	754
982	773
982	824
982	860
982	891
982	902
982	911
982	926
982	956
982	977
982	984
983	42
983	228
983	554
983	604
983	651
983	698
983	755
983	804
983	822
983	877
983	921
983	934
983	940
983	957
983	958
983	961
983	973
983	992
983	994
983	998
984	121
984	149
984	337
984	460
984	548
984	589
984	687
984	728
984	773
984	824
984	860
984	891
984	902
984	911
984	926
984	933
984	956
984	976
984	977
984	982
985	143
985	231
985	301
985	422
985	486
985	538
985	559
985	561
985	583
985	676
985	851
985	855
985	907
985	944
985	950
985	964
985	966
985	975
985	976
985	1000
986	63
986	73
986	245
986	398
986	444
986	530
986	547
986	603
986	664
986	725
986	781
986	813
986	849
986	952
986	962
986	968
986	989
986	993
986	997
986	999
987	25
987	68
987	91
987	541
987	567
987	670
987	808
987	854
987	866
987	873
987	881
987	882
987	935
987	938
987	946
987	949
987	953
987	954
987	980
987	991
988	80
988	225
988	255
988	509
988	541
988	613
988	720
988	837
988	839
988	852
988	894
988	912
988	950
988	960
988	965
988	969
988	974
988	990
988	995
988	997
989	63
989	73
989	233
989	245
989	398
989	530
989	547
989	603
989	725
989	781
989	813
989	849
989	865
989	952
989	962
989	968
989	986
989	993
989	997
989	999
990	225
990	255
990	397
990	509
990	613
990	720
990	805
990	837
990	839
990	852
990	894
990	912
990	950
990	960
990	965
990	969
990	973
990	974
990	988
990	995
991	91
991	171
991	541
991	567
991	670
991	680
991	808
991	854
991	866
991	873
991	881
991	882
991	935
991	938
991	946
991	949
991	953
991	954
991	980
991	987
992	194
992	228
992	651
992	698
992	755
992	788
992	804
992	822
992	877
992	921
992	930
992	934
992	940
992	957
992	958
992	961
992	973
992	983
992	994
992	998
993	63
993	73
993	75
993	245
993	398
993	530
993	547
993	571
993	603
993	725
993	781
993	813
993	849
993	952
993	962
993	968
993	986
993	989
993	997
993	999
994	42
994	96
994	228
994	651
994	698
994	755
994	804
994	822
994	877
994	921
994	934
994	940
994	956
994	957
994	958
994	961
994	973
994	983
994	992
994	998
995	80
995	121
995	129
995	255
995	397
995	509
995	613
995	720
995	837
995	839
995	852
995	894
995	912
995	950
995	960
995	965
995	969
995	974
995	988
995	990
996	115
996	427
996	445
996	494
996	569
996	595
996	711
996	744
996	779
996	870
996	872
996	909
996	918
996	942
996	963
996	970
996	972
996	978
996	979
996	981
997	63
997	73
997	245
997	398
997	470
997	530
997	547
997	603
997	725
997	781
997	813
997	849
997	952
997	962
997	968
997	986
997	988
997	989
997	993
997	999
998	42
998	228
998	651
998	698
998	755
998	775
998	804
998	822
998	877
998	921
998	934
998	940
998	957
998	958
998	961
998	963
998	973
998	983
998	992
998	994
999	63
999	73
999	245
999	260
999	339
999	398
999	530
999	547
999	603
999	725
999	781
999	813
999	849
999	952
999	962
999	968
999	986
999	989
999	993
999	997
1000	143
1000	231
1000	422
1000	486
1000	538
1000	559
1000	561
1000	583
1000	676
1000	792
1000	851
1000	855
1000	871
1000	907
1000	944
1000	964
1000	966
1000	975
1000	976
1000	985
