1	35 
2	3 
3	36 
4	24 
5	4 
6	3 
7	35 
8	14 
9	22 
10	26 
11	5 
12	34 
13	39 
14	8 
15	9 
16	11 
17	26 
18	12 
19	11 
20	32 
21	37 
22	1 
23	12 
24	5 
25	22 
26	7 
27	29 
28	6 
29	39 
30	28 
31	12 
32	23 
33	15 
34	8 
35	33 
36	12 
37	9 
38	13 
39	17 
40	28 
41	5 
42	39 
43	22 
44	7 
45	34 
46	10 
47	37 
48	7 
49	32 
50	15 
51	9 
52	39 
53	22 
54	34 
55	4 
56	23 
57	34 
58	3 
59	6 
60	24 
61	28 
62	40 
63	14 
64	14 
65	33 
66	37 
67	18 
68	19 
69	6 
70	25 
71	39 
72	4 
73	26 
74	3 
75	21 
76	24 
77	12 
78	23 
79	13 
80	4 
81	5 
82	8 
83	10 
84	37 
85	13 
86	22 
87	2 
88	8 
89	24 
90	16 
91	29 
92	37 
93	13 
94	13 
95	29 
96	22 
97	12 
98	5 
99	34 
100	21 
101	25 
102	31 
103	8 
104	21 
105	5 
106	8 
107	30 
108	2 
109	28 
110	5 
111	16 
112	15 
113	34 
114	22 
115	6 
116	29 
117	40 
118	25 
119	28 
120	25 
121	28 
122	35 
123	17 
124	27 
125	6 
126	2 
127	27 
128	23 
129	26 
130	33 
131	34 
132	11 
133	12 
134	15 
135	22 
136	26 
137	9 
138	35 
139	34 
140	7 
141	38 
142	15 
143	33 
144	16 
145	3 
146	26 
147	19 
148	26 
149	23 
150	19 
151	35 
152	16 
153	37 
154	37 
155	5 
156	12 
157	34 
158	5 
159	9 
160	39 
161	24 
162	3 
163	34 
164	32 
165	19 
166	19 
167	4 
168	23 
169	38 
170	16 
171	21 
172	16 
173	2 
174	36 
175	33 
176	19 
177	15 
178	19 
179	20 
180	3 
181	4 
182	15 
183	34 
184	1 
185	35 
186	22 
187	6 
188	19 
189	11 
190	25 
191	37 
192	31 
193	21 
194	26 
195	36 
196	29 
197	18 
198	32 
199	8 
200	19 
201	23 
202	16 
203	10 
204	11 
205	15 
206	29 
207	7 
208	25 
209	1 
210	4 
211	5 
212	28 
213	7 
214	18 
215	12 
216	39 
217	2 
218	8 
219	38 
220	7 
221	13 
222	20 
223	24 
224	35 
225	1 
226	39 
227	17 
228	38 
229	11 
230	38 
231	31 
232	22 
233	36 
234	28 
235	26 
236	10 
237	38 
238	29 
239	21 
240	20 
241	17 
242	18 
243	40 
244	4 
245	32 
246	14 
247	11 
248	15 
249	15 
250	12 
251	10 
252	34 
253	14 
254	15 
255	14 
256	27 
257	32 
258	7 
259	30 
260	4 
261	28 
262	1 
263	16 
264	10 
265	25 
266	6 
267	9 
268	40 
269	8 
270	33 
271	22 
272	39 
273	40 
274	33 
275	14 
276	11 
277	6 
278	7 
279	7 
280	37 
281	3 
282	35 
283	30 
284	27 
285	31 
286	32 
287	3 
288	33 
289	37 
290	20 
291	1 
292	19 
293	28 
294	32 
295	18 
296	36 
297	14 
298	17 
299	17 
300	26 
301	17 
302	40 
303	16 
304	34 
305	16 
306	40 
307	32 
308	27 
309	1 
310	32 
311	1 
312	40 
313	22 
314	31 
315	32 
316	20 
317	32 
318	33 
319	36 
320	34 
321	21 
322	23 
323	10 
324	5 
325	37 
326	40 
327	32 
328	3 
329	24 
330	20 
331	22 
332	17 
333	40 
334	4 
335	15 
336	32 
337	21 
338	16 
339	29 
340	23 
341	1 
342	16 
343	37 
344	34 
345	1 
346	11 
347	17 
348	18 
349	36 
350	29 
351	35 
352	7 
353	29 
354	25 
355	18 
356	3 
357	21 
358	3 
359	38 
360	20 
361	32 
362	26 
363	2 
364	24 
365	34 
366	22 
367	20 
368	36 
369	11 
370	39 
371	32 
372	13 
373	22 
374	3 
375	34 
376	23 
377	24 
378	34 
379	23 
380	24 
381	15 
382	24 
383	30 
384	10 
385	21 
386	33 
387	4 
388	26 
389	40 
390	11 
391	5 
392	9 
393	40 
394	10 
395	22 
396	8 
397	1 
398	10 
399	8 
400	16 
401	23 
402	8 
403	27 
404	17 
405	24 
406	39 
407	8 
408	18 
409	29 
410	36 
411	23 
412	4 
413	28 
414	17 
415	35 
416	13 
417	31 
418	3 
419	34 
420	25 
421	13 
422	26 
423	32 
424	38 
425	30 
426	22 
427	3 
428	22 
429	11 
430	8 
431	26 
432	14 
433	5 
434	25 
435	32 
436	2 
437	35 
438	18 
439	4 
440	6 
441	25 
442	38 
443	16 
444	4 
445	29 
446	23 
447	10 
448	6 
449	10 
450	33 
451	13 
452	6 
453	7 
454	9 
455	17 
456	22 
457	9 
458	14 
459	18 
460	27 
461	30 
462	34 
463	12 
464	34 
465	10 
466	15 
467	23 
468	8 
469	21 
470	20 
471	1 
472	3 
473	37 
474	32 
475	21 
476	12 
477	32 
478	2 
479	32 
480	20 
481	36 
482	4 
483	31 
484	32 
485	5 
486	23 
487	37 
488	34 
489	31 
490	1 
491	30 
492	21 
493	18 
494	18 
495	25 
496	9 
497	23 
498	15 
499	30 
500	9 
501	14 
502	27 
503	9 
504	8 
505	31 
506	30 
507	20 
508	8 
509	14 
510	30 
511	16 
512	34 
513	6 
514	38 
515	7 
516	2 
517	8 
518	5 
519	13 
520	22 
521	26 
522	35 
523	29 
524	4 
525	29 
526	2 
527	14 
528	36 
529	20 
530	3 
531	36 
532	33 
533	35 
534	13 
535	17 
536	22 
537	18 
538	24 
539	10 
540	40 
541	3 
542	9 
543	34 
544	32 
545	38 
546	14 
547	27 
548	9 
549	11 
550	34 
551	24 
552	1 
553	3 
554	1 
555	6 
556	9 
557	37 
558	14 
559	30 
560	23 
561	32 
562	29 
563	5 
564	32 
565	33 
566	38 
567	40 
568	3 
569	6 
570	36 
571	20 
572	9 
573	14 
574	1 
575	21 
576	2 
577	12 
578	34 
579	31 
580	29 
581	13 
582	23 
583	20 
584	30 
585	36 
586	13 
587	3 
588	22 
589	32 
590	31 
591	23 
592	27 
593	31 
594	27 
595	12 
596	8 
597	18 
598	30 
599	18 
600	30 
601	20 
602	3 
603	22 
604	27 
605	21 
606	26 
607	33 
608	31 
609	8 
610	20 
611	30 
612	35 
613	26 
614	11 
615	40 
616	3 
617	10 
618	1 
619	15 
620	2 
621	14 
622	36 
623	11 
624	21 
625	8 
626	2 
627	33 
628	32 
629	27 
630	27 
631	31 
632	1 
633	18 
634	32 
635	29 
636	22 
637	30 
638	9 
639	9 
640	32 
641	13 
642	16 
643	8 
644	15 
645	12 
646	29 
647	9 
648	34 
649	2 
650	22 
651	29 
652	21 
653	27 
654	2 
655	12 
656	27 
657	37 
658	14 
659	15 
660	9 
661	30 
662	38 
663	18 
664	32 
665	38 
666	2 
667	29 
668	40 
669	29 
670	14 
671	30 
672	11 
673	14 
674	22 
675	15 
676	16 
677	10 
678	22 
679	22 
680	37 
681	18 
682	13 
683	3 
684	29 
685	34 
686	13 
687	32 
688	35 
689	34 
690	40 
691	30 
692	11 
693	9 
694	22 
695	29 
696	26 
697	31 
698	1 
699	16 
700	40 
701	22 
702	29 
703	27 
704	31 
705	1 
706	37 
707	26 
708	35 
709	38 
710	40 
711	32 
712	35 
713	35 
714	22 
715	11 
716	26 
717	40 
718	1 
719	15 
720	3 
721	27 
722	38 
723	18 
724	40 
725	29 
726	3 
727	34 
728	11 
729	32 
730	14 
731	13 
732	23 
733	38 
734	26 
735	1 
736	14 
737	31 
738	1 
739	9 
740	40 
741	37 
742	34 
743	38 
744	38 
745	31 
746	8 
747	11 
748	34 
749	15 
750	23 
751	11 
752	30 
753	37 
754	11 
755	34 
756	30 
757	34 
758	3 
759	29 
760	11 
761	31 
762	40 
763	38 
764	1 
765	8 
766	23 
767	8 
768	38 
769	31 
770	18 
771	40 
772	32 
773	1 
774	38 
775	9 
776	9 
777	23 
778	27 
779	8 
780	32 
781	32 
782	3 
783	14 
784	15 
785	30 
786	40 
787	14 
788	22 
789	11 
790	11 
791	22 
792	31 
793	31 
794	26 
795	37 
796	9 
797	29 
798	29 
799	23 
800	40 
801	27 
802	1 
803	40 
804	27 
805	23 
806	32 
807	31 
808	11 
809	15 
810	38 
811	31 
812	11 
813	22 
814	32 
815	37 
816	9 
817	9 
818	11 
819	29 
820	23 
821	26 
822	26 
823	34 
824	40 
825	8 
826	15 
827	22 
828	26 
829	32 
830	31 
831	3 
832	22 
833	15 
834	23 
835	11 
836	26 
837	38 
838	26 
839	3 
840	30 
841	22 
842	14 
843	31 
844	34 
845	31 
846	40 
847	29 
848	38 
849	9 
850	22 
851	1 
852	38 
853	40 
854	9 
855	22 
856	23 
857	3 
858	9 
859	32 
860	32 
861	34 
862	32 
863	1 
864	8 
865	11 
866	8 
867	8 
868	31 
869	34 
870	29 
871	3 
872	31 
873	32 
874	26 
875	15 
876	34 
877	8 
878	26 
879	32 
880	14 
881	8 
882	26 
883	8 
884	1 
885	32 
886	34 
887	34 
888	3 
889	11 
890	1 
891	26 
892	1 
893	23 
894	40 
895	9 
896	38 
897	26 
898	3 
899	11 
900	9 
901	32 
902	38 
903	38 
904	29 
905	38 
906	3 
907	30 
908	30 
909	15 
910	26 
911	40 
912	29 
913	8 
914	22 
915	3 
916	9 
917	11 
918	32 
919	8 
920	23 
921	22 
922	38 
923	23 
924	30 
925	9 
926	1 
927	34 
928	31 
929	11 
930	30 
931	30 
932	40 
933	38 
934	34 
935	3 
936	40 
937	22 
938	3 
939	11 
940	1 
941	11 
942	40 
943	34 
944	9 
945	40 
946	23 
947	38 
948	8 
949	1 
950	23 
951	29 
952	34 
953	30 
954	26 
955	29 
956	30 
957	38 
958	11 
959	8 
960	34 
961	29 
962	32 
963	9 
964	22 
965	30 
966	9 
967	9 
968	40 
969	30 
970	32 
971	26 
972	23 
973	9 
974	1 
975	3 
976	26 
977	32 
978	34 
979	8 
980	29 
981	9 
982	38 
983	40 
984	1 
985	34 
986	29 
987	3 
988	34 
989	22 
990	22 
991	38 
992	26 
993	38 
994	29 
995	40 
996	22 
997	38 
998	9 
999	26 
1000	8 
