1	12
2	30
3	12
4	37
5	32
6	12
7	12
8	12
9	2
10	12
11	25
12	7
13	12
14	12
15	12
16	12
17	12
18	17
19	12
20	30
21	4
22	12
23	12
24	12
25	12
26	12
27	12
28	24
29	6
30	29
31	30
32	12
33	12
34	12
35	19
36	18
37	27
38	12
39	12
40	12
41	12
42	3
43	18
44	12
45	2
46	15
47	12
48	12
49	12
50	12
51	12
52	12
53	36
54	12
55	12
56	22
57	12
58	14
59	12
60	24
61	12
62	5
63	12
64	12
65	10
66	12
67	12
68	12
69	12
70	17
71	12
72	38
73	12
74	12
75	33
76	12
77	12
78	12
79	11
80	12
81	12
82	12
83	12
84	14
85	12
86	39
87	24
88	12
89	12
90	27
91	12
92	12
93	30
94	17
95	12
96	12
97	41
98	12
99	40
100	12
101	12
102	12
103	40
104	27
105	7
106	12
107	12
108	12
109	12
110	12
111	29
112	40
113	12
114	12
115	12
116	12
117	12
118	12
119	38
120	0
121	14
122	12
123	10
124	7
125	18
126	33
127	12
128	5
129	12
130	22
131	12
132	12
133	12
134	12
135	40
136	12
137	12
138	12
139	5
140	12
141	12
142	40
143	19
144	12
145	10
146	12
147	4
148	3
149	34
150	24
151	0
152	37
153	36
154	12
155	4
156	17
157	41
158	12
159	18
160	12
161	12
162	12
163	21
164	36
165	4
166	12
167	12
168	3
169	17
170	12
171	39
172	12
173	27
174	12
175	12
176	12
177	17
178	2
179	12
180	21
181	42
182	12
183	41
184	12
185	32
186	12
187	5
188	25
189	10
190	39
191	15
192	30
193	36
194	12
195	12
196	12
197	12
198	12
199	12
200	12
201	3
202	10
203	12
204	12
205	12
206	10
207	12
208	41
209	12
210	19
211	36
212	12
213	12
214	30
215	41
216	12
217	18
218	12
219	15
220	12
221	12
222	17
223	4
224	25
225	0
226	42
227	12
228	5
229	12
230	14
231	10
232	12
233	40
234	12
235	22
236	12
237	2
238	37
239	12
240	5
241	12
242	10
243	41
244	10
245	8
246	34
247	22
248	42
249	12
250	12
251	14
252	12
253	7
254	38
255	21
256	12
257	12
258	27
259	10
260	12
261	29
262	12
263	12
264	12
265	12
266	4
267	12
268	12
269	5
270	39
271	12
272	12
273	12
274	12
275	39
276	12
277	18
278	36
279	12
280	12
281	10
282	27
283	40
284	12
285	14
286	15
287	37
288	12
289	12
290	17
291	12
292	42
293	12
294	14
295	5
296	12
297	10
298	29
299	12
300	12
301	24
302	41
303	10
304	18
305	15
306	12
307	12
308	8
309	27
310	12
311	37
312	12
313	15
314	12
315	5
316	12
317	34
318	34
319	36
320	24
321	37
322	21
323	12
324	12
325	39
326	12
327	3
328	12
329	22
330	26
331	12
332	38
333	21
334	4
335	32
336	29
337	7
338	3
339	10
340	2
341	14
342	3
343	6
344	28
345	4
346	12
347	11
348	12
349	12
350	12
351	12
352	27
353	33
354	39
355	27
356	6
357	36
358	12
359	12
360	14
361	16
362	22
363	12
364	19
365	15
366	42
367	10
368	42
369	16
370	26
371	2
372	23
373	25
374	19
375	14
376	23
377	4
378	10
379	12
380	12
381	28
382	25
383	41
384	3
385	32
386	5
387	8
388	36
389	17
390	0
391	12
392	21
393	7
394	12
395	27
396	42
397	12
398	37
399	12
400	12
401	12
402	42
403	30
404	22
405	12
406	12
407	22
408	30
409	15
410	18
411	6
412	12
413	12
414	25
415	12
416	0
417	17
418	30
419	19
420	12
421	12
422	34
423	1
424	0
425	35
426	12
427	5
428	3
429	35
430	14
431	3
432	12
433	42
434	12
435	11
436	35
437	16
438	10
439	21
440	7
441	8
442	11
443	29
444	39
445	12
446	4
447	10
448	42
449	12
450	36
451	22
452	28
453	39
454	4
455	12
456	12
457	7
458	11
459	40
460	23
461	38
462	12
463	20
464	3
465	15
466	4
467	20
468	12
469	12
470	42
471	21
472	6
473	36
474	3
475	26
476	10
477	28
478	30
479	12
480	34
481	12
482	30
483	2
484	42
485	42
486	41
487	10
488	30
489	24
490	7
491	27
492	33
493	35
494	41
495	6
496	4
497	36
498	34
499	29
500	12
501	10
502	12
503	36
504	7
505	12
506	14
507	26
508	30
509	7
510	28
511	13
512	33
513	24
514	12
515	24
516	19
517	10
518	23
519	25
520	0
521	34
522	22
523	11
524	33
525	2
526	17
527	12
528	41
529	36
530	25
531	11
532	17
533	28
534	24
535	34
536	1
537	7
538	29
539	15
540	41
541	12
542	34
543	15
544	15
545	23
546	10
547	33
548	39
549	33
550	40
551	4
552	6
553	30
554	36
555	42
556	13
557	14
558	41
559	12
560	38
561	23
562	26
563	36
564	19
565	12
566	36
567	32
568	11
569	12
570	25
571	36
572	26
573	5
574	3
575	20
576	15
577	11
578	19
579	7
580	29
581	16
582	13
583	30
584	10
585	38
586	12
587	38
588	3
589	41
590	10
591	41
592	8
593	23
594	10
595	6
596	21
597	41
598	42
599	3
600	28
601	29
602	4
603	32
604	6
605	0
606	4
607	12
608	28
609	7
610	7
611	28
612	11
613	33
614	23
615	42
616	24
617	2
618	23
619	27
620	34
621	7
622	33
623	4
624	8
625	29
626	10
627	11
628	4
629	10
630	9
631	5
632	14
633	41
634	22
635	42
636	41
637	7
638	26
639	11
640	23
641	7
642	30
643	30
644	26
645	30
646	10
647	40
648	12
649	1
650	1
651	38
652	38
653	21
654	0
655	17
656	7
657	19
658	15
659	15
660	14
661	11
662	23
663	18
664	12
665	4
666	32
667	37
668	13
669	41
670	23
671	38
672	23
673	22
674	24
675	8
676	38
677	7
678	13
679	24
680	7
681	24
682	34
683	7
684	36
685	0
686	25
687	13
688	36
689	13
690	11
691	23
692	38
693	36
694	27
695	10
696	14
697	42
698	7
699	6
700	7
701	42
702	34
703	10
704	30
705	32
706	14
707	23
708	41
709	25
710	4
711	18
712	26
713	42
714	7
715	11
716	15
717	16
718	7
719	2
720	41
721	5
722	10
723	13
724	15
725	4
726	17
727	7
728	7
729	23
730	13
731	6
732	35
733	9
734	32
735	27
736	34
737	34
738	35
739	16
740	42
741	14
742	12
743	37
744	10
745	14
746	7
747	26
748	12
749	20
750	42
751	14
752	41
753	3
754	7
755	10
756	13
757	26
758	7
759	33
760	9
761	28
762	5
763	14
764	32
765	11
766	25
767	30
768	23
769	20
770	42
771	19
772	23
773	26
774	18
775	36
776	13
777	17
778	39
779	12
780	10
781	36
782	36
783	8
784	13
785	4
786	26
787	12
788	3
789	16
790	26
791	23
792	13
793	37
794	7
795	10
796	7
797	0
798	13
799	7
800	7
801	8
802	20
803	1
804	7
805	17
806	13
807	20
808	24
809	39
810	16
811	5
812	1
813	11
814	10
815	16
816	0
817	5
818	20
819	23
820	7
821	38
822	31
823	1
824	30
825	15
826	25
827	35
828	4
829	15
830	13
831	9
832	13
833	24
834	36
835	3
836	0
837	3
838	3
839	23
840	10
841	36
842	41
843	16
844	7
845	24
846	42
847	35
848	23
849	24
850	8
851	3
852	4
853	41
854	12
855	42
856	7
857	35
858	5
859	31
860	16
861	41
862	12
863	11
864	7
865	16
866	5
867	4
868	6
869	41
870	15
871	27
872	10
873	36
874	7
875	3
876	7
877	13
878	27
879	3
880	15
881	23
882	29
883	28
884	12
885	0
886	4
887	6
888	26
889	42
890	36
891	17
892	8
893	36
894	41
895	22
896	26
897	13
898	13
899	9
900	23
901	34
902	30
903	9
904	42
905	12
906	20
907	20
908	12
909	36
910	26
911	8
912	7
913	25
914	31
915	38
916	14
917	11
918	31
919	23
920	1
921	1
922	17
923	23
924	9
925	7
926	26
927	14
928	28
929	11
930	34
931	36
932	1
933	28
934	13
935	42
936	12
937	6
938	28
939	7
940	6
941	41
942	12
943	15
944	14
945	26
946	12
947	34
948	7
949	16
950	5
951	15
952	13
953	34
954	23
955	26
956	7
957	42
958	10
959	11
960	20
961	5
962	23
963	15
964	7
965	16
966	38
967	41
968	36
969	38
970	9
971	1
972	41
973	1
974	12
975	7
976	26
977	12
978	24
979	3
980	42
981	16
982	9
983	26
984	4
985	10
986	13
987	28
988	20
989	26
990	13
991	20
992	14
993	30
994	42
995	4
996	7
997	11
998	7
999	11
1000	7
