1	5
2	11
3	11
4	11
5	7
6	13
7	19
8	11
9	2
10	2
11	2
12	11
13	11
14	14
15	11
16	35
17	11
18	7
19	24
20	11
21	11
22	11
23	11
24	11
25	39
26	11
27	35
28	39
29	11
30	11
31	18
32	24
33	2
34	20
35	2
36	35
37	28
38	11
39	11
40	28
41	28
42	13
43	11
44	5
45	11
46	9
47	11
48	26
49	18
50	4
51	11
52	11
53	39
54	11
55	11
56	11
57	11
58	11
59	22
60	11
61	9
62	28
63	24
64	4
65	11
66	11
67	36
68	11
69	11
70	11
71	11
72	11
73	33
74	11
75	11
76	11
77	11
78	11
79	11
80	6
81	11
82	11
83	11
84	11
85	11
86	11
87	11
88	2
89	24
90	1
91	14
92	11
93	11
94	11
95	30
96	11
97	33
98	11
99	11
100	11
101	0
102	14
103	11
104	11
105	11
106	20
107	11
108	11
109	2
110	11
111	11
112	33
113	19
114	11
115	11
116	14
117	30
118	25
119	11
120	4
121	2
122	22
123	22
124	5
125	11
126	25
127	14
128	12
129	12
130	11
131	11
132	11
133	11
134	11
135	19
136	11
137	11
138	33
139	11
140	11
141	11
142	24
143	27
144	20
145	11
146	3
147	11
148	2
149	11
150	35
151	18
152	0
153	4
154	19
155	0
156	12
157	11
158	25
159	11
160	11
161	11
162	4
163	33
164	11
165	11
166	11
167	24
168	9
169	14
170	35
171	26
172	4
173	11
174	31
175	38
176	2
177	11
178	25
179	40
180	11
181	0
182	36
183	33
184	13
185	11
186	4
187	11
188	11
189	11
190	11
191	11
192	11
193	11
194	11
195	11
196	33
197	11
198	39
199	11
200	6
201	22
202	11
203	11
204	39
205	39
206	11
207	33
208	11
209	11
210	39
211	31
212	11
213	39
214	4
215	11
216	32
217	11
218	2
219	35
220	33
221	11
222	31
223	26
224	2
225	30
226	11
227	11
228	18
229	11
230	2
231	11
232	33
233	11
234	36
235	16
236	18
237	27
238	14
239	33
240	11
241	33
242	22
243	11
244	19
245	39
246	11
247	11
248	31
249	9
250	11
251	39
252	11
253	1
254	9
255	39
256	11
257	11
258	9
259	11
260	33
261	11
262	11
263	11
264	31
265	18
266	18
267	33
268	17
269	11
270	11
271	33
272	5
273	11
274	11
275	31
276	3
277	11
278	32
279	18
280	11
281	24
282	34
283	11
284	11
285	11
286	20
287	36
288	11
289	31
290	0
291	7
292	11
293	11
294	26
295	10
296	28
297	33
298	2
299	4
300	12
301	19
302	21
303	17
304	22
305	11
306	11
307	16
308	11
309	11
310	36
311	39
312	7
313	39
314	9
315	11
316	32
317	8
318	32
319	2
320	0
321	0
322	11
323	5
324	38
325	11
326	10
327	11
328	11
329	6
330	35
331	33
332	5
333	25
334	22
335	18
336	22
337	22
338	5
339	11
340	19
341	19
342	26
343	9
344	6
345	7
346	11
347	30
348	11
349	18
350	18
351	38
352	3
353	34
354	13
355	26
356	11
357	30
358	4
359	22
360	17
361	11
362	19
363	11
364	6
365	11
366	6
367	2
368	11
369	33
370	11
371	14
372	36
373	11
374	14
375	4
376	17
377	33
378	12
379	19
380	27
381	11
382	13
383	2
384	2
385	17
386	11
387	7
388	12
389	9
390	12
391	31
392	39
393	27
394	27
395	37
396	20
397	31
398	14
399	40
400	8
401	34
402	7
403	18
404	36
405	31
406	19
407	11
408	30
409	7
410	0
411	10
412	9
413	39
414	16
415	41
416	22
417	18
418	31
419	18
420	21
421	28
422	31
423	35
424	11
425	2
426	11
427	9
428	14
429	35
430	9
431	37
432	3
433	25
434	27
435	18
436	27
437	25
438	18
439	11
440	28
441	37
442	16
443	6
444	18
445	40
446	18
447	38
448	14
449	26
450	6
451	39
452	17
453	41
454	25
455	35
456	34
457	9
458	9
459	2
460	27
461	16
462	8
463	1
464	8
465	3
466	6
467	22
468	9
469	7
470	9
471	2
472	17
473	11
474	5
475	41
476	8
477	33
478	33
479	25
480	40
481	34
482	33
483	25
484	35
485	37
486	40
487	40
488	22
489	19
490	17
491	18
492	36
493	9
494	4
495	41
496	11
497	20
498	25
499	18
500	7
501	11
502	14
503	2
504	18
505	3
506	20
507	38
508	35
509	2
510	35
511	11
512	32
513	5
514	5
515	7
516	27
517	5
518	9
519	5
520	15
521	39
522	33
523	1
524	0
525	33
526	37
527	25
528	18
529	21
530	20
531	7
532	9
533	2
534	0
535	35
536	33
537	26
538	13
539	28
540	37
541	25
542	8
543	31
544	33
545	14
546	3
547	6
548	15
549	25
550	1
551	9
552	35
553	18
554	14
555	33
556	33
557	29
558	30
559	25
560	31
561	14
562	40
563	1
564	19
565	21
566	34
567	20
568	27
569	20
570	15
571	10
572	4
573	11
574	19
575	31
576	35
577	0
578	20
579	9
580	34
581	26
582	11
583	31
584	31
585	14
586	29
587	13
588	40
589	10
590	34
591	40
592	40
593	1
594	29
595	40
596	2
597	18
598	24
599	34
600	9
601	10
602	33
603	14
604	30
605	18
606	10
607	7
608	32
609	31
610	5
611	18
612	39
613	25
614	31
615	0
616	11
617	18
618	22
619	40
620	18
621	29
622	19
623	39
624	1
625	10
626	11
627	18
628	31
629	31
630	32
631	39
632	24
633	0
634	41
635	10
636	14
637	37
638	8
639	20
640	39
641	30
642	12
643	19
644	25
645	14
646	9
647	40
648	34
649	12
650	2
651	18
652	26
653	10
654	17
655	35
656	1
657	8
658	3
659	34
660	34
661	33
662	18
663	33
664	16
665	34
666	39
667	14
668	37
669	19
670	18
671	13
672	39
673	5
674	8
675	2
676	14
677	5
678	34
679	13
680	27
681	10
682	17
683	39
684	35
685	8
686	3
687	14
688	31
689	30
690	25
691	35
692	39
693	31
694	22
695	38
696	3
697	35
698	12
699	30
700	37
701	25
702	37
703	27
704	39
705	28
706	37
707	7
708	40
709	27
710	4
711	22
712	19
713	15
714	10
715	25
716	26
717	16
718	17
719	2
720	39
721	19
722	22
723	16
724	40
725	17
726	5
727	9
728	2
729	33
730	5
731	18
732	25
733	39
734	21
735	1
736	41
737	41
738	22
739	10
740	8
741	0
742	28
743	33
744	31
745	6
746	31
747	1
748	37
749	9
750	6
751	1
752	40
753	39
754	14
755	1
756	10
757	0
758	34
759	8
760	18
761	5
762	40
763	14
764	21
765	13
766	40
767	30
768	9
769	1
770	34
771	16
772	37
773	5
774	21
775	34
776	2
777	24
778	26
779	5
780	1
781	18
782	1
783	18
784	26
785	40
786	8
787	18
788	9
789	13
790	36
791	5
792	18
793	14
794	8
795	17
796	38
797	5
798	39
799	18
800	15
801	2
802	39
803	38
804	29
805	1
806	8
807	0
808	14
809	32
810	21
811	35
812	16
813	41
814	29
815	10
816	33
817	40
818	34
819	10
820	39
821	35
822	1
823	1
824	1
825	40
826	25
827	6
828	39
829	39
830	25
831	19
832	25
833	41
834	37
835	20
836	35
837	8
838	29
839	16
840	9
841	38
842	26
843	36
844	16
845	14
846	40
847	33
848	22
849	8
850	7
851	21
852	6
853	35
854	27
855	27
856	39
857	33
858	39
859	36
860	20
861	30
862	9
863	8
864	29
865	21
866	12
867	9
868	21
869	37
870	18
871	21
872	1
873	1
874	34
875	34
876	14
877	35
878	32
879	19
880	33
881	41
882	7
883	6
884	15
885	18
886	12
887	1
888	34
889	1
890	1
891	15
892	27
893	9
894	34
895	1
896	12
897	30
898	34
899	29
900	31
901	10
902	8
903	40
904	1
905	5
906	14
907	21
908	1
909	37
910	22
911	26
912	14
913	18
914	35
915	26
916	17
917	35
918	22
919	37
920	20
921	39
922	0
923	40
924	33
925	12
926	8
927	15
928	35
929	17
930	0
931	6
932	37
933	34
934	14
935	17
936	20
937	37
938	29
939	5
940	40
941	5
942	37
943	41
944	17
945	23
946	30
947	25
948	26
949	35
950	33
951	41
952	39
953	15
954	9
955	7
956	18
957	14
958	40
959	27
960	21
961	6
962	23
963	37
964	21
965	12
966	1
967	40
968	40
969	31
970	34
971	31
972	15
973	34
974	8
975	23
976	10
977	1
978	19
979	15
980	29
981	27
982	18
983	5
984	41
985	15
986	21
987	37
988	7
989	39
990	29
991	33
992	22
993	37
994	40
995	37
996	34
997	9
998	7
999	27
1000	23
