1	16
2	16
3	16
4	3
5	28
6	13
7	16
8	31
9	25
10	16
11	14
12	1
13	4
14	22
15	6
16	16
17	24
18	14
19	41
20	35
21	16
22	16
23	16
24	29
25	4
26	16
27	16
28	16
29	16
30	16
31	16
32	16
33	16
34	4
35	23
36	31
37	25
38	16
39	22
40	16
41	31
42	16
43	16
44	16
45	16
46	36
47	16
48	16
49	16
50	16
51	14
52	0
53	24
54	36
55	16
56	26
57	16
58	16
59	16
60	16
61	16
62	14
63	16
64	4
65	16
66	8
67	16
68	14
69	3
70	16
71	16
72	37
73	16
74	7
75	14
76	16
77	16
78	1
79	16
80	16
81	16
82	16
83	4
84	16
85	14
86	16
87	16
88	26
89	42
90	16
91	16
92	41
93	16
94	16
95	16
96	16
97	4
98	24
99	4
100	16
101	27
102	16
103	12
104	16
105	16
106	16
107	16
108	16
109	16
110	0
111	32
112	4
113	36
114	16
115	16
116	9
117	3
118	14
119	16
120	16
121	0
122	16
123	14
124	22
125	14
126	25
127	4
128	34
129	30
130	16
131	23
132	16
133	16
134	40
135	16
136	16
137	16
138	4
139	16
140	28
141	14
142	1
143	1
144	16
145	43
146	16
147	41
148	13
149	36
150	3
151	6
152	14
153	12
154	17
155	41
156	42
157	31
158	7
159	1
160	10
161	14
162	4
163	40
164	2
165	16
166	42
167	17
168	16
169	23
170	42
171	30
172	30
173	13
174	17
175	36
176	32
177	16
178	16
179	1
180	16
181	37
182	16
183	16
184	16
185	35
186	11
187	3
188	16
189	16
190	11
191	16
192	22
193	16
194	42
195	22
196	17
197	16
198	14
199	4
200	4
201	1
202	11
203	30
204	13
205	13
206	14
207	34
208	27
209	9
210	14
211	12
212	25
213	14
214	38
215	13
216	0
217	37
218	3
219	2
220	16
221	32
222	24
223	16
224	14
225	31
226	14
227	1
228	2
229	3
230	16
231	34
232	28
233	3
234	29
235	16
236	7
237	4
238	16
239	6
240	29
241	31
242	41
243	41
244	17
245	16
246	2
247	16
248	30
249	28
250	16
251	1
252	36
253	10
254	0
255	16
256	28
257	35
258	36
259	41
260	26
261	41
262	14
263	1
264	13
265	16
266	34
267	16
268	27
269	7
270	23
271	14
272	15
273	1
274	16
275	16
276	16
277	4
278	17
279	43
280	14
281	38
282	14
283	0
284	28
285	0
286	9
287	3
288	16
289	30
290	14
291	30
292	16
293	32
294	1
295	14
296	7
297	4
298	4
299	35
300	30
301	3
302	10
303	3
304	13
305	16
306	10
307	37
308	7
309	16
310	29
311	16
312	29
313	3
314	36
315	23
316	3
317	14
318	41
319	9
320	7
321	31
322	16
323	29
324	1
325	4
326	3
327	13
328	22
329	11
330	6
331	0
332	42
333	26
334	4
335	8
336	13
337	16
338	16
339	16
340	16
341	30
342	16
343	39
344	38
345	25
346	36
347	16
348	7
349	16
350	14
351	35
352	23
353	16
354	3
355	2
356	4
357	38
358	0
359	3
360	8
361	41
362	32
363	17
364	3
365	36
366	1
367	7
368	7
369	36
370	24
371	35
372	0
373	43
374	3
375	28
376	14
377	40
378	16
379	24
380	6
381	2
382	23
383	26
384	3
385	16
386	0
387	30
388	16
389	4
390	16
391	14
392	16
393	1
394	16
395	10
396	12
397	27
398	6
399	26
400	37
401	6
402	29
403	32
404	16
405	29
406	30
407	40
408	3
409	22
410	28
411	8
412	37
413	12
414	6
415	16
416	16
417	3
418	13
419	16
420	12
421	1
422	36
423	17
424	4
425	3
426	13
427	30
428	39
429	4
430	40
431	31
432	35
433	16
434	4
435	26
436	12
437	3
438	17
439	14
440	14
441	11
442	9
443	26
444	38
445	38
446	12
447	27
448	3
449	39
450	36
451	11
452	35
453	35
454	35
455	12
456	1
457	1
458	1
459	39
460	25
461	12
462	2
463	23
464	3
465	3
466	16
467	38
468	1
469	36
470	42
471	39
472	24
473	32
474	6
475	12
476	41
477	29
478	14
479	38
480	22
481	6
482	11
483	14
484	10
485	16
486	42
487	40
488	16
489	32
490	2
491	4
492	34
493	39
494	8
495	42
496	13
497	18
498	16
499	16
500	37
501	9
502	19
503	8
504	32
505	27
506	30
507	4
508	26
509	4
510	25
511	10
512	12
513	38
514	1
515	29
516	25
517	12
518	16
519	14
520	4
521	37
522	19
523	18
524	8
525	7
526	14
527	32
528	12
529	36
530	19
531	14
532	41
533	43
534	24
535	7
536	23
537	26
538	13
539	0
540	13
541	14
542	1
543	26
544	30
545	29
546	17
547	37
548	42
549	17
550	30
551	4
552	0
553	22
554	42
555	4
556	15
557	16
558	8
559	13
560	13
561	6
562	36
563	32
564	41
565	16
566	15
567	3
568	22
569	1
570	4
571	3
572	34
573	9
574	42
575	3
576	12
577	16
578	23
579	18
580	9
581	32
582	2
583	13
584	13
585	25
586	10
587	28
588	26
589	38
590	14
591	38
592	31
593	32
594	17
595	9
596	17
597	0
598	30
599	8
600	43
601	16
602	17
603	40
604	39
605	2
606	28
607	4
608	5
609	43
610	6
611	41
612	38
613	24
614	39
615	24
616	26
617	24
618	24
619	28
620	0
621	1
622	32
623	2
624	7
625	32
626	1
627	7
628	24
629	42
630	29
631	17
632	15
633	7
634	26
635	1
636	32
637	1
638	32
639	17
640	4
641	4
642	0
643	39
644	15
645	5
646	23
647	18
648	6
649	3
650	6
651	38
652	23
653	6
654	9
655	29
656	26
657	4
658	2
659	40
660	0
661	15
662	4
663	3
664	40
665	23
666	37
667	24
668	29
669	30
670	39
671	11
672	27
673	23
674	16
675	43
676	14
677	41
678	32
679	36
680	19
681	29
682	40
683	17
684	7
685	4
686	9
687	22
688	33
689	15
690	39
691	22
692	0
693	42
694	3
695	29
696	27
697	8
698	3
699	3
700	25
701	40
702	43
703	26
704	34
705	37
706	4
707	36
708	15
709	18
710	32
711	10
712	17
713	40
714	28
715	4
716	35
717	0
718	0
719	32
720	8
721	8
722	32
723	10
724	33
725	28
726	17
727	12
728	32
729	20
730	34
731	24
732	34
733	29
734	31
735	32
736	4
737	7
738	14
739	8
740	33
741	27
742	8
743	36
744	3
745	41
746	39
747	5
748	27
749	1
750	4
751	23
752	24
753	35
754	4
755	19
756	3
757	43
758	5
759	4
760	14
761	15
762	15
763	13
764	24
765	26
766	8
767	6
768	1
769	20
770	0
771	15
772	3
773	1
774	8
775	22
776	3
777	18
778	26
779	0
780	9
781	1
782	1
783	11
784	32
785	25
786	8
787	8
788	7
789	2
790	35
791	42
792	20
793	5
794	39
795	33
796	17
797	37
798	30
799	10
800	39
801	28
802	37
803	3
804	0
805	28
806	32
807	19
808	28
809	1
810	16
811	32
812	22
813	33
814	3
815	41
816	38
817	6
818	30
819	8
820	7
821	12
822	22
823	1
824	1
825	18
826	20
827	9
828	38
829	3
830	43
831	1
832	10
833	13
834	0
835	4
836	6
837	21
838	38
839	19
840	34
841	3
842	34
843	17
844	30
845	11
846	27
847	40
848	9
849	8
850	26
851	20
852	18
853	13
854	23
855	19
856	6
857	3
858	7
859	21
860	36
861	43
862	29
863	8
864	10
865	2
866	29
867	20
868	26
869	32
870	27
871	7
872	39
873	20
874	1
875	11
876	7
877	27
878	40
879	17
880	28
881	8
882	41
883	33
884	38
885	1
886	32
887	15
888	7
889	20
890	1
891	1
892	40
893	8
894	17
895	1
896	19
897	33
898	40
899	9
900	21
901	1
902	20
903	39
904	3
905	24
906	19
907	21
908	4
909	32
910	39
911	20
912	2
913	18
914	33
915	8
916	24
917	1
918	7
919	23
920	30
921	0
922	20
923	6
924	29
925	32
926	7
927	18
928	13
929	0
930	33
931	8
932	19
933	33
934	33
935	0
936	26
937	1
938	19
939	33
940	5
941	35
942	3
943	20
944	32
945	38
946	15
947	39
948	30
949	5
950	13
951	29
952	39
953	4
954	1
955	39
956	8
957	24
958	26
959	33
960	8
961	0
962	42
963	42
964	15
965	28
966	42
967	39
968	33
969	0
970	29
971	8
972	8
973	0
974	8
975	4
976	3
977	5
978	3
979	4
980	0
981	40
982	3
983	7
984	39
985	20
986	0
987	0
988	22
989	8
990	38
991	33
992	5
993	33
994	26
995	19
996	0
997	29
998	36
999	20
1000	2
