1	39 
2	15 
3	17 
4	46 
5	86 
6	66 
7	31 
8	70 
9	75 
10	12 
11	13 
12	34 
13	31 
14	54 
15	43 
16	17 
17	61 
18	6 
19	69 
20	5 
21	44 
22	77 
23	43 
24	71 
25	54 
26	38 
27	47 
28	36 
29	51 
30	20 
31	83 
32	54 
33	40 
34	15 
35	36 
36	91 
37	38 
38	84 
39	75 
40	66 
41	58 
42	36 
43	30 
44	76 
45	25 
46	70 
47	70 
48	47 
49	49 
50	18 
51	37 
52	24 
53	73 
54	86 
55	50 
56	4 
57	6 
58	55 
59	50 
60	34 
61	41 
62	81 
63	68 
64	80 
65	80 
66	9 
67	84 
68	49 
69	33 
70	35 
71	75 
72	25 
73	89 
74	41 
75	48 
76	4 
77	75 
78	74 
79	49 
80	33 
81	19 
82	81 
83	82 
84	21 
85	60 
86	55 
87	61 
88	11 
89	44 
90	45 
91	77 
92	69 
93	41 
94	28 
95	48 
96	46 
97	50 
98	48 
99	76 
100	43 
101	91 
102	58 
103	14 
104	54 
105	61 
106	66 
107	9 
108	59 
109	61 
110	53 
111	86 
112	92 
113	55 
114	15 
115	59 
116	67 
117	77 
118	48 
119	84 
120	38 
121	92 
122	83 
123	28 
124	63 
125	48 
126	15 
127	91 
128	63 
129	4 
130	76 
131	6 
132	52 
133	74 
134	75 
135	89 
136	13 
137	45 
138	66 
139	27 
140	26 
141	46 
142	6 
143	74 
144	39 
145	65 
146	10 
147	58 
148	47 
149	47 
150	39 
151	10 
152	54 
153	53 
154	26 
155	44 
156	37 
157	44 
158	63 
159	40 
160	65 
161	35 
162	18 
163	19 
164	90 
165	63 
166	17 
167	83 
168	50 
169	80 
170	14 
171	74 
172	34 
173	38 
174	36 
175	51 
176	34 
177	64 
178	15 
179	9 
180	82 
181	60 
182	40 
183	37 
184	9 
185	8 
186	11 
187	29 
188	71 
189	88 
190	28 
191	33 
192	6 
193	78 
194	85 
195	66 
196	70 
197	23 
198	43 
199	63 
200	71 
201	33 
202	55 
203	68 
204	20 
205	23 
206	49 
207	60 
208	1 
209	88 
210	1 
211	10 
212	91 
213	62 
214	24 
215	67 
216	81 
217	33 
218	29 
219	41 
220	74 
221	22 
222	74 
223	15 
224	68 
225	55 
226	12 
227	76 
228	31 
229	10 
230	46 
231	83 
232	17 
233	14 
234	41 
235	19 
236	41 
237	16 
238	44 
239	63 
240	87 
241	61 
242	42 
243	44 
244	13 
245	70 
246	19 
247	80 
248	36 
249	1 
250	75 
251	13 
252	21 
253	70 
254	14 
255	21 
256	7 
257	58 
258	83 
259	3 
260	60 
261	40 
262	79 
263	19 
264	77 
265	87 
266	17 
267	16 
268	86 
269	69 
270	34 
271	29 
272	76 
273	67 
274	25 
275	26 
276	2 
277	24 
278	18 
279	25 
280	48 
281	91 
282	66 
283	20 
284	62 
285	61 
286	78 
287	41 
288	36 
289	45 
290	41 
291	81 
292	77 
293	53 
294	73 
295	8 
296	18 
297	82 
298	51 
299	11 
300	60 
301	77 
302	48 
303	2 
304	44 
305	58 
306	79 
307	12 
308	2 
309	8 
310	30 
311	23 
312	57 
313	84 
314	49 
315	5 
316	60 
317	63 
318	52 
319	57 
320	8 
321	39 
322	37 
323	86 
324	44 
325	34 
326	12 
327	8 
328	36 
329	72 
330	77 
331	58 
332	67 
333	18 
334	87 
335	89 
336	18 
337	88 
338	35 
339	6 
340	45 
341	68 
342	53 
343	82 
344	76 
345	71 
346	21 
347	92 
348	21 
349	9 
350	33 
351	68 
352	72 
353	30 
354	26 
355	11 
356	7 
357	29 
358	11 
359	34 
360	3 
361	45 
362	78 
363	10 
364	8 
365	52 
366	18 
367	24 
368	68 
369	49 
370	67 
371	63 
372	26 
373	12 
374	3 
375	53 
376	46 
377	92 
378	26 
379	74 
380	37 
381	86 
382	90 
383	89 
384	80 
385	81 
386	11 
387	72 
388	71 
389	9 
390	3 
391	78 
392	4 
393	35 
394	88 
395	84 
396	28 
397	29 
398	34 
399	31 
400	75 
401	6 
402	47 
403	17 
404	83 
405	30 
406	79 
407	90 
408	54 
409	59 
410	6 
411	59 
412	42 
413	35 
414	32 
415	20 
416	57 
417	27 
418	44 
419	19 
420	46 
421	2 
422	13 
423	2 
424	15 
425	41 
426	88 
427	68 
428	53 
429	7 
430	82 
431	75 
432	36 
433	73 
434	88 
435	79 
436	39 
437	8 
438	8 
439	91 
440	23 
441	43 
442	32 
443	73 
444	54 
445	43 
446	23 
447	2 
448	53 
449	82 
450	24 
451	92 
452	44 
453	42 
454	87 
455	77 
456	38 
457	67 
458	49 
459	85 
460	38 
461	8 
462	45 
463	73 
464	67 
465	3 
466	5 
467	3 
468	64 
469	69 
470	18 
471	40 
472	68 
473	78 
474	55 
475	8 
476	67 
477	74 
478	27 
479	43 
480	15 
481	28 
482	25 
483	65 
484	62 
485	84 
486	42 
487	41 
488	27 
489	43 
490	42 
491	26 
492	71 
493	20 
494	69 
495	59 
496	49 
497	72 
498	80 
499	44 
500	41 
501	62 
502	34 
503	29 
504	85 
505	76 
506	39 
507	5 
508	81 
509	36 
510	62 
511	8 
512	32 
513	59 
514	67 
515	41 
516	26 
517	16 
518	4 
519	85 
520	48 
521	85 
522	44 
523	22 
524	8 
525	35 
526	2 
527	5 
528	43 
529	71 
530	42 
531	74 
532	13 
533	1 
534	56 
535	56 
536	23 
537	68 
538	65 
539	28 
540	76 
541	92 
542	51 
543	37 
544	25 
545	14 
546	50 
547	36 
548	19 
549	69 
550	58 
551	4 
552	7 
553	79 
554	89 
555	41 
556	12 
557	10 
558	40 
559	30 
560	52 
561	30 
562	34 
563	74 
564	22 
565	15 
566	78 
567	22 
568	52 
569	61 
570	32 
571	15 
572	72 
573	62 
574	5 
575	24 
576	19 
577	6 
578	61 
579	26 
580	90 
581	42 
582	37 
583	21 
584	36 
585	34 
586	8 
587	65 
588	12 
589	58 
590	14 
591	75 
592	89 
593	62 
594	64 
595	87 
596	18 
597	83 
598	59 
599	71 
600	89 
601	51 
602	7 
603	68 
604	47 
605	56 
606	84 
607	9 
608	22 
609	68 
610	79 
611	32 
612	5 
613	72 
614	20 
615	75 
616	54 
617	71 
618	50 
619	64 
620	64 
621	20 
622	70 
623	63 
624	90 
625	75 
626	80 
627	14 
628	16 
629	72 
630	59 
631	86 
632	51 
633	9 
634	91 
635	71 
636	27 
637	24 
638	50 
639	11 
640	90 
641	1 
642	54 
643	72 
644	6 
645	64 
646	56 
647	56 
648	31 
649	11 
650	87 
651	56 
652	82 
653	77 
654	46 
655	52 
656	72 
657	78 
658	26 
659	28 
660	2 
661	86 
662	74 
663	18 
664	63 
665	85 
666	84 
667	55 
668	64 
669	56 
670	25 
671	25 
672	41 
673	40 
674	50 
675	87 
676	54 
677	49 
678	41 
679	16 
680	62 
681	72 
682	67 
683	67 
684	22 
685	63 
686	45 
687	48 
688	79 
689	49 
690	66 
691	54 
692	77 
693	32 
694	10 
695	16 
696	41 
697	16 
698	59 
699	32 
700	51 
701	18 
702	64 
703	60 
704	46 
705	3 
706	85 
707	90 
708	22 
709	82 
710	61 
711	77 
712	61 
713	66 
714	9 
715	76 
716	25 
717	77 
718	61 
719	59 
720	31 
721	73 
722	10 
723	18 
724	67 
725	55 
726	59 
727	16 
728	78 
729	19 
730	11 
731	15 
732	4 
733	31 
734	79 
735	80 
736	38 
737	72 
738	7 
739	36 
740	5 
741	15 
742	3 
743	91 
744	46 
745	59 
746	25 
747	52 
748	74 
749	77 
750	39 
751	91 
752	4 
753	11 
754	73 
755	22 
756	77 
757	57 
758	37 
759	15 
760	65 
761	48 
762	1 
763	57 
764	73 
765	83 
766	12 
767	47 
768	82 
769	72 
770	85 
771	34 
772	47 
773	89 
774	67 
775	90 
776	39 
777	67 
778	44 
779	1 
780	25 
781	54 
782	52 
783	26 
784	85 
785	28 
786	36 
787	48 
788	32 
789	87 
790	89 
791	53 
792	74 
793	83 
794	27 
795	7 
796	57 
797	85 
798	77 
799	44 
800	26 
801	40 
802	39 
803	32 
804	71 
805	77 
806	58 
807	31 
808	45 
809	63 
810	18 
811	82 
812	87 
813	87 
814	50 
815	15 
816	28 
817	1 
818	85 
819	32 
820	18 
821	52 
822	47 
823	34 
824	26 
825	31 
826	37 
827	40 
828	4 
829	1 
830	38 
831	52 
832	7 
833	65 
834	65 
835	7 
836	91 
837	76 
838	26 
839	22 
840	36 
841	38 
842	36 
843	65 
844	8 
845	15 
846	59 
847	12 
848	59 
849	8 
850	77 
851	27 
852	90 
853	25 
854	90 
855	82 
856	45 
857	8 
858	18 
859	12 
860	27 
861	61 
862	45 
863	9 
864	19 
865	25 
866	72 
867	38 
868	74 
869	75 
870	36 
871	25 
872	57 
873	1 
874	57 
875	31 
876	73 
877	57 
878	1 
879	74 
880	75 
881	65 
882	65 
883	46 
884	32 
885	55 
886	7 
887	41 
888	85 
889	65 
890	57 
891	74 
892	82 
893	19 
894	75 
895	83 
896	37 
897	73 
898	75 
899	54 
900	31 
901	34 
902	44 
903	77 
904	36 
905	63 
906	6 
907	82 
908	71 
909	85 
910	1 
911	54 
912	76 
913	53 
914	27 
915	15 
916	9 
917	65 
918	15 
919	9 
920	41 
921	55 
922	59 
923	74 
924	87 
925	26 
926	18 
927	53 
928	44 
929	52 
930	27 
931	63 
932	34 
933	19 
934	27 
935	87 
936	19 
937	85 
938	38 
939	25 
940	65 
941	36 
942	45 
943	85 
944	8 
945	18 
946	38 
947	7 
948	53 
949	59 
950	49 
951	54 
952	34 
953	31 
954	8 
955	59 
956	41 
957	54 
958	59 
959	53 
960	8 
961	15 
962	18 
963	82 
964	77 
965	9 
966	74 
967	5 
968	5 
969	74 
970	25 
971	18 
972	49 
973	34 
974	1 
975	75 
976	87 
977	72 
978	61 
979	7 
980	5 
981	63 
982	74 
983	9 
984	25 
985	8 
986	19 
987	15 
988	71 
989	5 
990	63 
991	36 
992	85 
993	75 
994	26 
995	49 
996	41 
997	63 
998	85 
999	54 
1000	67 
