1	7 
2	5 
3	27 
4	35 
5	30 
6	7 
7	4 
8	2 
9	39 
10	9 
11	33 
12	6 
13	31 
14	27 
15	13 
16	24 
17	29 
18	38 
19	22 
20	3 
21	10 
22	10 
23	9 
24	35 
25	23 
26	15 
27	19 
28	17 
29	33 
30	4 
31	12 
32	8 
33	36 
34	13 
35	14 
36	36 
37	19 
38	10 
39	12 
40	34 
41	18 
42	26 
43	7 
44	15 
45	28 
46	22 
47	38 
48	15 
49	15 
50	37 
51	37 
52	1 
53	14 
54	10 
55	3 
56	17 
57	25 
58	2 
59	9 
60	38 
61	20 
62	33 
63	5 
64	28 
65	26 
66	10 
67	38 
68	26 
69	4 
70	28 
71	18 
72	18 
73	10 
74	32 
75	35 
76	11 
77	3 
78	4 
79	12 
80	21 
81	13 
82	34 
83	6 
84	1 
85	8 
86	19 
87	30 
88	8 
89	18 
90	25 
91	18 
92	19 
93	15 
94	20 
95	7 
96	12 
97	5 
98	28 
99	4 
100	38 
101	29 
102	38 
103	33 
104	8 
105	17 
106	25 
107	25 
108	33 
109	32 
110	22 
111	10 
112	26 
113	15 
114	29 
115	10 
116	30 
117	12 
118	10 
119	37 
120	33 
121	24 
122	29 
123	5 
124	28 
125	24 
126	12 
127	1 
128	21 
129	25 
130	36 
131	12 
132	16 
133	26 
134	36 
135	10 
136	7 
137	39 
138	31 
139	3 
140	12 
141	35 
142	27 
143	37 
144	18 
145	13 
146	33 
147	34 
148	23 
149	35 
150	34 
151	17 
152	31 
153	12 
154	28 
155	28 
156	15 
157	31 
158	26 
159	3 
160	6 
161	10 
162	21 
163	17 
164	32 
165	34 
166	4 
167	18 
168	5 
169	20 
170	24 
171	34 
172	31 
173	34 
174	24 
175	19 
176	33 
177	19 
178	17 
179	19 
180	27 
181	1 
182	3 
183	2 
184	32 
185	12 
186	15 
187	24 
188	27 
189	2 
190	29 
191	3 
192	13 
193	3 
194	6 
195	6 
196	3 
197	8 
198	3 
199	18 
200	25 
201	34 
202	25 
203	3 
204	10 
205	4 
206	38 
207	18 
208	39 
209	6 
210	17 
211	19 
212	18 
213	16 
214	38 
215	37 
216	13 
217	9 
218	19 
219	39 
220	1 
221	16 
222	22 
223	11 
224	34 
225	10 
226	20 
227	28 
228	33 
229	36 
230	35 
231	39 
232	23 
233	22 
234	24 
235	24 
236	7 
237	3 
238	17 
239	18 
240	5 
241	35 
242	4 
243	28 
244	18 
245	7 
246	17 
247	29 
248	15 
249	27 
250	1 
251	28 
252	31 
253	39 
254	23 
255	25 
256	38 
257	14 
258	34 
259	4 
260	25 
261	10 
262	27 
263	27 
264	23 
265	23 
266	34 
267	6 
268	19 
269	28 
270	7 
271	15 
272	36 
273	17 
274	25 
275	30 
276	7 
277	20 
278	37 
279	34 
280	9 
281	38 
282	31 
283	23 
284	30 
285	16 
286	14 
287	20 
288	38 
289	31 
290	35 
291	33 
292	25 
293	2 
294	2 
295	3 
296	39 
297	34 
298	27 
299	13 
300	17 
301	10 
302	3 
303	34 
304	7 
305	38 
306	10 
307	17 
308	29 
309	18 
310	9 
311	37 
312	18 
313	7 
314	38 
315	13 
316	9 
317	29 
318	15 
319	32 
320	3 
321	33 
322	18 
323	33 
324	28 
325	18 
326	24 
327	11 
328	3 
329	12 
330	26 
331	11 
332	33 
333	28 
334	37 
335	39 
336	10 
337	13 
338	28 
339	1 
340	27 
341	14 
342	16 
343	3 
344	34 
345	30 
346	31 
347	8 
348	34 
349	9 
350	3 
351	16 
352	34 
353	1 
354	15 
355	9 
356	33 
357	26 
358	34 
359	4 
360	33 
361	20 
362	36 
363	3 
364	26 
365	29 
366	9 
367	23 
368	13 
369	28 
370	32 
371	32 
372	34 
373	28 
374	13 
375	31 
376	35 
377	12 
378	28 
379	34 
380	12 
381	28 
382	1 
383	35 
384	25 
385	8 
386	29 
387	24 
388	15 
389	11 
390	36 
391	28 
392	23 
393	3 
394	11 
395	34 
396	15 
397	16 
398	31 
399	10 
400	7 
401	33 
402	33 
403	14 
404	6 
405	35 
406	30 
407	27 
408	22 
409	19 
410	14 
411	25 
412	3 
413	13 
414	24 
415	16 
416	24 
417	33 
418	39 
419	34 
420	21 
421	25 
422	36 
423	34 
424	32 
425	13 
426	33 
427	15 
428	9 
429	25 
430	28 
431	7 
432	38 
433	2 
434	33 
435	36 
436	4 
437	28 
438	9 
439	19 
440	15 
441	30 
442	18 
443	13 
444	3 
445	17 
446	7 
447	17 
448	39 
449	32 
450	28 
451	18 
452	20 
453	18 
454	3 
455	18 
456	13 
457	7 
458	16 
459	17 
460	19 
461	3 
462	25 
463	21 
464	8 
465	22 
466	26 
467	11 
468	33 
469	8 
470	36 
471	36 
472	3 
473	19 
474	34 
475	39 
476	3 
477	9 
478	22 
479	11 
480	10 
481	33 
482	26 
483	10 
484	3 
485	33 
486	3 
487	34 
488	8 
489	39 
490	35 
491	29 
492	10 
493	1 
494	1 
495	10 
496	27 
497	9 
498	10 
499	17 
500	32 
501	4 
502	19 
503	26 
504	23 
505	27 
506	11 
507	14 
508	19 
509	28 
510	2 
511	28 
512	7 
513	38 
514	10 
515	28 
516	26 
517	32 
518	24 
519	14 
520	14 
521	22 
522	22 
523	15 
524	17 
525	4 
526	15 
527	14 
528	20 
529	28 
530	25 
531	1 
532	11 
533	39 
534	33 
535	36 
536	29 
537	21 
538	30 
539	17 
540	33 
541	22 
542	20 
543	29 
544	18 
545	7 
546	13 
547	21 
548	7 
549	6 
550	3 
551	21 
552	35 
553	27 
554	18 
555	22 
556	12 
557	13 
558	14 
559	33 
560	22 
561	33 
562	27 
563	33 
564	37 
565	15 
566	7 
567	15 
568	17 
569	24 
570	6 
571	8 
572	18 
573	32 
574	17 
575	2 
576	12 
577	27 
578	37 
579	27 
580	31 
581	37 
582	17 
583	35 
584	33 
585	9 
586	3 
587	39 
588	37 
589	34 
590	22 
591	29 
592	18 
593	12 
594	5 
595	3 
596	29 
597	32 
598	8 
599	17 
600	10 
601	19 
602	5 
603	2 
604	13 
605	17 
606	30 
607	18 
608	8 
609	15 
610	18 
611	27 
612	1 
613	32 
614	4 
615	15 
616	38 
617	11 
618	19 
619	4 
620	14 
621	10 
622	34 
623	1 
624	22 
625	8 
626	9 
627	36 
628	2 
629	12 
630	33 
631	22 
632	19 
633	4 
634	34 
635	38 
636	19 
637	14 
638	24 
639	29 
640	30 
641	32 
642	30 
643	33 
644	34 
645	21 
646	18 
647	31 
648	6 
649	21 
650	28 
651	32 
652	5 
653	29 
654	16 
655	28 
656	13 
657	18 
658	26 
659	19 
660	27 
661	34 
662	18 
663	15 
664	10 
665	12 
666	3 
667	33 
668	28 
669	12 
670	19 
671	33 
672	14 
673	7 
674	32 
675	5 
676	21 
677	2 
678	34 
679	11 
680	39 
681	16 
682	18 
683	26 
684	14 
685	14 
686	2 
687	25 
688	37 
689	1 
690	27 
691	19 
692	38 
693	5 
694	11 
695	18 
696	38 
697	25 
698	15 
699	12 
700	9 
701	34 
702	7 
703	7 
704	6 
705	5 
706	37 
707	2 
708	32 
709	11 
710	19 
711	11 
712	1 
713	34 
714	28 
715	24 
716	37 
717	19 
718	22 
719	25 
720	24 
721	38 
722	7 
723	18 
724	12 
725	7 
726	32 
727	25 
728	3 
729	33 
730	7 
731	8 
732	13 
733	18 
734	13 
735	30 
736	33 
737	16 
738	32 
739	7 
740	5 
741	24 
742	36 
743	29 
744	26 
745	5 
746	8 
747	25 
748	26 
749	30 
750	19 
751	32 
752	17 
753	19 
754	18 
755	5 
756	17 
757	7 
758	16 
759	39 
760	37 
761	7 
762	1 
763	15 
764	39 
765	25 
766	19 
767	7 
768	4 
769	38 
770	3 
771	36 
772	7 
773	24 
774	28 
775	24 
776	33 
777	3 
778	4 
779	28 
780	13 
781	13 
782	3 
783	33 
784	35 
785	30 
786	15 
787	3 
788	15 
789	19 
790	32 
791	36 
792	25 
793	7 
794	39 
795	26 
796	31 
797	13 
798	24 
799	19 
800	19 
801	3 
802	14 
803	36 
804	2 
805	22 
806	24 
807	2 
808	2 
809	22 
810	12 
811	34 
812	15 
813	4 
814	2 
815	7 
816	1 
817	25 
818	13 
819	10 
820	15 
821	22 
822	3 
823	18 
824	4 
825	38 
826	3 
827	36 
828	32 
829	3 
830	33 
831	3 
832	19 
833	26 
834	1 
835	37 
836	10 
837	16 
838	25 
839	7 
840	34 
841	7 
842	15 
843	1 
844	19 
845	30 
846	2 
847	3 
848	27 
849	16 
850	3 
851	17 
852	2 
853	7 
854	25 
855	25 
856	16 
857	33 
858	39 
859	7 
860	7 
861	37 
862	7 
863	33 
864	3 
865	19 
866	7 
867	2 
868	15 
869	34 
870	7 
871	10 
872	10 
873	13 
874	38 
875	29 
876	4 
877	2 
878	29 
879	3 
880	36 
881	18 
882	24 
883	9 
884	8 
885	8 
886	13 
887	19 
888	29 
889	29 
890	38 
891	1 
892	39 
893	27 
894	15 
895	10 
896	2 
897	18 
898	15 
899	33 
900	15 
901	3 
902	29 
903	22 
904	13 
905	22 
906	2 
907	12 
908	7 
909	33 
910	19 
911	17 
912	18 
913	13 
914	19 
915	38 
916	22 
917	26 
918	13 
919	4 
920	34 
921	25 
922	36 
923	19 
924	19 
925	1 
926	10 
927	10 
928	28 
929	4 
930	37 
931	8 
932	22 
933	29 
934	2 
935	13 
936	37 
937	12 
938	2 
939	10 
940	28 
941	32 
942	36 
943	2 
944	38 
945	13 
946	18 
947	33 
948	18 
949	19 
950	2 
951	1 
952	32 
953	32 
954	37 
955	17 
956	2 
957	24 
958	19 
959	1 
960	13 
961	33 
962	7 
963	33 
964	33 
965	28 
966	18 
967	1 
968	34 
969	36 
970	19 
971	24 
972	10 
973	36 
974	12 
975	22 
976	33 
977	34 
978	17 
979	25 
980	7 
981	38 
982	25 
983	32 
984	1 
985	28 
986	18 
987	18 
988	2 
989	22 
990	19 
991	19 
992	34 
993	10 
994	7 
995	36 
996	18 
997	18 
998	3 
999	33 
1000	10 
