1	24
2	10
3	19
4	20
5	25
6	5
7	6
8	27
9	32
10	12
11	10
12	12
13	3
14	36
15	21
16	32
17	4
18	9
19	9
20	27
21	25
22	29
23	35
24	35
25	4
26	33
27	20
28	7
29	32
30	9
31	9
32	28
33	12
34	9
35	33
36	9
37	18
38	20
39	16
40	7
41	6
42	14
43	34
44	16
45	5
46	21
47	20
48	15
49	27
50	19
51	2
52	9
53	9
54	12
55	9
56	9
57	29
58	38
59	28
60	31
61	24
62	34
63	12
64	21
65	28
66	20
67	12
68	27
69	25
70	35
71	19
72	12
73	35
74	9
75	29
76	33
77	10
78	24
79	11
80	27
81	6
82	20
83	9
84	19
85	35
86	35
87	24
88	6
89	21
90	14
91	12
92	24
93	26
94	3
95	27
96	36
97	16
98	31
99	4
100	13
101	16
102	15
103	8
104	6
105	20
106	8
107	16
108	15
109	9
110	22
111	5
112	7
113	25
114	32
115	21
116	9
117	25
118	33
119	26
120	16
121	24
122	9
123	4
124	0
125	5
126	3
127	2
128	12
129	31
130	35
131	9
132	34
133	9
134	10
135	26
136	24
137	12
138	29
139	9
140	21
141	7
142	16
143	20
144	14
145	15
146	14
147	9
148	34
149	38
150	33
151	24
152	6
153	11
154	3
155	31
156	22
157	28
158	8
159	3
160	25
161	12
162	6
163	35
164	29
165	24
166	24
167	9
168	32
169	9
170	12
171	26
172	33
173	28
174	9
175	24
176	16
177	7
178	27
179	26
180	21
181	29
182	26
183	8
184	24
185	24
186	13
187	4
188	7
189	9
190	34
191	25
192	9
193	26
194	12
195	34
196	36
197	11
198	27
199	8
200	24
201	34
202	24
203	29
204	4
205	9
206	28
207	9
208	6
209	27
210	9
211	33
212	9
213	10
214	12
215	6
216	18
217	21
218	24
219	36
220	14
221	33
222	2
223	27
224	9
225	9
226	20
227	23
228	15
229	9
230	24
231	9
232	27
233	24
234	36
235	12
236	29
237	16
238	27
239	6
240	9
241	15
242	6
243	35
244	25
245	26
246	9
247	24
248	24
249	11
250	34
251	9
252	21
253	9
254	28
255	9
256	23
257	27
258	19
259	36
260	26
261	3
262	6
263	21
264	5
265	10
266	16
267	15
268	7
269	6
270	24
271	7
272	4
273	32
274	34
275	9
276	5
277	34
278	5
279	7
280	33
281	7
282	35
283	36
284	5
285	20
286	19
287	32
288	9
289	13
290	15
291	26
292	1
293	35
294	33
295	7
296	7
297	7
298	3
299	5
300	9
301	15
302	19
303	4
304	9
305	20
306	15
307	33
308	25
309	4
310	34
311	6
312	6
313	20
314	12
315	15
316	25
317	25
318	1
319	28
320	27
321	4
322	27
323	24
324	27
325	20
326	31
327	10
328	14
329	6
330	35
331	29
332	20
333	15
334	24
335	7
336	35
337	24
338	18
339	13
340	29
341	9
342	9
343	25
344	36
345	20
346	12
347	33
348	31
349	6
350	26
351	5
352	32
353	6
354	20
355	7
356	26
357	33
358	34
359	20
360	33
361	24
362	27
363	9
364	32
365	2
366	10
367	14
368	35
369	20
370	9
371	9
372	27
373	9
374	34
375	1
376	9
377	9
378	2
379	24
380	28
381	33
382	3
383	9
384	1
385	24
386	33
387	12
388	9
389	22
390	24
391	24
392	35
393	19
394	19
395	2
396	27
397	24
398	6
399	9
400	34
401	26
402	14
403	3
404	4
405	29
406	16
407	6
408	24
409	6
410	14
411	16
412	8
413	28
414	19
415	26
416	24
417	31
418	11
419	29
420	19
421	5
422	26
423	24
424	3
425	24
426	2
427	34
428	28
429	24
430	3
431	31
432	12
433	36
434	27
435	26
436	34
437	14
438	28
439	7
440	12
441	13
442	25
443	20
444	35
445	25
446	24
447	27
448	26
449	27
450	13
451	27
452	9
453	3
454	22
455	7
456	9
457	34
458	20
459	21
460	15
461	12
462	9
463	15
464	28
465	25
466	24
467	24
468	6
469	34
470	26
471	10
472	6
473	24
474	7
475	26
476	15
477	21
478	9
479	31
480	12
481	13
482	25
483	20
484	26
485	26
486	26
487	27
488	27
489	9
490	29
491	9
492	25
493	19
494	34
495	22
496	2
497	6
498	4
499	15
500	23
501	15
502	9
503	7
504	34
505	35
506	3
507	36
508	22
509	26
510	2
511	19
512	15
513	5
514	33
515	9
516	26
517	4
518	24
519	27
520	21
521	7
522	16
523	34
524	5
525	25
526	9
527	13
528	34
529	33
530	11
531	11
532	11
533	27
534	35
535	19
536	13
537	25
538	4
539	10
540	17
541	25
542	27
543	2
544	25
545	9
546	35
547	24
548	6
549	29
550	7
551	29
552	8
553	2
554	11
555	20
556	21
557	14
558	7
559	26
560	31
561	28
562	31
563	31
564	2
565	35
566	12
567	35
568	15
569	21
570	7
571	15
572	32
573	34
574	29
575	26
576	26
577	25
578	16
579	21
580	10
581	38
582	34
583	24
584	15
585	3
586	11
587	20
588	19
589	33
590	4
591	8
592	35
593	7
594	23
595	33
596	24
597	24
598	33
599	27
600	12
601	35
602	6
603	15
604	26
605	15
606	4
607	9
608	24
609	36
610	24
611	15
612	29
613	34
614	19
615	38
616	8
617	23
618	31
619	6
620	36
621	9
622	14
623	20
624	15
625	5
626	13
627	0
628	6
629	11
630	2
631	2
632	33
633	28
634	12
635	2
636	4
637	28
638	22
639	2
640	15
641	32
642	5
643	7
644	11
645	14
646	31
647	21
648	20
649	2
650	0
651	31
652	15
653	23
654	15
655	14
656	35
657	20
658	7
659	7
660	8
661	5
662	11
663	5
664	27
665	11
666	24
667	19
668	13
669	3
670	7
671	15
672	25
673	26
674	35
675	33
676	33
677	1
678	24
679	10
680	3
681	24
682	1
683	7
684	12
685	14
686	13
687	32
688	25
689	8
690	38
691	15
692	33
693	32
694	15
695	18
696	21
697	31
698	26
699	24
700	19
701	22
702	25
703	33
704	29
705	19
706	33
707	27
708	27
709	21
710	6
711	29
712	13
713	11
714	21
715	7
716	6
717	27
718	20
719	5
720	8
721	9
722	34
723	2
724	35
725	33
726	35
727	38
728	29
729	23
730	3
731	18
732	13
733	10
734	33
735	16
736	7
737	23
738	16
739	9
740	20
741	19
742	31
743	19
744	15
745	34
746	22
747	1
748	19
749	2
750	12
751	27
752	29
753	34
754	34
755	14
756	15
757	4
758	9
759	25
760	33
761	4
762	35
763	33
764	33
765	21
766	29
767	2
768	26
769	27
770	34
771	6
772	35
773	32
774	9
775	27
776	31
777	1
778	18
779	15
780	21
781	3
782	12
783	25
784	4
785	9
786	4
787	21
788	12
789	12
790	19
791	24
792	36
793	1
794	29
795	11
796	13
797	16
798	24
799	15
800	9
801	19
802	25
803	0
804	23
805	26
806	16
807	24
808	5
809	9
810	35
811	0
812	25
813	19
814	21
815	15
816	14
817	20
818	25
819	2
820	2
821	18
822	34
823	17
824	31
825	15
826	15
827	12
828	24
829	25
830	1
831	32
832	35
833	15
834	34
835	14
836	26
837	28
838	3
839	20
840	16
841	33
842	27
843	1
844	26
845	26
846	11
847	13
848	20
849	24
850	36
851	32
852	5
853	7
854	16
855	2
856	13
857	33
858	32
859	4
860	35
861	12
862	8
863	33
864	28
865	33
866	5
867	28
868	6
869	11
870	27
871	16
872	19
873	16
874	35
875	6
876	19
877	34
878	35
879	6
880	8
881	21
882	11
883	36
884	3
885	17
886	1
887	36
888	19
889	13
890	34
891	16
892	32
893	15
894	15
895	6
896	35
897	12
898	25
899	15
900	19
901	15
902	9
903	27
904	27
905	3
906	11
907	27
908	6
909	37
910	24
911	2
912	8
913	29
914	7
915	21
916	20
917	24
918	2
919	2
920	17
921	26
922	3
923	1
924	14
925	19
926	26
927	28
928	23
929	31
930	38
931	28
932	22
933	8
934	12
935	1
936	9
937	2
938	17
939	4
940	13
941	12
942	23
943	7
944	12
945	31
946	18
947	13
948	4
949	24
950	26
951	11
952	22
953	19
954	3
955	19
956	7
957	29
958	33
959	36
960	7
961	15
962	36
963	12
964	34
965	34
966	25
967	9
968	33
969	35
970	38
971	23
972	9
973	10
974	2
975	3
976	4
977	7
978	31
979	34
980	14
981	30
982	21
983	35
984	25
985	29
986	12
987	36
988	14
989	10
990	1
991	34
992	13
993	11
994	12
995	22
996	19
997	21
998	2
999	8
1000	1
