1	36
2	4
3	21
4	27
5	4
6	13
7	0
8	0
9	27
10	25
11	27
12	4
13	2
14	12
15	20
16	7
17	0
18	39
19	5
20	5
21	3
22	0
23	37
24	13
25	27
26	10
27	21
28	2
29	27
30	33
31	12
32	16
33	28
34	6
35	37
36	27
37	26
38	10
39	36
40	10
41	14
42	29
43	12
44	15
45	27
46	10
47	33
48	21
49	33
50	9
51	31
52	13
53	21
54	21
55	30
56	27
57	10
58	29
59	7
60	26
61	3
62	14
63	22
64	28
65	7
66	9
67	13
68	27
69	7
70	14
71	7
72	11
73	4
74	26
75	12
76	40
77	7
78	37
79	36
80	3
81	5
82	6
83	6
84	7
85	1
86	11
87	12
88	0
89	23
90	22
91	0
92	7
93	11
94	13
95	14
96	14
97	26
98	22
99	3
100	25
101	6
102	9
103	18
104	7
105	12
106	39
107	34
108	25
109	33
110	34
111	5
112	14
113	16
114	19
115	40
116	34
117	12
118	28
119	7
120	14
121	5
122	21
123	6
124	6
125	0
126	3
127	27
128	27
129	19
130	19
131	0
132	2
133	21
134	1
135	11
136	29
137	7
138	33
139	7
140	23
141	19
142	0
143	30
144	1
145	0
146	4
147	29
148	14
149	22
150	27
151	27
152	19
153	6
154	27
155	38
156	27
157	14
158	30
159	18
160	39
161	7
162	6
163	3
164	16
165	20
166	8
167	7
168	27
169	14
170	39
171	31
172	29
173	20
174	3
175	12
176	0
177	34
178	14
179	23
180	4
181	10
182	7
183	22
184	17
185	27
186	10
187	27
188	0
189	10
190	14
191	28
192	7
193	0
194	13
195	4
196	9
197	14
198	3
199	11
200	7
201	7
202	16
203	0
204	17
205	26
206	15
207	11
208	9
209	17
210	2
211	9
212	27
213	9
214	14
215	19
216	36
217	9
218	29
219	0
220	18
221	22
222	3
223	38
224	26
225	29
226	14
227	14
228	10
229	39
230	25
231	29
232	0
233	24
234	29
235	36
236	31
237	19
238	28
239	37
240	37
241	3
242	34
243	18
244	0
245	18
246	21
247	12
248	12
249	39
250	25
251	9
252	27
253	19
254	4
255	28
256	24
257	14
258	7
259	0
260	11
261	12
262	9
263	31
264	0
265	27
266	5
267	13
268	11
269	27
270	14
271	27
272	30
273	10
274	36
275	9
276	14
277	39
278	2
279	34
280	33
281	27
282	2
283	39
284	7
285	22
286	12
287	7
288	20
289	3
290	39
291	11
292	13
293	26
294	33
295	11
296	0
297	22
298	36
299	1
300	15
301	29
302	7
303	11
304	27
305	22
306	30
307	18
308	0
309	33
310	30
311	6
312	18
313	34
314	16
315	26
316	13
317	18
318	0
319	2
320	34
321	36
322	14
323	6
324	7
325	14
326	19
327	29
328	22
329	29
330	15
331	2
332	29
333	27
334	9
335	9
336	19
337	23
338	40
339	39
340	14
341	11
342	23
343	0
344	16
345	10
346	22
347	28
348	14
349	19
350	9
351	12
352	19
353	7
354	34
355	12
356	3
357	21
358	22
359	22
360	0
361	12
362	31
363	12
364	22
365	40
366	0
367	33
368	39
369	0
370	0
371	0
372	11
373	27
374	25
375	0
376	1
377	19
378	12
379	6
380	6
381	29
382	22
383	27
384	20
385	19
386	26
387	26
388	39
389	11
390	9
391	26
392	2
393	36
394	10
395	27
396	13
397	11
398	28
399	9
400	14
401	27
402	9
403	27
404	40
405	27
406	9
407	36
408	34
409	36
410	27
411	3
412	36
413	1
414	27
415	22
416	27
417	12
418	16
419	16
420	23
421	10
422	11
423	0
424	13
425	11
426	13
427	1
428	37
429	18
430	21
431	39
432	29
433	4
434	10
435	29
436	11
437	27
438	27
439	22
440	0
441	26
442	18
443	20
444	39
445	38
446	29
447	4
448	10
449	7
450	9
451	12
452	10
453	7
454	17
455	22
456	5
457	19
458	36
459	37
460	3
461	5
462	22
463	14
464	19
465	19
466	5
467	17
468	40
469	9
470	30
471	27
472	0
473	5
474	2
475	2
476	9
477	9
478	16
479	36
480	26
481	13
482	34
483	40
484	38
485	0
486	4
487	12
488	23
489	14
490	31
491	7
492	7
493	15
494	28
495	7
496	18
497	16
498	30
499	7
500	9
501	28
502	10
503	38
504	13
505	0
506	15
507	33
508	14
509	7
510	3
511	3
512	14
513	1
514	40
515	27
516	19
517	18
518	13
519	26
520	0
521	10
522	4
523	38
524	3
525	2
526	23
527	10
528	9
529	4
530	1
531	11
532	0
533	0
534	20
535	24
536	14
537	27
538	19
539	10
540	9
541	24
542	36
543	22
544	24
545	29
546	38
547	8
548	0
549	27
550	21
551	6
552	18
553	0
554	21
555	33
556	9
557	5
558	0
559	23
560	36
561	4
562	2
563	26
564	6
565	0
566	40
567	18
568	12
569	0
570	28
571	22
572	19
573	9
574	1
575	4
576	21
577	10
578	5
579	1
580	6
581	9
582	7
583	37
584	4
585	23
586	7
587	8
588	30
589	27
590	22
591	8
592	14
593	7
594	7
595	7
596	25
597	29
598	13
599	30
600	3
601	33
602	27
603	21
604	23
605	4
606	9
607	24
608	0
609	37
610	18
611	4
612	19
613	13
614	26
615	36
616	14
617	0
618	14
619	23
620	7
621	22
622	37
623	19
624	13
625	22
626	27
627	4
628	23
629	11
630	22
631	38
632	25
633	20
634	33
635	9
636	16
637	18
638	14
639	30
640	37
641	18
642	28
643	16
644	2
645	7
646	19
647	19
648	29
649	7
650	0
651	20
652	25
653	6
654	9
655	18
656	13
657	12
658	40
659	4
660	36
661	28
662	11
663	24
664	17
665	37
666	18
667	18
668	3
669	18
670	38
671	19
672	12
673	10
674	26
675	23
676	0
677	27
678	14
679	19
680	15
681	40
682	18
683	33
684	4
685	0
686	14
687	14
688	20
689	21
690	19
691	7
692	2
693	16
694	13
695	9
696	19
697	7
698	38
699	4
700	28
701	27
702	17
703	30
704	26
705	14
706	4
707	6
708	27
709	37
710	19
711	32
712	21
713	1
714	34
715	25
716	21
717	23
718	26
719	11
720	28
721	29
722	24
723	28
724	23
725	37
726	0
727	29
728	30
729	10
730	6
731	33
732	6
733	26
734	27
735	14
736	31
737	30
738	5
739	33
740	19
741	34
742	12
743	33
744	1
745	9
746	0
747	16
748	11
749	7
750	1
751	28
752	23
753	21
754	26
755	40
756	5
757	13
758	5
759	26
760	4
761	22
762	12
763	24
764	4
765	28
766	19
767	0
768	40
769	1
770	7
771	28
772	12
773	24
774	9
775	2
776	21
777	38
778	3
779	21
780	36
781	33
782	13
783	38
784	12
785	9
786	22
787	3
788	36
789	11
790	6
791	29
792	16
793	27
794	7
795	36
796	0
797	14
798	19
799	27
800	19
801	3
802	29
803	6
804	27
805	14
806	18
807	28
808	18
809	22
810	21
811	24
812	22
813	30
814	11
815	14
816	23
817	14
818	18
819	11
820	16
821	7
822	6
823	17
824	21
825	20
826	12
827	14
828	9
829	31
830	3
831	40
832	19
833	9
834	27
835	20
836	22
837	3
838	6
839	10
840	0
841	19
842	19
843	39
844	33
845	1
846	37
847	37
848	31
849	33
850	27
851	39
852	24
853	18
854	20
855	24
856	0
857	5
858	21
859	22
860	17
861	18
862	28
863	31
864	8
865	31
866	7
867	25
868	7
869	39
870	7
871	21
872	33
873	27
874	0
875	9
876	33
877	10
878	2
879	16
880	34
881	10
882	29
883	10
884	14
885	36
886	26
887	34
888	18
889	17
890	15
891	3
892	33
893	5
894	20
895	25
896	22
897	19
898	5
899	27
900	39
901	17
902	26
903	3
904	17
905	29
906	9
907	1
908	5
909	22
910	3
911	8
912	33
913	13
914	1
915	2
916	17
917	0
918	33
919	13
920	15
921	2
922	0
923	30
924	5
925	8
926	25
927	26
928	37
929	34
930	4
931	27
932	17
933	36
934	19
935	11
936	11
937	23
938	11
939	14
940	27
941	2
942	29
943	0
944	27
945	8
946	30
947	13
948	13
949	34
950	32
951	21
952	18
953	16
954	1
955	23
956	36
957	31
958	21
959	38
960	25
961	18
962	31
963	26
964	12
965	10
966	36
967	28
968	3
969	29
970	4
971	20
972	11
973	23
974	17
975	17
976	37
977	30
978	19
979	12
980	18
981	15
982	20
983	11
984	8
985	33
986	23
987	37
988	28
989	4
990	35
991	39
992	21
993	24
994	40
995	20
996	33
997	33
998	8
999	2
1000	21
