1	23 
2	3 
3	68 
4	60 
5	80 
6	34 
7	3 
8	26 
9	13 
10	24 
11	9 
12	16 
13	49 
14	68 
15	58 
16	68 
17	8 
18	72 
19	72 
20	8 
21	52 
22	38 
23	66 
24	43 
25	15 
26	78 
27	52 
28	61 
29	58 
30	75 
31	35 
32	48 
33	66 
34	41 
35	88 
36	27 
37	39 
38	85 
39	82 
40	83 
41	32 
42	11 
43	18 
44	37 
45	63 
46	44 
47	9 
48	13 
49	89 
50	46 
51	64 
52	85 
53	82 
54	57 
55	36 
56	3 
57	42 
58	31 
59	36 
60	67 
61	85 
62	52 
63	68 
64	45 
65	13 
66	4 
67	6 
68	40 
69	56 
70	90 
71	86 
72	81 
73	74 
74	70 
75	68 
76	87 
77	31 
78	48 
79	58 
80	48 
81	80 
82	60 
83	70 
84	79 
85	16 
86	20 
87	10 
88	70 
89	25 
90	50 
91	7 
92	90 
93	41 
94	56 
95	22 
96	62 
97	57 
98	7 
99	74 
100	6 
101	11 
102	87 
103	19 
104	67 
105	35 
106	58 
107	54 
108	62 
109	43 
110	52 
111	65 
112	40 
113	45 
114	1 
115	66 
116	56 
117	15 
118	14 
119	79 
120	78 
121	59 
122	67 
123	28 
124	66 
125	46 
126	83 
127	81 
128	39 
129	70 
130	86 
131	7 
132	54 
133	18 
134	4 
135	20 
136	45 
137	23 
138	23 
139	23 
140	11 
141	88 
142	77 
143	77 
144	90 
145	83 
146	63 
147	3 
148	67 
149	69 
150	6 
151	17 
152	7 
153	56 
154	59 
155	30 
156	48 
157	57 
158	90 
159	49 
160	90 
161	42 
162	78 
163	43 
164	13 
165	30 
166	80 
167	15 
168	44 
169	7 
170	22 
171	59 
172	28 
173	50 
174	63 
175	8 
176	22 
177	62 
178	13 
179	57 
180	22 
181	14 
182	3 
183	88 
184	23 
185	21 
186	24 
187	20 
188	49 
189	79 
190	11 
191	54 
192	34 
193	13 
194	10 
195	3 
196	19 
197	10 
198	35 
199	31 
200	59 
201	29 
202	81 
203	29 
204	3 
205	57 
206	79 
207	25 
208	3 
209	54 
210	22 
211	78 
212	77 
213	39 
214	23 
215	88 
216	39 
217	90 
218	46 
219	75 
220	53 
221	48 
222	24 
223	36 
224	49 
225	68 
226	37 
227	86 
228	22 
229	27 
230	42 
231	53 
232	81 
233	38 
234	4 
235	85 
236	22 
237	28 
238	15 
239	4 
240	51 
241	75 
242	76 
243	41 
244	19 
245	17 
246	10 
247	62 
248	33 
249	1 
250	68 
251	12 
252	54 
253	21 
254	39 
255	54 
256	37 
257	28 
258	56 
259	58 
260	24 
261	32 
262	44 
263	30 
264	81 
265	64 
266	3 
267	20 
268	15 
269	81 
270	71 
271	80 
272	46 
273	90 
274	21 
275	36 
276	38 
277	37 
278	84 
279	80 
280	5 
281	14 
282	16 
283	14 
284	71 
285	27 
286	17 
287	80 
288	65 
289	60 
290	59 
291	74 
292	49 
293	45 
294	62 
295	77 
296	20 
297	32 
298	34 
299	38 
300	66 
301	30 
302	48 
303	47 
304	50 
305	15 
306	66 
307	14 
308	52 
309	23 
310	74 
311	14 
312	51 
313	59 
314	60 
315	82 
316	66 
317	85 
318	28 
319	82 
320	14 
321	32 
322	88 
323	90 
324	36 
325	80 
326	49 
327	68 
328	33 
329	5 
330	36 
331	30 
332	82 
333	79 
334	83 
335	55 
336	60 
337	40 
338	59 
339	12 
340	82 
341	18 
342	42 
343	80 
344	82 
345	78 
346	88 
347	67 
348	50 
349	42 
350	39 
351	65 
352	83 
353	33 
354	40 
355	37 
356	77 
357	13 
358	21 
359	54 
360	40 
361	12 
362	33 
363	23 
364	64 
365	34 
366	16 
367	57 
368	40 
369	77 
370	79 
371	15 
372	25 
373	37 
374	54 
375	18 
376	68 
377	54 
378	4 
379	89 
380	44 
381	55 
382	64 
383	55 
384	79 
385	19 
386	36 
387	56 
388	13 
389	10 
390	30 
391	81 
392	87 
393	42 
394	81 
395	23 
396	70 
397	88 
398	38 
399	22 
400	44 
401	13 
402	43 
403	61 
404	22 
405	12 
406	26 
407	13 
408	69 
409	90 
410	56 
411	82 
412	77 
413	23 
414	5 
415	24 
416	4 
417	6 
418	55 
419	57 
420	7 
421	59 
422	42 
423	59 
424	72 
425	37 
426	27 
427	90 
428	82 
429	83 
430	79 
431	69 
432	9 
433	54 
434	9 
435	12 
436	29 
437	79 
438	15 
439	20 
440	78 
441	31 
442	48 
443	20 
444	33 
445	75 
446	36 
447	27 
448	71 
449	3 
450	19 
451	67 
452	25 
453	42 
454	47 
455	34 
456	2 
457	71 
458	8 
459	85 
460	10 
461	53 
462	29 
463	14 
464	84 
465	86 
466	75 
467	12 
468	74 
469	73 
470	65 
471	12 
472	83 
473	71 
474	31 
475	51 
476	42 
477	26 
478	3 
479	20 
480	45 
481	2 
482	68 
483	81 
484	88 
485	84 
486	65 
487	13 
488	38 
489	74 
490	17 
491	24 
492	27 
493	22 
494	54 
495	11 
496	35 
497	46 
498	33 
499	59 
500	18 
501	34 
502	59 
503	66 
504	35 
505	53 
506	34 
507	63 
508	79 
509	15 
510	45 
511	59 
512	48 
513	24 
514	68 
515	12 
516	12 
517	23 
518	55 
519	24 
520	78 
521	41 
522	41 
523	27 
524	12 
525	26 
526	86 
527	45 
528	59 
529	74 
530	23 
531	52 
532	69 
533	16 
534	27 
535	70 
536	82 
537	66 
538	3 
539	26 
540	22 
541	16 
542	39 
543	36 
544	35 
545	31 
546	85 
547	24 
548	57 
549	56 
550	86 
551	65 
552	37 
553	85 
554	15 
555	48 
556	46 
557	55 
558	90 
559	8 
560	78 
561	41 
562	39 
563	69 
564	13 
565	22 
566	44 
567	66 
568	87 
569	25 
570	36 
571	66 
572	37 
573	14 
574	24 
575	36 
576	72 
577	45 
578	69 
579	64 
580	12 
581	27 
582	70 
583	68 
584	48 
585	52 
586	8 
587	72 
588	25 
589	55 
590	81 
591	68 
592	80 
593	61 
594	45 
595	31 
596	79 
597	3 
598	25 
599	60 
600	90 
601	86 
602	29 
603	41 
604	11 
605	74 
606	5 
607	80 
608	75 
609	31 
610	9 
611	80 
612	87 
613	18 
614	23 
615	88 
616	8 
617	72 
618	80 
619	84 
620	52 
621	9 
622	80 
623	57 
624	59 
625	23 
626	25 
627	90 
628	22 
629	45 
630	74 
631	73 
632	45 
633	76 
634	82 
635	46 
636	36 
637	82 
638	47 
639	90 
640	66 
641	39 
642	26 
643	53 
644	3 
645	87 
646	82 
647	68 
648	56 
649	20 
650	20 
651	32 
652	39 
653	66 
654	90 
655	83 
656	52 
657	63 
658	19 
659	61 
660	28 
661	70 
662	88 
663	71 
664	25 
665	61 
666	25 
667	66 
668	25 
669	51 
670	83 
671	47 
672	85 
673	68 
674	42 
675	87 
676	52 
677	55 
678	32 
679	7 
680	82 
681	4 
682	5 
683	3 
684	7 
685	6 
686	61 
687	35 
688	74 
689	4 
690	34 
691	23 
692	2 
693	22 
694	8 
695	39 
696	13 
697	84 
698	17 
699	67 
700	48 
701	27 
702	27 
703	75 
704	45 
705	46 
706	88 
707	3 
708	81 
709	54 
710	80 
711	14 
712	82 
713	18 
714	46 
715	67 
716	48 
717	27 
718	77 
719	43 
720	43 
721	34 
722	16 
723	28 
724	47 
725	57 
726	44 
727	36 
728	53 
729	83 
730	42 
731	16 
732	80 
733	65 
734	36 
735	52 
736	28 
737	1 
738	70 
739	59 
740	56 
741	37 
742	50 
743	44 
744	8 
745	2 
746	50 
747	15 
748	2 
749	42 
750	39 
751	60 
752	10 
753	71 
754	79 
755	37 
756	13 
757	13 
758	13 
759	2 
760	46 
761	90 
762	7 
763	73 
764	22 
765	10 
766	37 
767	4 
768	7 
769	5 
770	73 
771	70 
772	83 
773	46 
774	16 
775	41 
776	12 
777	62 
778	50 
779	29 
780	53 
781	5 
782	6 
783	89 
784	19 
785	6 
786	41 
787	63 
788	19 
789	88 
790	82 
791	42 
792	12 
793	44 
794	13 
795	64 
796	80 
797	47 
798	74 
799	12 
800	51 
801	42 
802	3 
803	76 
804	90 
805	28 
806	65 
807	87 
808	39 
809	37 
810	35 
811	6 
812	85 
813	74 
814	88 
815	45 
816	46 
817	2 
818	1 
819	2 
820	68 
821	2 
822	59 
823	90 
824	7 
825	36 
826	70 
827	77 
828	46 
829	10 
830	56 
831	6 
832	48 
833	40 
834	7 
835	87 
836	19 
837	73 
838	88 
839	50 
840	66 
841	68 
842	85 
843	28 
844	6 
845	36 
846	9 
847	32 
848	1 
849	89 
850	31 
851	12 
852	6 
853	30 
854	70 
855	56 
856	21 
857	50 
858	86 
859	71 
860	8 
861	84 
862	10 
863	12 
864	80 
865	24 
866	52 
867	21 
868	9 
869	18 
870	79 
871	4 
872	58 
873	29 
874	42 
875	67 
876	70 
877	54 
878	53 
879	49 
880	80 
881	25 
882	73 
883	81 
884	85 
885	71 
886	30 
887	5 
888	89 
889	70 
890	24 
891	51 
892	4 
893	70 
894	88 
895	13 
896	48 
897	52 
898	38 
899	68 
900	48 
901	14 
902	3 
903	47 
904	63 
905	64 
906	42 
907	6 
908	13 
909	83 
910	65 
911	76 
912	63 
913	72 
914	39 
915	75 
916	37 
917	53 
918	20 
919	2 
920	89 
921	16 
922	38 
923	64 
924	15 
925	17 
926	59 
927	13 
928	76 
929	48 
930	23 
931	11 
932	15 
933	1 
934	82 
935	82 
936	56 
937	83 
938	81 
939	31 
940	22 
941	76 
942	65 
943	15 
944	6 
945	84 
946	57 
947	65 
948	62 
949	34 
950	23 
951	23 
952	10 
953	71 
954	38 
955	14 
956	73 
957	1 
958	75 
959	28 
960	63 
961	11 
962	79 
963	42 
964	58 
965	25 
966	39 
967	48 
968	19 
969	77 
970	57 
971	42 
972	3 
973	6 
974	80 
975	52 
976	25 
977	85 
978	59 
979	90 
980	21 
981	30 
982	57 
983	40 
984	14 
985	55 
986	16 
987	15 
988	28 
989	88 
990	4 
991	28 
992	28 
993	11 
994	38 
995	52 
996	85 
997	10 
998	34 
999	61 
1000	15 
