1	205
1	739
1	768
1	877
1	913
1	984
2	342
2	347
2	732
2	753
2	820
2	980
3	130
3	484
3	642
3	721
3	878
3	887
4	182
4	406
4	520
4	597
4	805
4	848
5	121
5	362
5	744
5	824
5	829
5	945
6	143
6	344
6	645
6	655
6	715
6	916
7	422
7	568
7	613
7	763
7	807
7	943
8	24
8	570
8	668
8	755
8	775
8	853
9	531
9	538
9	730
9	884
9	935
9	968
10	404
10	518
10	768
10	777
10	916
10	922
11	98
11	221
11	350
11	444
11	526
11	712
12	157
12	260
12	630
12	786
12	880
12	920
13	139
13	215
13	232
13	431
13	750
13	893
14	24
14	112
14	497
14	896
14	939
14	993
15	246
15	481
15	686
15	761
15	809
15	983
16	50
16	474
16	487
16	861
16	891
16	921
17	27
17	64
17	417
17	734
17	949
17	997
18	63
18	616
18	785
18	816
18	883
18	998
19	282
19	513
19	681
19	823
19	924
19	951
20	313
20	418
20	444
20	562
20	582
20	963
21	288
21	487
21	659
21	720
21	739
21	992
22	505
22	529
22	622
22	951
22	980
22	986
23	103
23	172
23	719
23	827
23	869
23	936
24	8
24	14
24	82
24	366
24	705
24	712
25	536
25	696
25	870
25	944
25	986
25	989
26	674
26	729
26	816
26	854
26	863
26	894
27	17
27	211
27	834
27	845
27	898
27	990
28	266
28	466
28	785
28	866
28	912
28	996
29	77
29	531
29	607
29	956
29	963
29	973
30	865
30	890
30	912
30	930
30	979
30	982
31	42
31	136
31	220
31	420
31	821
31	855
32	390
32	532
32	635
32	652
32	868
32	959
33	148
33	388
33	595
33	795
33	949
33	987
34	258
34	470
34	631
34	744
34	790
34	802
35	48
35	542
35	587
35	919
35	959
35	980
36	195
36	317
36	324
36	475
36	761
36	782
37	119
37	657
37	761
37	811
37	899
37	986
38	106
38	312
38	558
38	810
38	829
38	840
39	397
39	551
39	559
39	572
39	876
39	914
40	332
40	463
40	533
40	714
40	751
40	977
41	156
41	377
41	581
41	830
41	880
41	1000
42	31
42	167
42	524
42	824
42	854
42	931
43	616
43	695
43	733
43	772
43	824
43	989
44	65
44	169
44	463
44	787
44	848
44	941
45	284
45	353
45	409
45	654
45	663
45	914
46	157
46	233
46	393
46	838
46	966
46	978
47	312
47	612
47	648
47	719
47	742
47	831
48	35
48	78
48	150
48	497
48	846
48	887
49	55
49	257
49	277
49	702
49	707
49	729
50	16
50	370
50	739
50	745
50	793
50	799
51	60
51	229
51	512
51	521
51	717
51	848
52	113
52	666
52	870
52	879
52	920
52	962
53	240
53	490
53	547
53	897
53	930
53	994
54	238
54	598
54	766
54	778
54	842
54	922
55	49
55	245
55	313
55	384
55	798
55	953
56	704
56	888
56	891
56	950
56	996
56	1000
57	359
57	656
57	741
57	743
57	974
57	992
58	284
58	465
58	471
58	764
58	785
58	881
59	497
59	521
59	526
59	619
59	945
59	956
60	51
60	156
60	174
60	446
60	486
60	992
61	243
61	322
61	642
61	674
61	872
61	970
62	458
62	727
62	730
62	766
62	854
62	958
63	18
63	526
63	617
63	809
63	908
63	990
64	17
64	548
64	721
64	821
64	825
64	952
65	44
65	98
65	365
65	871
65	873
65	924
66	70
66	439
66	734
66	773
66	816
66	872
67	138
67	310
67	480
67	625
67	640
67	909
68	96
68	652
68	694
68	708
68	962
68	1000
69	300
69	365
69	503
69	763
69	837
69	947
70	66
70	771
70	842
70	865
70	971
70	997
71	392
71	468
71	630
71	779
71	981
71	998
72	102
72	540
72	668
72	776
72	854
72	962
73	283
73	301
73	486
73	704
73	785
73	837
74	87
74	105
74	490
74	612
74	628
74	773
75	139
75	518
75	540
75	597
75	842
75	844
76	206
76	466
76	693
76	718
76	756
76	785
77	29
77	142
77	218
77	416
77	911
77	994
78	48
78	239
78	770
78	878
78	887
78	985
79	91
79	133
79	607
79	750
79	873
79	987
80	733
80	776
80	811
80	819
80	826
80	927
81	682
81	712
81	798
81	847
81	920
81	955
82	24
82	447
82	683
82	874
82	900
82	942
83	440
83	538
83	572
83	582
83	692
83	789
84	136
84	357
84	664
84	687
84	783
84	937
85	220
85	589
85	658
85	885
85	950
85	968
86	568
86	714
86	844
86	908
86	970
86	988
87	74
87	174
87	253
87	666
87	741
87	783
88	253
88	272
88	614
88	962
88	993
88	1000
89	565
89	632
89	641
89	709
89	744
89	757
90	158
90	449
90	519
90	568
90	726
90	786
91	79
91	753
91	824
91	837
91	885
91	999
92	376
92	533
92	643
92	824
92	827
92	845
93	105
93	134
93	262
93	519
93	654
93	899
94	205
94	520
94	682
94	707
94	931
94	979
95	111
95	151
95	285
95	389
95	469
95	637
96	68
96	307
96	671
96	784
96	918
96	989
97	126
97	434
97	530
97	719
97	749
97	961
98	11
98	65
98	614
98	879
98	936
98	960
99	529
99	583
99	640
99	643
99	672
99	862
100	366
100	426
100	647
100	852
100	907
100	971
101	395
101	546
101	727
101	766
101	804
101	911
102	72
102	367
102	870
102	896
102	954
102	995
103	23
103	227
103	250
103	334
103	641
103	831
104	165
104	575
104	596
104	741
104	858
104	909
105	74
105	93
105	304
105	683
105	711
105	967
106	38
106	367
106	531
106	787
106	799
106	992
107	346
107	491
107	578
107	826
107	943
107	985
108	135
108	216
108	544
108	614
108	647
108	855
109	171
109	462
109	546
109	883
109	947
109	996
110	399
110	410
110	546
110	579
110	587
110	873
111	95
111	438
111	642
111	666
111	677
111	875
112	14
112	245
112	778
112	806
112	891
112	978
113	52
113	468
113	582
113	672
113	760
113	804
114	254
114	662
114	722
114	746
114	766
114	972
115	117
115	574
115	604
115	700
115	821
115	854
116	144
116	291
116	362
116	410
116	440
116	542
117	115
117	143
117	242
117	246
117	737
117	747
118	333
118	662
118	677
118	725
118	807
118	991
119	37
119	321
119	755
119	781
119	838
119	881
120	332
120	375
120	612
120	873
120	986
120	990
121	5
121	244
121	574
121	781
121	867
121	958
122	160
122	299
122	572
122	859
122	900
122	953
123	219
123	406
123	707
123	722
123	851
123	856
124	570
124	661
124	734
124	748
124	818
124	830
125	237
125	605
125	789
125	808
125	810
125	989
126	97
126	622
126	809
126	880
126	928
126	980
127	323
127	436
127	532
127	659
127	869
127	874
128	147
128	268
128	292
128	326
128	477
128	987
129	285
129	365
129	642
129	760
129	818
129	842
130	3
130	423
130	443
130	620
130	842
130	878
131	335
131	460
131	602
131	778
131	802
131	839
132	573
132	856
132	860
132	906
132	964
132	967
133	79
133	153
133	557
133	631
133	740
133	844
134	93
134	239
134	314
134	629
134	802
134	980
135	108
135	138
135	202
135	217
135	762
135	853
136	31
136	84
136	396
136	655
136	762
136	911
137	432
137	808
137	897
137	918
137	924
137	936
138	67
138	135
138	658
138	671
138	895
138	969
139	13
139	75
139	729
139	856
139	870
139	944
140	173
140	487
140	806
140	933
140	970
140	998
141	339
141	356
141	364
141	842
141	923
141	947
142	77
142	466
142	525
142	581
142	868
142	948
143	6
143	117
143	480
143	576
143	740
143	907
144	116
144	351
144	473
144	687
144	804
144	805
145	386
145	453
145	912
145	926
145	931
145	983
146	248
146	724
146	797
146	950
146	959
146	997
147	128
147	233
147	335
147	419
147	511
147	877
148	33
148	428
148	710
148	723
148	732
148	913
149	325
149	478
149	672
149	776
149	890
149	905
150	48
150	385
150	603
150	796
150	797
150	924
151	95
151	387
151	409
151	759
151	832
151	987
152	380
152	644
152	779
152	794
152	811
152	923
153	133
153	524
153	575
153	747
153	776
153	923
154	262
154	384
154	499
154	731
154	803
154	858
155	555
155	804
155	816
155	869
155	928
155	943
156	41
156	60
156	268
156	652
156	708
156	847
157	12
157	46
157	322
157	643
157	725
157	929
158	90
158	275
158	564
158	599
158	787
158	962
159	238
159	307
159	455
159	718
159	864
159	875
160	122
160	372
160	433
160	660
160	921
160	985
161	792
161	814
161	870
161	931
161	944
161	966
162	549
162	728
162	780
162	825
162	975
162	1000
163	526
163	544
163	569
163	908
163	969
163	985
164	167
164	453
164	522
164	570
164	726
164	757
165	104
165	207
165	617
165	848
165	963
165	1000
166	235
166	474
166	713
166	880
166	892
166	949
167	42
167	164
167	360
167	385
167	483
167	976
168	208
168	641
168	810
168	946
168	960
168	963
169	44
169	453
169	640
169	952
169	975
169	997
170	507
170	713
170	730
170	769
170	929
170	984
171	109
171	310
171	318
171	469
171	850
171	922
172	23
172	325
172	618
172	801
172	876
172	926
173	140
173	390
173	455
173	472
173	767
173	862
174	60
174	87
174	209
174	696
174	827
174	841
175	340
175	402
175	816
175	896
175	982
175	993
176	269
176	451
176	662
176	862
176	954
176	995
177	319
177	391
177	622
177	734
177	828
177	848
178	190
178	586
178	631
178	725
178	917
178	927
179	212
179	459
179	523
179	757
179	822
179	852
180	185
180	388
180	642
180	716
180	806
180	891
181	592
181	702
181	819
181	854
181	935
181	940
182	4
182	544
182	694
182	888
182	950
182	973
183	306
183	549
183	723
183	748
183	755
183	931
184	452
184	764
184	871
184	886
184	942
184	975
185	180
185	295
185	536
185	798
185	933
185	948
186	227
186	255
186	427
186	527
186	597
186	712
187	188
187	420
187	646
187	661
187	712
187	789
188	187
188	346
188	389
188	584
188	633
188	864
189	346
189	681
189	800
189	851
189	967
189	987
190	178
190	360
190	695
190	876
190	907
190	987
191	210
191	304
191	502
191	565
191	889
191	972
192	262
192	274
192	375
192	829
192	884
192	931
193	732
193	742
193	833
193	919
193	972
193	993
194	275
194	439
194	511
194	548
194	726
194	786
195	36
195	666
195	797
195	862
195	879
195	987
196	544
196	594
196	821
196	920
196	959
196	998
197	225
197	283
197	550
197	653
197	669
197	792
198	364
198	401
198	758
198	865
198	985
198	991
199	334
199	335
199	535
199	765
199	831
199	995
200	502
200	589
200	828
200	838
200	902
200	972
201	475
201	558
201	820
201	906
201	922
201	934
202	135
202	415
202	542
202	690
202	797
202	926
203	539
203	752
203	808
203	881
203	970
203	988
204	673
204	762
204	775
204	880
204	883
204	885
205	1
205	94
205	263
205	624
205	824
205	933
206	76
206	236
206	298
206	393
206	733
206	783
207	165
207	428
207	644
207	838
207	948
207	954
208	168
208	226
208	556
208	617
208	735
208	809
209	174
209	386
209	447
209	653
209	706
209	921
210	191
210	856
210	863
210	870
210	907
210	932
211	27
211	822
211	865
211	924
211	959
211	964
212	179
212	522
212	585
212	832
212	987
212	994
213	319
213	444
213	705
213	879
213	957
213	989
214	479
214	595
214	798
214	827
214	900
214	940
215	13
215	405
215	529
215	568
215	601
215	616
216	108
216	250
216	557
216	829
216	840
216	932
216	945
217	135
217	265
217	524
217	878
217	887
217	927
217	935
218	77
218	571
218	611
218	834
218	902
218	954
218	972
219	123
219	630
219	696
219	729
219	874
219	896
219	927
220	31
220	85
220	290
220	422
220	569
220	637
220	734
221	11
221	581
221	588
221	798
221	801
221	905
221	990
222	312
222	403
222	604
222	610
222	695
222	894
222	907
223	258
223	306
223	311
223	494
223	499
223	621
223	956
224	438
224	494
224	556
224	731
224	818
224	843
224	982
225	197
225	483
225	488
225	555
225	681
225	777
225	899
226	208
226	660
226	688
226	853
226	897
226	909
226	941
227	103
227	186
227	263
227	418
227	736
227	839
227	998
228	261
228	418
228	433
228	443
228	784
228	896
228	993
229	51
229	300
229	565
229	608
229	775
229	871
229	926
230	431
230	600
230	638
230	670
230	849
230	980
230	992
231	252
231	279
231	296
231	589
231	598
231	650
231	699
232	13
232	252
232	550
232	551
232	705
232	780
232	906
233	46
233	147
233	507
233	583
233	695
233	779
233	978
234	240
234	329
234	508
234	697
234	905
234	923
234	987
235	166
235	363
235	611
235	639
235	757
235	879
235	926
236	206
236	365
236	510
236	643
236	783
236	925
236	975
237	125
237	378
237	498
237	507
237	751
237	823
237	923
238	54
238	159
238	361
238	699
238	710
238	791
238	875
239	78
239	134
239	356
239	924
239	926
239	945
239	951
240	53
240	234
240	523
240	769
240	830
240	898
240	913
241	625
241	647
241	732
241	776
241	836
241	855
241	878
242	117
242	320
242	426
242	682
242	890
242	941
242	991
243	61
243	328
243	562
243	698
243	713
243	878
243	985
244	121
244	360
244	368
244	651
244	703
244	760
244	923
245	55
245	112
245	299
245	798
245	811
245	919
245	992
246	15
246	117
246	373
246	423
246	583
246	768
246	953
247	395
247	600
247	671
247	836
247	909
247	973
247	982
248	146
248	324
248	637
248	824
248	841
248	871
248	891
249	452
249	665
249	688
249	782
249	823
249	867
249	938
250	103
250	216
250	292
250	625
250	658
250	773
250	957
251	382
251	464
251	581
251	685
251	775
251	961
251	994
252	231
252	232
252	288
252	396
252	428
252	855
252	923
253	87
253	88
253	675
253	765
253	767
253	868
253	899
254	114
254	411
254	649
254	701
254	730
254	803
254	889
255	186
255	604
255	731
255	778
255	842
255	916
255	928
256	345
256	404
256	530
256	892
256	960
256	965
256	981
257	49
257	424
257	482
257	608
257	745
257	862
257	884
258	34
258	223
258	484
258	558
258	751
258	792
258	854
259	391
259	556
259	832
259	851
259	955
259	977
259	987
260	12
260	547
260	570
260	724
260	787
260	902
260	928
261	228
261	267
261	409
261	581
261	757
261	774
261	831
262	93
262	154
262	192
262	488
262	858
262	914
262	974
263	205
263	227
263	292
263	485
263	725
263	750
263	895
264	466
264	575
264	617
264	730
264	761
264	937
264	996
265	217
265	653
265	790
265	795
265	914
265	954
265	979
266	28
266	332
266	498
266	557
266	560
266	779
266	780
267	261
267	560
267	584
267	862
267	911
267	929
267	997
268	128
268	156
268	481
268	559
268	890
268	929
268	967
269	176
269	449
269	626
269	745
269	761
269	868
269	947
270	582
270	586
270	615
270	634
270	783
270	798
270	935
271	295
271	327
271	467
271	489
271	711
271	826
271	933
272	88
272	551
272	764
272	813
272	882
272	958
272	1000
273	356
273	512
273	613
273	646
273	653
273	678
273	706
274	192
274	485
274	742
274	747
274	765
274	896
274	993
275	158
275	194
275	615
275	629
275	784
275	790
275	825
276	464
276	555
276	620
276	784
276	800
276	874
276	896
277	49
277	331
277	335
277	483
277	648
277	954
277	969
278	472
278	802
278	815
278	822
278	918
278	925
278	948
279	231
279	501
279	618
279	674
279	863
279	959
279	990
280	374
280	434
280	512
280	626
280	654
280	737
280	948
281	427
281	575
281	601
281	765
281	767
281	882
281	955
282	19
282	287
282	457
282	656
282	706
282	736
282	752
283	73
283	197
283	638
283	640
283	676
283	740
283	781
284	45
284	58
284	705
284	822
284	871
284	939
284	969
285	95
285	129
285	340
285	491
285	782
285	851
285	922
286	353
286	699
286	804
286	811
286	855
286	875
286	889
287	282
287	463
287	671
287	779
287	880
287	916
287	953
288	21
288	252
288	400
288	481
288	606
288	849
288	910
289	458
289	557
289	705
289	763
289	825
289	839
289	906
290	220
290	496
290	595
290	702
290	828
290	938
290	994
291	116
291	376
291	387
291	542
291	745
291	942
291	951
292	128
292	250
292	263
292	621
292	812
292	863
292	937
293	471
293	488
293	626
293	632
293	790
293	830
293	882
294	461
294	633
294	760
294	813
294	901
294	968
294	987
295	185
295	271
295	461
295	537
295	734
295	746
295	766
296	231
296	513
296	716
296	727
296	771
296	873
296	897
297	409
297	508
297	575
297	678
297	706
297	769
297	876
298	206
298	536
298	586
298	780
298	850
298	858
298	996
299	122
299	245
299	587
299	636
299	780
299	920
299	962
300	69
300	229
300	540
300	553
300	712
300	890
300	957
301	73
301	440
301	812
301	820
301	873
301	894
301	996
302	538
302	653
302	744
302	752
302	808
302	839
302	908
303	308
303	313
303	351
303	506
303	851
303	987
303	993
304	105
304	191
304	340
304	619
304	774
304	841
304	989
305	611
305	686
305	844
305	862
305	911
305	955
305	996
306	183
306	223
306	307
306	312
306	749
306	789
306	991
307	96
307	159
307	306
307	545
307	574
307	655
307	910
308	303
308	313
308	521
308	659
308	676
308	898
308	991
309	391
309	441
309	486
309	583
309	736
309	744
309	958
310	67
310	171
310	622
310	665
310	703
310	782
310	996
311	223
311	345
311	856
311	891
311	901
311	968
311	975
312	38
312	47
312	222
312	306
312	890
312	908
312	910
313	20
313	55
313	303
313	308
313	342
313	455
313	786
314	134
314	390
314	484
314	905
314	915
314	950
314	981
315	344
315	402
315	702
315	743
315	775
315	876
315	983
316	343
316	390
316	516
316	775
316	783
316	849
316	933
317	36
317	413
317	671
317	716
317	899
317	903
317	994
318	171
318	507
318	526
318	551
318	848
318	891
318	997
319	177
319	213
319	632
319	659
319	717
319	733
319	815
320	242
320	388
320	516
320	537
320	769
320	849
320	983
321	119
321	364
321	446
321	674
321	795
321	842
321	863
322	61
322	157
322	355
322	385
322	533
322	735
322	956
323	127
323	326
323	395
323	537
323	734
323	838
323	976
324	36
324	248
324	477
324	530
324	594
324	601
324	797
325	149
325	172
325	333
325	371
325	569
325	685
325	927
326	128
326	323
326	348
326	437
326	649
326	810
326	898
327	271
327	623
327	650
327	673
327	715
327	920
327	933
328	243
328	330
328	548
328	692
328	914
328	924
328	951
329	234
329	418
329	609
329	812
329	885
329	912
329	917
330	328
330	411
330	662
330	669
330	673
330	753
330	871
331	277
331	349
331	555
331	806
331	859
331	861
331	884
332	40
332	120
332	266
332	679
332	822
332	826
332	991
333	118
333	325
333	654
333	722
333	829
333	932
333	998
334	103
334	199
334	552
334	703
334	934
334	941
334	959
335	131
335	147
335	199
335	277
335	358
335	779
335	805
336	684
336	694
336	768
336	777
336	782
336	802
336	886
337	355
337	394
337	515
337	676
337	919
337	926
337	982
338	410
338	459
338	483
338	731
338	773
338	833
338	863
339	141
339	435
339	678
339	727
339	732
339	913
339	924
340	175
340	285
340	304
340	349
340	766
340	964
340	992
341	787
341	794
341	807
341	825
341	872
341	936
341	978
342	2
342	313
342	546
342	564
342	637
342	683
342	935
343	316
343	635
343	777
343	880
343	902
343	915
343	986
344	6
344	315
344	434
344	698
344	852
344	960
344	985
345	256
345	311
345	721
345	826
345	858
345	859
345	925
346	107
346	188
346	189
346	733
346	846
346	900
346	997
347	2
347	487
347	549
347	717
347	824
347	875
347	992
348	326
348	358
348	860
348	880
348	898
348	917
348	956
349	331
349	340
349	394
349	727
349	766
349	854
349	882
350	11
350	453
350	462
350	603
350	795
350	823
350	962
351	144
351	303
351	716
351	822
351	851
351	931
351	987
352	469
352	606
352	767
352	928
352	930
352	956
352	982
353	45
353	286
353	497
353	717
353	770
353	902
353	965
354	566
354	634
354	670
354	879
354	932
354	943
354	960
355	322
355	337
355	417
355	602
355	963
355	971
355	974
356	141
356	239
356	273
356	803
356	853
356	924
356	951
357	84
357	716
357	788
357	844
357	865
357	898
357	946
358	335
358	348
358	446
358	817
358	926
358	956
358	993
359	57
359	524
359	554
359	701
359	844
359	853
359	991
360	167
360	190
360	244
360	467
360	570
360	796
360	939
361	238
361	442
361	509
361	529
361	538
361	582
361	652
362	5
362	116
362	445
362	448
362	593
362	709
362	988
363	235
363	418
363	608
363	792
363	917
363	974
363	996
364	141
364	198
364	321
364	598
364	677
364	831
364	952
365	65
365	69
365	129
365	236
365	375
365	608
365	942
366	24
366	100
366	448
366	525
366	527
366	554
366	911
367	102
367	106
367	792
367	808
367	879
367	934
367	984
368	244
368	423
368	484
368	668
368	688
368	762
368	853
369	396
369	630
369	633
369	684
369	739
369	741
369	886
370	50
370	494
370	640
370	787
370	810
370	941
370	970
371	325
371	456
371	554
371	735
371	790
371	888
371	893
372	160
372	471
372	558
372	656
372	901
372	925
372	964
373	246
373	560
373	561
373	652
373	822
373	844
373	889
374	280
374	499
374	510
374	573
374	583
374	699
374	812
375	120
375	192
375	365
375	471
375	527
375	607
375	772
376	92
376	291
376	619
376	738
376	808
376	957
376	989
377	41
377	480
377	522
377	772
377	932
377	943
377	973
378	237
378	500
378	512
378	528
378	578
378	909
378	911
379	425
379	714
379	730
379	780
379	862
379	878
379	979
379	988
380	152
380	524
380	686
380	700
380	779
380	962
380	973
380	993
381	550
381	669
381	720
381	747
381	759
381	904
381	956
381	970
382	251
382	557
382	695
382	790
382	864
382	892
382	918
382	939
383	401
383	592
383	666
383	847
383	926
383	930
383	971
383	982
384	55
384	154
384	409
384	485
384	513
384	797
384	815
384	914
385	150
385	167
385	322
385	506
385	616
385	618
385	950
385	1000
386	145
386	209
386	518
386	544
386	572
386	594
386	693
386	772
387	151
387	291
387	415
387	542
387	667
387	685
387	687
387	726
388	33
388	180
388	320
388	418
388	449
388	623
388	701
388	844
389	95
389	188
389	477
389	497
389	678
389	691
389	792
389	864
390	32
390	173
390	314
390	316
390	665
390	666
390	797
390	855
391	177
391	259
391	309
391	409
391	684
391	828
391	840
391	903
392	71
392	716
392	748
392	772
392	892
392	923
392	966
392	977
393	46
393	206
393	478
393	606
393	667
393	686
393	835
393	898
394	337
394	349
394	439
394	576
394	646
394	673
394	926
394	974
395	101
395	247
395	323
395	821
395	888
395	931
395	973
395	995
396	136
396	252
396	369
396	539
396	611
396	655
396	836
396	908
397	39
397	503
397	567
397	591
397	838
397	876
397	950
397	981
398	606
398	742
398	749
398	793
398	872
398	880
398	906
398	980
399	110
399	520
399	681
399	800
399	878
399	915
399	924
399	951
400	288
400	411
400	849
400	864
400	894
400	957
400	968
400	992
401	198
401	383
401	501
401	657
401	730
401	908
401	960
401	991
402	175
402	315
402	583
402	662
402	673
402	771
402	789
402	875
403	222
403	405
403	456
403	686
403	693
403	721
403	774
403	857
404	10
404	256
404	612
404	617
404	741
404	887
404	950
404	981
405	215
405	403
405	485
405	536
405	670
405	743
405	756
405	982
406	4
406	123
406	635
406	774
406	845
406	856
406	937
406	990
407	411
407	517
407	537
407	589
407	641
407	801
407	940
407	942
408	534
408	610
408	664
408	699
408	804
408	809
408	945
408	951
409	45
409	151
409	261
409	297
409	384
409	391
409	914
409	965
410	110
410	116
410	338
410	607
410	883
410	891
410	912
410	947
411	254
411	330
411	400
411	407
411	650
411	778
411	821
411	847
412	577
412	705
412	716
412	751
412	789
412	866
412	875
412	906
413	317
413	571
413	613
413	635
413	640
413	758
413	833
413	938
414	434
414	576
414	683
414	759
414	768
414	810
414	826
414	961
415	202
415	387
415	436
415	542
415	566
415	690
415	750
415	884
416	77
416	419
416	550
416	709
416	748
416	791
416	911
416	925
417	17
417	355
417	487
417	695
417	874
417	912
417	944
417	949
418	20
418	227
418	228
418	329
418	363
418	388
418	476
418	907
419	147
419	416
419	753
419	776
419	846
419	962
419	963
419	965
420	31
420	187
420	521
420	621
420	646
420	728
420	937
420	939
421	511
421	588
421	600
421	725
421	847
421	861
421	978
421	989
422	7
422	220
422	664
422	688
422	726
422	740
422	895
422	970
423	130
423	246
423	368
423	459
423	580
423	721
423	828
423	912
424	257
424	490
424	712
424	777
424	880
424	889
424	912
424	916
425	379
425	601
425	645
425	728
425	765
425	767
425	907
425	930
426	100
426	242
426	451
426	525
426	687
426	774
426	894
426	907
427	186
427	281
427	504
427	593
427	803
427	867
427	889
427	991
428	148
428	207
428	252
428	544
428	618
428	910
428	950
428	981
429	445
429	489
429	509
429	674
429	791
429	860
429	928
429	997
430	651
430	720
430	882
430	955
430	988
430	993
430	994
430	995
431	13
431	230
431	534
431	639
431	936
431	954
431	986
431	995
432	137
432	500
432	516
432	557
432	591
432	597
432	783
432	909
433	160
433	228
433	742
433	756
433	906
433	913
433	921
433	993
434	97
434	280
434	344
434	414
434	840
434	850
434	900
434	920
435	339
435	496
435	732
435	737
435	790
435	806
435	913
435	979
436	127
436	415
436	706
436	877
436	902
436	906
436	963
436	965
437	326
437	439
437	449
437	629
437	724
437	860
437	888
437	917
438	111
438	224
438	645
438	706
438	862
438	938
438	995
438	997
439	66
439	194
439	394
439	437
439	452
439	511
439	520
439	782
440	83
440	116
440	301
440	704
440	853
440	954
440	988
440	996
441	309
441	644
441	729
441	782
441	904
441	970
441	972
441	984
442	361
442	509
442	567
442	720
442	791
442	905
442	952
442	984
443	130
443	228
443	479
443	549
443	701
443	776
443	887
443	991
444	11
444	20
444	213
444	633
444	829
444	884
444	897
444	997
445	362
445	429
445	483
445	493
445	577
445	791
445	872
445	932
446	60
446	321
446	358
446	481
446	510
446	860
446	918
446	984
447	82
447	209
447	523
447	690
447	736
447	963
447	965
447	979
448	362
448	366
448	535
448	608
448	709
448	722
448	808
448	849
449	90
449	269
449	388
449	437
449	563
449	794
449	901
449	904
450	536
450	769
450	850
450	858
450	879
450	920
450	951
450	979
451	176
451	426
451	513
451	569
451	821
451	897
451	930
451	949
452	184
452	249
452	439
452	627
452	844
452	846
452	990
452	995
453	145
453	164
453	169
453	350
453	580
453	598
453	640
453	850
454	587
454	598
454	784
454	787
454	859
454	863
454	962
454	995
455	159
455	173
455	313
455	571
455	749
455	758
455	804
455	947
456	371
456	403
456	681
456	721
456	732
456	845
456	893
456	997
457	282
457	604
457	607
457	764
457	894
457	907
457	920
457	933
458	62
458	289
458	635
458	637
458	677
458	692
458	795
458	955
459	179
459	338
459	423
459	564
459	717
459	797
459	826
459	997
460	131
460	465
460	542
460	688
460	690
460	800
460	913
460	924
461	294
461	295
461	586
461	611
461	753
461	796
461	818
461	945
462	109
462	350
462	558
462	620
462	623
462	792
462	848
462	1000
463	40
463	44
463	287
463	502
463	784
463	810
463	981
463	988
464	251
464	276
464	628
464	667
464	728
464	759
464	957
464	961
465	58
465	460
465	514
465	543
465	627
465	764
465	896
465	959
466	28
466	76
466	142
466	264
466	539
466	571
466	818
466	996
467	271
467	360
467	548
467	880
467	888
467	916
467	930
467	972
468	71
468	113
468	580
468	603
468	726
468	854
468	914
468	998
469	95
469	171
469	352
469	719
469	831
469	837
469	967
469	988
470	34
470	499
470	566
470	594
470	661
470	773
470	833
470	868
471	58
471	293
471	372
471	375
471	523
471	626
471	851
471	948
472	173
472	278
472	502
472	724
472	750
472	869
472	874
472	927
473	144
473	481
473	524
473	834
473	855
473	882
473	931
473	932
474	16
474	166
474	811
474	836
474	887
474	923
474	942
474	949
475	36
475	201
475	687
475	800
475	819
475	892
475	958
475	999
476	418
476	498
476	691
476	698
476	739
476	801
476	865
476	964
477	128
477	324
477	389
477	649
477	677
477	718
477	735
477	874
478	149
478	393
478	540
478	716
478	818
478	865
478	897
478	982
479	214
479	443
479	618
479	622
479	732
479	866
479	876
479	908
479	978
480	67
480	143
480	377
480	556
480	582
480	745
480	766
480	902
480	990
481	15
481	268
481	288
481	446
481	473
481	704
481	802
481	834
481	917
482	257
482	494
482	552
482	702
482	745
482	881
482	919
482	960
482	997
483	167
483	225
483	277
483	338
483	445
483	506
483	734
483	796
483	903
484	3
484	258
484	314
484	368
484	578
484	619
484	751
484	810
484	829
485	263
485	274
485	384
485	405
485	525
485	571
485	634
485	725
485	930
486	60
486	73
486	309
486	509
486	722
486	731
486	736
486	900
486	904
487	16
487	21
487	140
487	347
487	417
487	696
487	721
487	735
487	949
488	225
488	262
488	293
488	514
488	553
488	642
488	758
488	832
488	939
489	271
489	429
489	562
489	576
489	680
489	883
489	912
489	938
489	960
490	53
490	74
490	424
490	608
490	832
490	874
490	934
490	980
490	999
491	107
491	285
491	528
491	705
491	801
491	922
491	925
491	953
491	988
492	529
492	555
492	581
492	612
492	649
492	735
492	753
492	796
492	864
493	445
493	524
493	576
493	755
493	840
493	843
493	881
493	883
493	906
494	223
494	224
494	370
494	482
494	538
494	597
494	701
494	741
494	864
495	511
495	540
495	560
495	715
495	841
495	900
495	903
495	940
495	942
496	290
496	435
496	769
496	774
496	834
496	858
496	902
496	936
496	939
497	14
497	48
497	59
497	353
497	389
497	617
497	664
497	833
497	864
498	237
498	266
498	476
498	645
498	680
498	918
498	942
498	978
498	982
499	154
499	223
499	374
499	470
499	517
499	609
499	927
499	962
499	967
500	378
500	432
500	563
500	616
500	619
500	661
500	751
500	914
500	995
501	279
501	401
501	585
501	695
501	722
501	828
501	888
501	911
501	972
502	191
502	200
502	463
502	472
502	568
502	594
502	799
502	904
502	988
503	69
503	397
503	602
503	614
503	661
503	712
503	758
503	909
503	957
504	427
504	552
504	564
504	656
504	667
504	754
504	780
504	836
504	889
505	22
505	528
505	585
505	662
505	701
505	775
505	805
505	825
505	993
506	303
506	385
506	483
506	616
506	631
506	665
506	703
506	839
506	860
507	170
507	233
507	237
507	318
507	851
507	886
507	921
507	960
507	985
508	234
508	297
508	554
508	607
508	684
508	735
508	745
508	752
508	947
509	361
509	429
509	442
509	486
509	577
509	697
509	718
509	786
509	846
510	236
510	374
510	446
510	590
510	759
510	812
510	913
510	967
510	994
511	147
511	194
511	421
511	439
511	495
511	531
511	599
511	684
511	793
512	51
512	273
512	280
512	378
512	525
512	614
512	626
512	948
512	994
513	19
513	296
513	384
513	451
513	650
513	788
513	897
513	967
513	985
514	465
514	488
514	552
514	832
514	841
514	853
514	927
514	969
514	971
515	337
515	596
515	631
515	817
515	861
515	903
515	935
515	962
515	976
516	316
516	320
516	432
516	657
516	703
516	768
516	770
516	783
516	875
517	407
517	499
517	569
517	634
517	763
517	900
517	940
517	942
517	996
518	10
518	75
518	386
518	551
518	572
518	714
518	807
518	866
518	883
519	90
519	93
519	530
519	644
519	697
519	780
519	817
519	892
519	961
520	4
520	94
520	399
520	439
520	616
520	726
520	805
520	933
520	983
521	51
521	59
521	308
521	420
521	550
521	608
521	687
521	711
521	795
522	164
522	212
522	377
522	592
522	605
522	657
522	757
522	831
522	977
523	179
523	240
523	447
523	471
523	605
523	657
523	697
523	795
523	906
524	42
524	153
524	217
524	359
524	380
524	473
524	493
524	600
524	996
525	142
525	366
525	426
525	485
525	512
525	670
525	691
525	715
525	948
526	11
526	59
526	63
526	163
526	318
526	544
526	551
526	659
526	989
527	186
527	366
527	375
527	587
527	591
527	595
527	807
527	822
527	933
528	378
528	491
528	505
528	662
528	718
528	741
528	782
528	919
528	931
529	22
529	99
529	215
529	361
529	492
529	628
529	672
529	958
529	999
530	97
530	256
530	324
530	519
530	610
530	673
530	683
530	941
530	947
531	9
531	29
531	106
531	511
531	600
531	665
531	920
531	970
531	973
532	32
532	127
532	603
532	620
532	648
532	654
532	666
532	786
532	797
533	40
533	92
533	322
533	534
533	555
533	610
533	892
533	984
533	985
534	408
534	431
534	533
534	576
534	610
534	620
534	784
534	892
534	906
535	199
535	448
535	573
535	837
535	869
535	895
535	959
535	980
535	999
536	25
536	185
536	298
536	405
536	450
536	631
536	634
536	699
536	952
537	295
537	320
537	323
537	407
537	613
537	888
537	893
537	944
537	973
538	9
538	83
538	302
538	361
538	494
538	646
538	709
538	823
538	859
539	203
539	396
539	466
539	594
539	647
539	709
539	710
539	929
539	988
540	72
540	75
540	300
540	478
540	495
540	560
540	664
540	816
540	904
541	674
541	720
541	759
541	777
541	811
541	821
541	867
541	868
541	972
542	35
542	116
542	202
542	291
542	387
542	415
542	460
542	545
542	578
543	465
543	561
543	566
543	739
543	766
543	845
543	866
543	903
543	921
544	108
544	163
544	182
544	196
544	386
544	428
544	526
544	553
544	827
545	307
545	542
545	614
545	682
545	780
545	836
545	845
545	863
545	905
546	101
546	109
546	110
546	342
546	591
546	606
546	720
546	785
546	982
547	53
547	260
547	746
547	796
547	818
547	878
547	913
547	982
547	986
548	64
548	194
548	328
548	467
548	632
548	780
548	789
548	932
548	963
549	162
549	183
549	347
549	443
549	708
549	840
549	878
549	887
549	934
550	197
550	232
550	381
550	416
550	521
550	712
550	722
550	850
550	972
551	39
551	232
551	272
551	318
551	518
551	526
551	926
551	947
551	965
552	334
552	482
552	504
552	514
552	577
552	702
552	745
552	967
552	975
553	300
553	488
553	544
553	632
553	676
553	739
553	886
553	952
553	975
554	359
554	366
554	371
554	508
554	591
554	612
554	721
554	928
554	959
555	155
555	225
555	276
555	331
555	492
555	533
555	775
555	889
555	892
556	208
556	224
556	259
556	480
556	582
556	648
556	713
556	924
556	981
557	133
557	216
557	266
557	289
557	382
557	432
557	679
557	704
557	978
558	38
558	201
558	258
558	372
558	462
558	821
558	825
558	954
558	961
559	39
559	268
559	636
559	677
559	910
559	915
559	949
559	955
559	991
560	266
560	267
560	373
560	495
560	540
560	570
560	725
560	854
560	919
561	373
561	543
561	566
561	743
561	768
561	809
561	921
561	951
561	989
562	20
562	243
562	489
562	756
562	815
562	825
562	867
562	906
562	979
563	449
563	500
563	599
563	647
563	689
563	794
563	921
563	984
563	993
564	158
564	342
564	459
564	504
564	615
564	706
564	707
564	842
564	867
565	89
565	191
565	229
565	689
565	751
565	781
565	789
565	869
565	974
566	354
566	415
566	470
566	543
566	561
566	578
566	630
566	743
566	955
567	397
567	442
567	754
567	772
567	783
567	801
567	865
567	888
567	973
567	997
568	7
568	86
568	90
568	215
568	502
568	806
568	861
568	887
568	897
568	929
569	163
569	220
569	325
569	451
569	517
569	679
569	716
569	774
569	960
569	999
570	8
570	124
570	164
570	260
570	360
570	560
570	650
570	766
570	843
570	887
571	218
571	413
571	455
571	466
571	485
571	579
571	754
571	816
571	817
571	969
572	39
572	83
572	122
572	386
572	518
572	575
572	762
572	790
572	805
572	892
573	132
573	374
573	535
573	692
573	705
573	802
573	825
573	888
573	896
573	925
574	115
574	121
574	307
574	596
574	700
574	749
574	761
574	779
574	940
574	952
575	104
575	153
575	264
575	281
575	297
575	572
575	794
575	858
575	900
575	914
576	143
576	394
576	414
576	489
576	493
576	534
576	632
576	663
576	756
576	869
577	412
577	445
577	509
577	552
577	663
577	699
577	791
577	819
577	900
577	926
578	107
578	378
578	484
578	542
578	566
578	619
578	716
578	751
578	809
578	846
579	110
579	571
579	641
579	674
579	703
579	770
579	865
579	873
579	912
579	958
580	423
580	453
580	468
580	700
580	838
580	859
580	882
580	884
580	944
580	992
581	41
581	142
581	221
581	251
581	261
581	492
581	761
581	818
581	836
581	955
582	20
582	83
582	113
582	270
582	361
582	480
582	556
582	639
582	841
582	964
583	99
583	233
583	246
583	309
583	374
583	402
583	656
583	696
583	900
583	972
584	188
584	267
584	629
584	650
584	771
584	779
584	860
584	862
584	863
584	997
585	212
585	501
585	505
585	639
585	711
585	794
585	861
585	966
585	984
585	989
586	178
586	270
586	298
586	461
586	670
586	703
586	752
586	793
586	824
586	968
587	35
587	110
587	299
587	454
587	527
587	738
587	859
587	948
587	962
587	977
588	221
588	421
588	623
588	641
588	876
588	890
588	895
588	946
588	968
588	978
589	85
589	200
589	231
589	407
589	596
589	625
589	658
589	698
589	794
589	824
590	510
590	659
590	678
590	696
590	850
590	879
590	890
590	908
590	920
590	927
591	397
591	432
591	527
591	546
591	554
591	656
591	691
591	899
591	930
591	982
592	181
592	383
592	522
592	641
592	693
592	732
592	747
592	819
592	833
592	938
593	362
593	427
593	623
593	689
593	742
593	814
593	936
593	966
593	977
593	998
594	196
594	324
594	386
594	470
594	502
594	539
594	613
594	718
594	861
594	929
595	33
595	214
595	290
595	527
595	647
595	795
595	848
595	924
595	960
595	983
596	104
596	515
596	574
596	589
596	636
596	651
596	667
596	764
596	769
596	830
597	4
597	75
597	186
597	432
597	494
597	664
597	715
597	811
597	850
597	977
598	54
598	231
598	364
598	453
598	454
598	678
598	773
598	806
598	843
598	863
599	158
599	511
599	563
599	658
599	683
599	711
599	745
599	749
599	796
599	986
600	230
600	247
600	421
600	524
600	531
600	665
600	721
600	753
600	780
600	928
601	215
601	281
601	324
601	425
601	681
601	719
601	725
601	765
601	767
601	824
602	131
602	355
602	503
602	718
602	758
602	882
602	959
602	964
602	970
602	976
603	150
603	350
603	468
603	532
603	613
603	839
603	873
603	888
603	947
603	998
604	115
604	222
604	255
604	457
604	706
604	793
604	894
604	907
604	912
604	965
605	125
605	522
605	523
605	657
605	675
605	757
605	777
605	802
605	918
605	988
606	288
606	352
606	393
606	398
606	546
606	753
606	755
606	778
606	930
606	982
607	29
607	79
607	375
607	410
607	457
607	508
607	618
607	648
607	703
607	788
608	229
608	257
608	363
608	365
608	448
608	490
608	521
608	813
608	926
608	945
609	329
609	499
609	621
609	647
609	660
609	680
609	812
609	815
609	849
609	967
610	222
610	408
610	530
610	533
610	534
610	717
610	784
610	852
610	903
610	976
611	218
611	235
611	305
611	396
611	461
611	839
611	917
611	949
611	972
611	983
612	47
612	74
612	120
612	404
612	492
612	554
612	630
612	724
612	790
612	903
613	7
613	273
613	413
613	537
613	594
613	603
613	663
613	665
613	668
613	888
614	88
614	98
614	108
614	503
614	512
614	545
614	712
614	830
614	928
614	969
615	270
615	275
615	564
615	630
615	697
615	761
615	777
615	803
615	870
615	915
616	18
616	43
616	215
616	385
616	500
616	506
616	520
616	656
616	812
616	951
617	63
617	165
617	208
617	264
617	404
617	497
617	796
617	904
617	970
617	999
618	172
618	279
618	385
618	428
618	479
618	607
618	685
618	740
618	772
618	992
619	59
619	304
619	376
619	484
619	500
619	578
619	697
619	873
619	944
619	999
620	130
620	276
620	462
620	532
620	534
620	658
620	787
620	826
620	892
620	946
621	223
621	292
621	420
621	609
621	627
621	649
621	754
621	912
621	967
621	986
622	22
622	126
622	177
622	310
622	479
622	710
622	778
622	928
622	941
622	944
623	327
623	388
623	462
623	588
623	593
623	754
623	817
623	899
623	983
623	984
624	205
624	650
624	667
624	701
624	832
624	881
624	884
624	905
624	955
624	987
625	67
625	241
625	250
625	589
625	693
625	775
625	938
625	949
625	981
625	998
626	269
626	280
626	293
626	471
626	512
626	736
626	818
626	852
626	948
626	966
627	452
627	465
627	621
627	665
627	752
627	758
627	814
627	986
627	990
627	993
628	74
628	464
628	529
628	637
628	706
628	771
628	827
628	862
628	985
628	997
629	134
629	275
629	437
629	584
629	700
629	826
629	917
629	919
629	931
629	957
630	12
630	71
630	219
630	369
630	566
630	612
630	615
630	660
630	767
630	833
631	34
631	133
631	178
631	506
631	515
631	536
631	738
631	839
631	956
631	998
632	89
632	293
632	319
632	548
632	553
632	576
632	675
632	771
632	867
632	974
633	188
633	294
633	369
633	444
633	792
633	826
633	901
633	935
633	968
633	973
634	270
634	354
634	485
634	517
634	536
634	723
634	776
634	781
634	881
634	993
635	32
635	343
635	406
635	413
635	458
635	650
635	788
635	833
635	847
635	948
636	299
636	559
636	596
636	693
636	707
636	760
636	807
636	827
636	896
636	916
636	1000
637	95
637	220
637	248
637	342
637	458
637	628
637	935
637	951
637	955
637	981
637	982
638	230
638	283
638	641
638	645
638	669
638	733
638	753
638	886
638	926
638	942
638	947
639	235
639	431
639	582
639	585
639	768
639	773
639	885
639	915
639	941
639	983
639	984
640	67
640	99
640	169
640	283
640	370
640	413
640	453
640	894
640	927
640	940
640	953
641	89
641	103
641	168
641	407
641	579
641	588
641	592
641	638
641	693
641	785
641	819
642	3
642	61
642	111
642	129
642	180
642	488
642	653
642	719
642	763
642	774
642	922
643	92
643	99
643	157
643	236
643	658
643	669
643	733
643	891
643	911
643	928
643	937
644	152
644	207
644	441
644	519
644	681
644	893
644	904
644	910
644	956
644	967
644	970
645	6
645	425
645	438
645	498
645	638
645	674
645	679
645	807
645	822
645	834
645	918
646	187
646	273
646	394
646	420
646	538
646	661
646	790
646	805
646	927
646	990
646	991
647	100
647	108
647	241
647	539
647	563
647	595
647	609
647	733
647	850
647	855
647	907
648	47
648	277
648	532
648	556
648	607
648	705
648	710
648	835
648	898
648	940
648	946
649	254
649	326
649	477
649	492
649	621
649	735
649	745
649	750
649	756
649	864
649	999
650	231
650	327
650	411
650	513
650	570
650	584
650	624
650	635
650	847
650	903
650	904
651	244
651	430
651	596
651	698
651	783
651	828
651	864
651	877
651	899
651	952
651	957
652	32
652	68
652	156
652	361
652	373
652	698
652	792
652	797
652	870
652	912
652	1000
653	197
653	209
653	265
653	273
653	302
653	642
653	744
653	906
653	910
653	980
653	994
654	45
654	93
654	280
654	333
654	532
654	699
654	834
654	867
654	931
654	945
654	996
655	6
655	136
655	307
655	396
655	728
655	749
655	799
655	885
655	910
655	917
655	925
656	57
656	282
656	372
656	504
656	583
656	591
656	616
656	803
656	813
656	876
656	966
657	37
657	401
657	516
657	522
657	523
657	605
657	661
657	663
657	697
657	757
657	904
658	85
658	138
658	250
658	589
658	599
658	620
658	643
658	666
658	736
658	738
658	933
659	21
659	127
659	308
659	319
659	526
659	590
659	690
659	778
659	788
659	800
659	969
660	160
660	226
660	609
660	630
660	695
660	705
660	715
660	740
660	805
660	895
660	941
661	124
661	187
661	470
661	500
661	503
661	646
661	657
661	715
661	746
661	805
661	874
662	114
662	118
662	176
662	330
662	402
662	505
662	528
662	789
662	832
662	947
662	957
663	45
663	576
663	577
663	613
663	657
663	781
663	869
663	871
663	902
663	919
663	930
664	84
664	408
664	422
664	497
664	540
664	597
664	867
664	923
664	949
664	952
664	978
665	249
665	310
665	390
665	506
665	531
665	600
665	613
665	627
665	816
665	888
665	905
666	52
666	87
666	111
666	195
666	383
666	390
666	532
666	658
666	768
666	949
666	1000
667	387
667	393
667	464
667	504
667	596
667	624
667	670
667	803
667	813
667	889
667	934
668	8
668	72
668	368
668	613
668	689
668	700
668	702
668	762
668	836
668	853
668	906
669	197
669	330
669	381
669	638
669	643
669	757
669	827
669	855
669	889
669	959
669	980
670	230
670	354
670	405
670	525
670	586
670	667
670	691
670	725
670	817
670	884
670	912
671	96
671	138
671	247
671	287
671	317
671	808
671	822
671	938
671	957
671	986
671	989
672	99
672	113
672	149
672	529
672	698
672	699
672	713
672	719
672	792
672	838
672	847
673	204
673	327
673	330
673	394
673	402
673	530
673	738
673	775
673	914
673	940
673	968
674	26
674	61
674	279
674	321
674	429
674	541
674	579
674	645
674	787
674	817
674	863
675	253
675	605
675	632
675	714
675	819
675	835
675	852
675	882
675	902
675	990
675	994
676	283
676	308
676	337
676	553
676	678
676	704
676	714
676	750
676	770
676	873
676	893
677	111
677	118
677	364
677	458
677	477
677	559
677	799
677	824
677	950
677	957
677	978
678	273
678	297
678	339
678	389
678	590
678	598
678	676
678	731
678	737
678	872
678	923
679	332
679	557
679	569
679	645
679	757
679	806
679	894
679	918
679	920
679	939
679	992
680	489
680	498
680	609
680	743
680	767
680	793
680	872
680	922
680	945
680	967
680	986
681	19
681	189
681	225
681	399
681	456
681	601
681	644
681	748
681	798
681	903
681	971
682	81
682	94
682	242
682	545
682	692
682	696
682	749
682	822
682	846
682	983
682	1000
683	82
683	105
683	342
683	414
683	530
683	599
683	698
683	700
683	759
683	823
683	941
684	336
684	369
684	391
684	508
684	511
684	694
684	743
684	770
684	958
684	984
684	1000
685	251
685	325
685	387
685	618
685	690
685	695
685	762
685	823
685	876
685	921
685	978
686	15
686	305
686	380
686	393
686	403
686	768
686	788
686	859
686	946
686	969
686	983
687	84
687	144
687	387
687	426
687	475
687	521
687	719
687	728
687	762
687	898
687	972
688	226
688	249
688	368
688	422
688	460
688	701
688	769
688	799
688	885
688	895
688	973
689	563
689	565
689	593
689	668
689	741
689	814
689	847
689	874
689	938
689	966
689	977
690	202
690	415
690	447
690	460
690	659
690	685
690	829
690	886
690	909
690	952
690	975
691	389
691	476
691	525
691	591
691	670
691	701
691	744
691	846
691	886
691	905
691	955
692	83
692	328
692	458
692	573
692	682
692	707
692	795
692	835
692	836
692	881
692	936
693	76
693	386
693	403
693	592
693	625
693	636
693	641
693	819
693	879
693	918
693	997
694	68
694	182
694	336
694	684
694	739
694	797
694	835
694	860
694	910
694	942
694	965
695	43
695	190
695	222
695	233
695	382
695	417
695	501
695	660
695	685
695	865
695	964
695	978
696	25
696	174
696	219
696	487
696	583
696	590
696	682
696	703
696	720
696	754
696	868
696	953
697	234
697	509
697	519
697	523
697	615
697	619
697	657
697	812
697	883
697	923
697	947
697	956
698	243
698	344
698	476
698	589
698	651
698	652
698	672
698	683
698	699
698	713
698	873
698	892
699	231
699	238
699	286
699	374
699	408
699	536
699	577
699	654
699	672
699	698
699	827
699	878
700	115
700	380
700	574
700	580
700	629
700	668
700	683
700	779
700	805
700	892
700	927
700	945
701	254
701	359
701	388
701	443
701	494
701	505
701	624
701	688
701	691
701	742
701	846
701	948
702	49
702	181
702	290
702	315
702	482
702	552
702	668
702	745
702	763
702	873
702	901
702	930
703	244
703	310
703	334
703	506
703	516
703	579
703	586
703	607
703	696
703	759
703	883
703	923
704	56
704	73
704	440
704	481
704	557
704	676
704	848
704	851
704	897
704	913
704	962
704	996
705	24
705	213
705	232
705	284
705	289
705	412
705	491
705	573
705	648
705	660
705	843
705	906
706	209
706	273
706	282
706	297
706	436
706	438
706	564
706	604
706	628
706	740
706	812
706	846
707	49
707	94
707	123
707	564
707	636
707	692
707	765
707	787
707	835
707	895
707	915
707	991
708	68
708	156
708	549
708	729
708	743
708	827
708	845
708	866
708	871
708	929
708	937
708	939
709	89
709	362
709	416
709	448
709	538
709	539
709	717
709	788
709	859
709	888
709	935
709	974
710	148
710	238
710	539
710	622
710	648
710	731
710	798
710	806
710	813
710	875
710	943
710	969
711	105
711	271
711	521
711	585
711	599
711	739
711	756
711	796
711	919
711	980
711	983
711	984
712	11
712	24
712	81
712	186
712	187
712	300
712	424
712	503
712	550
712	614
712	957
712	960
713	166
713	170
713	243
713	556
713	672
713	698
713	763
713	804
713	880
713	881
713	916
713	939
714	40
714	86
714	379
714	518
714	675
714	676
714	780
714	913
714	926
714	929
714	952
714	989
715	6
715	327
715	495
715	525
715	597
715	660
715	661
715	767
715	805
715	886
715	910
715	974
716	180
716	296
716	317
716	351
716	357
716	392
716	412
716	478
716	569
716	578
716	897
716	957
717	51
717	319
717	347
717	353
717	459
717	610
717	709
717	795
717	949
717	965
717	979
717	986
718	76
718	159
718	477
718	509
718	528
718	594
718	602
718	758
718	776
718	857
718	903
718	976
719	23
719	47
719	97
719	469
719	601
719	642
719	672
719	687
719	839
719	862
719	892
719	980
720	21
720	381
720	430
720	442
720	541
720	546
720	696
720	761
720	794
720	874
720	880
720	964
721	3
721	64
721	345
721	403
721	423
721	456
721	487
721	554
721	600
721	773
721	791
721	918
722	114
722	123
722	333
722	448
722	486
722	501
722	550
722	802
722	911
722	936
722	972
722	983
723	148
723	183
723	634
723	748
723	786
723	788
723	814
723	875
723	901
723	925
723	966
723	977
724	146
724	260
724	437
724	472
724	612
724	738
724	777
724	838
724	868
724	901
724	950
724	981
725	118
725	157
725	178
725	263
725	421
725	485
725	560
725	601
725	670
725	814
725	855
725	941
726	90
726	164
726	194
726	387
726	422
726	468
726	520
726	746
726	786
726	831
726	860
726	970
727	62
727	101
727	296
727	339
727	349
727	766
727	863
727	884
727	930
727	940
727	960
727	999
728	162
728	420
728	425
728	464
728	655
728	687
728	792
728	871
728	937
728	939
728	988
728	996
729	26
729	49
729	139
729	219
729	441
729	708
729	866
729	871
729	879
729	927
729	937
729	946
730	9
730	62
730	170
730	254
730	264
730	379
730	401
730	770
730	850
730	861
730	899
730	929
731	154
731	224
731	255
731	338
731	486
731	678
731	710
731	736
731	752
731	810
731	855
731	858
732	2
732	148
732	193
732	241
732	339
732	435
732	456
732	479
732	592
732	761
732	913
732	982
733	43
733	80
733	206
733	319
733	346
733	638
733	643
733	647
733	827
733	857
733	869
733	999
734	17
734	66
734	124
734	177
734	220
734	295
734	323
734	483
734	763
734	818
734	912
734	999
735	208
735	322
735	371
735	477
735	487
735	492
735	508
735	649
735	864
735	924
735	967
735	968
736	227
736	282
736	309
736	447
736	486
736	626
736	658
736	731
736	744
736	747
736	835
736	852
737	117
737	280
737	435
737	678
737	738
737	760
737	769
737	870
737	896
737	944
737	965
737	972
738	376
738	587
738	631
738	658
738	673
738	724
738	737
738	747
738	749
738	870
738	944
738	953
739	1
739	21
739	50
739	369
739	476
739	543
739	553
739	694
739	711
739	740
739	787
739	944
740	133
740	143
740	283
740	422
740	618
740	660
740	706
740	739
740	817
740	915
740	941
740	989
741	57
741	87
741	104
741	369
741	404
741	494
741	528
741	689
741	849
741	900
741	980
741	992
742	47
742	193
742	274
742	398
742	433
742	593
742	701
742	876
742	882
742	894
742	896
742	966
743	57
743	315
743	405
743	561
743	566
743	680
743	684
743	708
743	768
743	856
743	945
743	995
744	5
744	34
744	89
744	302
744	309
744	653
744	691
744	736
744	752
744	766
744	768
744	867
745	50
745	257
745	269
745	291
745	480
745	482
745	508
745	552
745	599
745	649
745	702
745	762
746	114
746	295
746	547
746	661
746	726
746	748
746	786
746	844
746	961
746	964
747	117
747	153
747	274
747	381
747	592
747	736
747	738
747	752
747	831
747	843
747	876
747	944
748	124
748	183
748	392
748	416
748	681
748	723
748	746
748	883
748	964
748	966
748	977
748	996
749	97
749	306
749	398
749	455
749	574
749	599
749	655
749	682
749	738
749	941
749	986
749	990
750	13
750	79
750	263
750	415
750	472
750	649
750	676
750	770
750	893
750	904
750	939
750	944
751	40
751	237
751	258
751	412
751	484
751	500
751	565
751	578
751	815
751	828
751	986
751	1000
752	203
752	282
752	302
752	508
752	586
752	627
752	731
752	744
752	747
752	815
752	934
752	973
753	2
753	91
753	330
753	419
753	461
753	492
753	600
753	606
753	638
753	827
753	871
753	999
754	504
754	567
754	571
754	621
754	623
754	696
754	800
754	801
754	805
754	887
754	921
754	925
754	964
755	8
755	119
755	183
755	493
755	606
755	802
755	810
755	840
755	843
755	881
755	982
755	989
755	991
756	76
756	405
756	433
756	562
756	576
756	649
756	711
756	867
756	869
756	887
756	894
756	919
756	971
757	89
757	164
757	179
757	235
757	261
757	522
757	605
757	657
757	669
757	679
757	779
757	909
757	998
758	198
758	413
758	455
758	488
758	503
758	602
758	627
758	718
758	843
758	872
758	899
758	931
758	933
759	151
759	381
759	414
759	464
759	510
759	541
759	683
759	703
759	783
759	859
759	929
759	938
759	961
760	113
760	129
760	244
760	294
760	636
760	737
760	793
760	821
760	832
760	852
760	922
760	958
760	980
761	15
761	36
761	37
761	264
761	269
761	574
761	581
761	615
761	720
761	732
761	782
761	786
761	953
762	135
762	136
762	204
762	368
762	572
762	668
762	685
762	687
762	745
762	789
762	835
762	853
762	994
763	7
763	69
763	289
763	517
763	642
763	702
763	713
763	734
763	781
763	815
763	823
763	899
763	919
764	58
764	184
764	272
764	457
764	465
764	596
764	794
764	831
764	872
764	932
764	974
764	986
764	990
765	199
765	253
765	274
765	281
765	425
765	601
765	707
765	767
765	804
765	815
765	917
765	964
765	974
766	54
766	62
766	101
766	114
766	295
766	340
766	349
766	480
766	543
766	570
766	727
766	744
766	894
767	173
767	253
767	281
767	352
767	425
767	601
767	630
767	680
767	715
767	765
767	825
767	835
767	981
768	1
768	10
768	246
768	336
768	414
768	516
768	561
768	639
768	666
768	686
768	743
768	744
768	897
769	170
769	240
769	297
769	320
769	450
769	496
769	596
769	688
769	737
769	791
769	902
769	935
769	963
770	78
770	353
770	516
770	579
770	676
770	684
770	730
770	750
770	845
770	872
770	893
770	933
770	983
771	70
771	296
771	402
771	584
771	628
771	632
771	823
771	829
771	908
771	916
771	929
771	951
771	997
772	43
772	375
772	377
772	386
772	392
772	567
772	618
772	800
772	815
772	823
772	911
772	919
772	938
773	66
773	74
773	250
773	338
773	470
773	598
773	639
773	721
773	809
773	852
773	936
773	951
773	978
774	261
774	304
774	403
774	406
774	426
774	496
774	569
774	642
774	813
774	846
774	856
774	910
774	915
775	8
775	204
775	229
775	251
775	315
775	316
775	505
775	555
775	625
775	673
775	800
775	850
775	914
776	72
776	80
776	149
776	153
776	241
776	419
776	443
776	634
776	718
776	844
776	854
776	945
776	950
777	10
777	225
777	336
777	343
777	424
777	541
777	605
777	615
777	724
777	880
777	916
777	934
777	953
778	54
778	112
778	131
778	255
778	411
778	606
778	622
778	659
778	922
778	928
778	936
778	959
778	970
779	71
779	152
779	233
779	266
779	287
779	335
779	380
779	574
779	584
779	700
779	757
779	943
779	981
780	162
780	232
780	266
780	298
780	299
780	379
780	504
780	519
780	545
780	548
780	600
780	714
780	825
781	119
781	121
781	283
781	565
781	634
781	663
781	763
781	793
781	824
781	913
781	943
781	988
781	990
782	36
782	249
782	285
782	310
782	336
782	439
782	441
782	528
782	761
782	791
782	842
782	922
782	984
783	84
783	87
783	206
783	236
783	270
783	316
783	432
783	516
783	567
783	651
783	759
783	785
783	990
784	96
784	228
784	275
784	276
784	454
784	463
784	534
784	610
784	827
784	864
784	892
784	938
784	969
785	18
785	28
785	58
785	73
785	76
785	546
785	641
785	783
785	817
785	819
785	872
785	955
785	971
786	12
786	90
786	194
786	313
786	509
786	532
786	723
786	726
786	746
786	761
786	804
786	899
786	999
787	44
787	106
787	158
787	260
787	341
787	370
787	454
787	620
787	674
787	707
787	739
787	863
787	966
788	357
788	513
788	607
788	635
788	659
788	686
788	709
788	723
788	835
788	853
788	940
788	969
788	974
789	83
789	125
789	187
789	306
789	402
789	412
789	548
789	565
789	662
789	762
789	870
789	906
789	958
790	34
790	265
790	275
790	293
790	371
790	382
790	435
790	572
790	612
790	646
790	833
790	887
790	900
791	238
791	416
791	429
791	442
791	445
791	577
791	721
791	769
791	782
791	818
791	823
791	927
791	969
792	161
792	197
792	258
792	363
792	367
792	389
792	462
792	633
792	652
792	672
792	728
792	806
792	1000
793	50
793	398
793	511
793	586
793	604
793	680
793	760
793	781
793	796
793	956
793	984
793	986
793	990
794	152
794	341
794	449
794	563
794	575
794	585
794	589
794	720
794	764
794	968
794	983
794	984
794	987
795	33
795	265
795	321
795	350
795	458
795	521
795	523
795	595
795	692
795	717
795	979
795	992
795	994
796	150
796	360
796	461
796	483
796	492
796	547
796	599
796	617
796	711
796	793
796	818
796	884
796	976
797	146
797	150
797	195
797	202
797	324
797	384
797	390
797	459
797	532
797	652
797	694
797	949
797	988
798	55
798	81
798	185
798	214
798	221
798	245
798	270
798	681
798	710
798	875
798	905
798	908
798	950
799	50
799	106
799	502
799	655
799	677
799	688
799	849
799	895
799	899
799	915
799	943
799	973
799	992
800	189
800	276
800	399
800	460
800	475
800	659
800	754
800	772
800	775
800	865
800	868
800	925
800	999
801	172
801	221
801	407
801	476
801	491
801	567
801	754
801	826
801	848
801	886
801	932
801	936
801	944
802	34
802	131
802	134
802	278
802	336
802	481
802	573
802	605
802	722
802	755
802	860
802	917
802	961
803	154
803	254
803	356
803	427
803	615
803	656
803	667
803	813
803	814
803	889
803	901
803	959
803	998
804	101
804	113
804	144
804	155
804	286
804	408
804	455
804	713
804	765
804	786
804	862
804	922
804	961
805	4
805	144
805	335
805	505
805	520
805	572
805	646
805	660
805	661
805	700
805	715
805	754
805	946
806	112
806	140
806	180
806	331
806	435
806	568
806	598
806	679
806	710
806	792
806	830
806	875
806	888
807	7
807	118
807	341
807	518
807	527
807	636
807	645
807	851
807	895
807	915
807	986
807	992
807	995
808	125
808	137
808	203
808	302
808	367
808	376
808	448
808	671
808	898
808	944
808	957
808	965
808	989
809	15
809	63
809	126
809	208
809	408
809	561
809	578
809	773
809	865
809	904
809	916
809	939
809	956
809	970
810	38
810	125
810	168
810	326
810	370
810	414
810	463
810	484
810	731
810	755
810	835
810	897
810	946
810	958
811	37
811	80
811	152
811	245
811	286
811	474
811	541
811	597
811	868
811	874
811	917
811	964
811	973
811	996
812	292
812	301
812	329
812	374
812	510
812	609
812	616
812	697
812	706
812	831
812	861
812	887
812	967
812	979
813	272
813	294
813	608
813	656
813	667
813	710
813	774
813	803
813	843
813	858
813	889
813	904
813	917
813	941
814	161
814	593
814	627
814	689
814	723
814	725
814	803
814	856
814	885
814	917
814	966
814	968
814	977
814	978
815	278
815	319
815	384
815	562
815	609
815	751
815	752
815	763
815	765
815	772
815	864
815	919
815	938
815	942
816	18
816	26
816	66
816	155
816	175
816	540
816	571
816	665
816	817
816	841
816	903
816	905
816	935
816	971
817	358
817	515
817	519
817	571
817	623
817	670
817	674
817	740
817	785
817	816
817	899
817	976
817	979
817	989
818	124
818	129
818	224
818	461
818	466
818	478
818	547
818	581
818	626
818	734
818	791
818	796
818	839
818	907
819	80
819	181
819	475
819	577
819	592
819	641
819	675
819	693
819	785
819	832
819	834
819	882
819	898
819	988
820	2
820	201
820	301
820	830
820	835
820	885
820	921
820	924
820	937
820	960
820	963
820	978
820	985
821	31
821	64
821	115
821	196
821	395
821	411
821	451
821	541
821	558
821	760
821	852
821	854
821	929
821	934
822	179
822	211
822	278
822	284
822	332
822	351
822	373
822	527
822	645
822	671
822	682
822	834
822	918
822	965
823	19
823	237
823	249
823	350
823	538
823	683
823	685
823	763
823	771
823	772
823	791
823	909
823	938
823	943
824	5
824	42
824	43
824	91
824	92
824	205
824	248
824	347
824	586
824	589
824	601
824	677
824	781
824	827
825	64
825	162
825	275
825	289
825	341
825	505
825	558
825	562
825	573
825	767
825	780
825	826
825	861
825	937
826	80
826	107
826	271
826	332
826	345
826	414
826	459
826	620
826	629
826	633
826	801
826	825
826	925
826	964
827	23
827	92
827	174
827	214
827	544
827	628
827	636
827	669
827	699
827	708
827	733
827	753
827	784
827	824
828	177
828	200
828	290
828	391
828	423
828	501
828	651
828	751
828	834
828	851
828	866
828	887
828	933
828	1000
829	5
829	38
829	192
829	216
829	333
829	444
829	484
829	690
829	771
829	843
829	845
829	873
829	878
829	880
830	41
830	124
830	240
830	293
830	596
830	614
830	806
830	820
830	831
830	861
830	882
830	886
830	975
830	994
831	47
831	103
831	199
831	261
831	364
831	469
831	522
831	726
831	747
831	764
831	812
831	830
831	856
831	970
832	151
832	212
832	259
832	488
832	490
832	514
832	624
832	662
832	760
832	819
832	851
832	869
832	909
832	987
833	193
833	338
833	413
833	470
833	497
833	592
833	630
833	635
833	790
833	914
833	921
833	947
833	958
833	977
834	27
834	218
834	473
834	481
834	496
834	645
834	654
834	819
834	822
834	828
834	865
834	931
834	932
834	953
835	393
835	648
835	675
835	692
835	694
835	707
835	736
835	762
835	767
835	788
835	810
835	820
835	959
835	969
836	241
836	247
836	396
836	474
836	504
836	545
836	581
836	668
836	692
836	846
836	847
836	953
836	981
836	983
837	69
837	73
837	91
837	469
837	535
837	857
837	864
837	883
837	936
837	952
837	954
837	969
837	995
838	46
838	119
838	200
838	207
838	323
838	397
838	580
838	672
838	724
838	883
838	926
838	950
838	961
838	981
839	131
839	227
839	289
839	302
839	506
839	603
839	611
839	631
839	719
839	818
839	892
839	924
839	949
839	998
840	38
840	216
840	391
840	434
840	493
840	549
840	755
840	843
840	877
840	881
840	945
840	983
840	998
841	174
841	248
841	304
841	495
841	514
841	582
841	816
841	860
841	877
841	903
841	971
841	974
841	976
841	978
842	54
842	70
842	75
842	129
842	130
842	141
842	255
842	321
842	564
842	782
842	928
842	942
842	953
842	983
842	986
843	224
843	493
843	570
843	598
843	705
843	747
843	755
843	758
843	813
843	829
843	840
843	881
843	913
843	999
844	75
844	86
844	133
844	305
844	357
844	359
844	373
844	388
844	452
844	746
844	776
844	854
844	893
844	961
844	966
845	27
845	92
845	406
845	456
845	543
845	545
845	708
845	770
845	829
845	865
845	883
845	932
845	945
845	947
845	985
846	48
846	346
846	419
846	452
846	509
846	578
846	682
846	691
846	701
846	706
846	774
846	836
846	896
846	905
846	957
847	81
847	156
847	383
847	411
847	421
847	635
847	650
847	672
847	689
847	836
847	925
847	929
847	934
847	974
847	980
848	4
848	44
848	51
848	165
848	177
848	318
848	462
848	595
848	704
848	801
848	878
848	930
848	949
848	965
848	979
849	230
849	288
849	316
849	320
849	400
849	448
849	609
849	741
849	799
849	897
849	901
849	902
849	940
849	959
849	992
850	171
850	298
850	434
850	450
850	453
850	550
850	590
850	597
850	647
850	730
850	775
850	874
850	879
850	915
850	920
851	123
851	189
851	259
851	285
851	303
851	351
851	471
851	507
851	704
851	807
851	828
851	832
851	857
851	977
851	987
852	100
852	179
852	344
852	610
852	626
852	675
852	736
852	760
852	773
852	821
852	855
852	856
852	958
852	959
852	999
853	8
853	135
853	226
853	356
853	359
853	368
853	440
853	514
853	668
853	762
853	788
853	872
853	877
853	934
853	993
854	26
854	42
854	62
854	72
854	115
854	181
854	258
854	349
854	468
854	560
854	776
854	821
854	844
854	904
854	961
855	31
855	108
855	241
855	252
855	286
855	390
855	473
855	647
855	669
855	725
855	731
855	852
855	905
855	998
855	999
856	123
856	132
856	139
856	210
856	311
856	406
856	743
856	774
856	814
856	831
856	852
856	860
856	878
856	906
856	958
857	403
857	718
857	733
857	837
857	851
857	871
857	913
857	936
857	940
857	954
857	994
857	995
857	1000
858	104
858	154
858	262
858	298
858	345
858	450
858	496
858	575
858	731
858	813
858	861
858	914
858	935
858	965
858	968
859	122
859	331
859	345
859	454
859	538
859	580
859	587
859	686
859	709
859	759
859	860
859	894
859	908
859	961
859	962
860	132
860	348
860	429
860	437
860	446
860	506
860	584
860	694
860	726
860	802
860	841
860	856
860	859
860	917
860	966
861	16
861	331
861	421
861	515
861	568
861	585
861	594
861	730
861	812
861	825
861	830
861	858
861	929
861	971
861	988
862	99
862	173
862	176
862	195
862	257
862	267
862	305
862	379
862	438
862	584
862	628
862	719
862	804
862	918
862	997
863	26
863	210
863	279
863	292
863	321
863	338
863	454
863	545
863	584
863	598
863	674
863	727
863	787
863	903
863	990
864	159
864	188
864	382
864	389
864	400
864	492
864	494
864	497
864	649
864	651
864	735
864	784
864	815
864	837
864	977
865	30
865	70
865	198
865	211
865	357
865	476
865	478
865	567
865	579
865	695
865	800
865	809
865	834
865	845
865	964
866	28
866	412
866	479
866	518
866	543
866	708
866	729
866	828
866	871
866	885
866	915
866	922
866	937
866	939
866	951
867	121
867	249
867	427
867	541
867	562
867	564
867	632
867	654
867	664
867	744
867	756
867	919
867	938
867	954
867	991
868	32
868	142
868	253
868	269
868	470
868	541
868	696
868	724
868	800
868	811
868	870
868	953
868	963
868	986
868	991
869	23
869	127
869	155
869	472
869	535
869	565
869	576
869	663
869	733
869	756
869	832
869	905
869	925
869	938
869	943
870	25
870	52
870	102
870	139
870	161
870	210
870	615
870	652
870	737
870	738
870	789
870	868
870	943
870	944
870	974
871	65
871	184
871	229
871	248
871	284
871	330
871	663
871	708
871	728
871	729
871	753
871	857
871	866
871	939
871	969
872	61
872	66
872	341
872	398
872	445
872	678
872	680
872	758
872	764
872	770
872	785
872	853
872	891
872	963
872	990
873	65
873	79
873	110
873	120
873	296
873	301
873	579
873	603
873	619
873	676
873	698
873	702
873	829
873	893
873	918
874	82
874	127
874	219
874	276
874	417
874	472
874	477
874	490
874	661
874	689
874	720
874	811
874	850
874	927
874	933
875	111
875	159
875	238
875	286
875	347
875	402
875	412
875	516
875	710
875	723
875	798
875	806
875	932
875	956
875	976
876	39
876	172
876	190
876	297
876	315
876	397
876	479
876	588
876	656
876	685
876	742
876	747
876	883
876	886
876	918
877	1
877	147
877	436
877	651
877	840
877	841
877	853
877	882
877	914
877	931
877	932
877	938
877	963
877	965
877	979
878	3
878	78
878	130
878	217
878	241
878	243
878	379
878	399
878	547
878	549
878	699
878	829
878	848
878	856
878	977
879	52
879	98
879	195
879	213
879	235
879	354
879	367
879	450
879	590
879	693
879	729
879	850
879	920
879	934
879	966
880	12
880	41
880	126
880	166
880	204
880	287
880	343
880	348
880	398
880	424
880	467
880	713
880	720
880	777
880	829
880	916
881	58
881	119
881	203
881	482
881	493
881	624
881	634
881	692
881	713
881	755
881	840
881	843
881	890
881	925
881	947
881	962
882	272
882	281
882	293
882	349
882	430
882	473
882	580
882	602
882	675
882	742
882	819
882	830
882	877
882	884
882	902
882	994
883	18
883	109
883	204
883	410
883	489
883	493
883	518
883	697
883	703
883	748
883	837
883	838
883	845
883	876
883	939
883	948
884	9
884	192
884	257
884	331
884	415
884	444
884	580
884	624
884	670
884	727
884	796
884	882
884	912
884	917
884	953
884	962
885	85
885	91
885	204
885	329
885	639
885	655
885	688
885	814
885	820
885	866
885	921
885	960
885	985
885	987
885	994
886	184
886	336
886	369
886	507
886	553
886	638
886	690
886	691
886	715
886	801
886	830
886	876
886	904
886	909
886	952
886	975
887	3
887	48
887	78
887	217
887	404
887	443
887	474
887	549
887	568
887	570
887	754
887	756
887	790
887	812
887	828
887	955
888	56
888	182
888	371
888	395
888	437
888	467
888	501
888	537
888	567
888	573
888	603
888	613
888	665
888	709
888	806
888	973
889	191
889	254
889	286
889	373
889	424
889	427
889	504
889	555
889	667
889	669
889	803
889	813
889	908
889	915
889	928
889	948
890	30
890	149
890	242
890	268
890	300
890	312
890	588
890	590
890	881
890	907
890	908
890	910
890	911
890	967
890	984
890	991
891	16
891	56
891	112
891	180
891	248
891	311
891	318
891	410
891	643
891	872
891	901
891	903
891	909
891	935
891	968
891	984
892	166
892	256
892	382
892	392
892	475
892	519
892	533
892	534
892	555
892	572
892	620
892	698
892	700
892	719
892	784
892	839
893	13
893	371
893	456
893	537
893	644
893	676
893	750
893	770
893	844
893	873
893	930
893	943
893	946
893	968
893	973
893	979
894	26
894	222
894	301
894	400
894	426
894	457
894	604
894	640
894	679
894	742
894	756
894	766
894	859
894	907
894	916
894	995
895	138
895	263
895	422
895	535
895	588
895	660
895	688
895	707
895	799
895	807
895	923
895	945
895	963
895	968
895	977
895	987
896	14
896	102
896	175
896	219
896	228
896	274
896	276
896	465
896	573
896	636
896	737
896	742
896	846
896	898
896	932
896	993
897	53
897	137
897	226
897	296
897	444
897	451
897	478
897	513
897	568
897	704
897	716
897	768
897	810
897	849
897	981
897	997
898	27
898	240
898	308
898	326
898	348
898	357
898	393
898	648
898	687
898	808
898	819
898	896
898	901
898	946
898	954
898	996
899	37
899	93
899	225
899	253
899	317
899	591
899	623
899	651
899	730
899	758
899	763
899	786
899	799
899	817
899	969
899	971
900	82
900	122
900	214
900	346
900	434
900	486
900	495
900	517
900	575
900	577
900	583
900	741
900	790
900	940
900	942
900	965
901	294
901	311
901	372
901	449
901	633
901	702
901	723
901	724
901	803
901	849
901	891
901	898
901	910
901	935
901	948
901	968
902	200
902	218
902	260
902	343
902	353
902	436
902	480
902	496
902	663
902	675
902	769
902	849
902	882
902	948
902	963
902	994
903	317
903	391
903	483
903	495
903	515
903	543
903	610
903	612
903	650
903	681
903	718
903	816
903	841
903	863
903	891
903	967
903	975
904	381
904	441
904	449
904	486
904	502
904	540
904	617
904	644
904	650
904	657
904	750
904	809
904	813
904	854
904	886
904	956
904	957
905	149
905	221
905	234
905	314
905	442
905	545
905	624
905	665
905	691
905	798
905	816
905	846
905	855
905	869
905	955
905	979
905	985
906	132
906	201
906	232
906	289
906	398
906	412
906	433
906	436
906	493
906	523
906	534
906	562
906	653
906	668
906	705
906	789
906	856
907	100
907	143
907	190
907	210
907	222
907	418
907	425
907	426
907	457
907	604
907	647
907	818
907	890
907	894
907	910
907	920
907	964
908	63
908	86
908	163
908	302
908	312
908	396
908	401
908	479
908	590
908	771
908	798
908	859
908	889
908	890
908	910
908	971
908	991
909	67
909	104
909	226
909	247
909	378
909	432
909	503
909	690
909	757
909	823
909	832
909	886
909	891
909	952
909	975
910	288
910	307
910	312
910	428
910	559
910	644
910	653
910	655
910	694
910	715
910	774
910	890
910	901
910	907
910	908
910	942
910	991
911	77
911	101
911	136
911	267
911	305
911	366
911	378
911	416
911	501
911	643
911	722
911	772
911	890
911	928
911	972
911	988
911	992
912	28
912	30
912	145
912	329
912	410
912	417
912	423
912	424
912	489
912	579
912	604
912	621
912	652
912	670
912	734
912	884
912	962
913	1
913	148
913	240
913	339
913	433
913	435
913	460
913	510
913	547
913	704
913	714
913	732
913	781
913	843
913	857
913	946
913	989
914	39
914	45
914	262
914	265
914	328
914	384
914	409
914	468
914	500
914	575
914	673
914	775
914	833
914	858
914	877
914	951
914	961
915	314
915	343
915	399
915	559
915	615
915	639
915	707
915	740
915	774
915	799
915	807
915	850
915	866
915	889
915	941
915	950
915	955
916	6
916	10
916	255
916	287
916	424
916	467
916	636
916	713
916	771
916	777
916	809
916	880
916	894
916	935
916	937
916	971
916	975
917	178
917	329
917	348
917	363
917	437
917	481
917	611
917	629
917	655
917	765
917	802
917	811
917	813
917	814
917	860
917	884
917	971
918	96
918	137
918	278
918	382
918	446
918	498
918	605
918	645
918	679
918	693
918	721
918	822
918	862
918	873
918	876
918	974
918	988
919	35
919	193
919	245
919	337
919	482
919	528
919	560
919	629
919	663
919	711
919	756
919	763
919	772
919	815
919	867
919	920
919	976
920	12
920	52
920	81
920	196
920	299
920	327
920	434
920	450
920	457
920	531
920	590
920	679
920	850
920	879
920	907
920	919
920	960
921	16
921	160
921	209
921	433
921	507
921	543
921	561
921	563
921	685
921	754
921	820
921	833
921	885
921	954
921	960
921	981
921	985
922	10
922	54
922	171
922	201
922	285
922	491
922	642
922	680
922	760
922	778
922	782
922	804
922	866
922	928
922	930
922	945
922	976
923	141
923	152
923	153
923	234
923	237
923	244
923	252
923	392
923	474
923	664
923	678
923	697
923	703
923	895
923	947
923	995
923	998
924	19
924	65
924	137
924	150
924	211
924	239
924	328
924	339
924	356
924	399
924	460
924	556
924	595
924	735
924	820
924	839
924	951
925	236
925	278
925	345
925	372
925	416
925	491
925	573
925	655
925	723
925	754
925	800
925	826
925	847
925	869
925	881
925	933
925	946
926	145
926	172
926	202
926	229
926	235
926	239
926	337
926	358
926	383
926	394
926	551
926	577
926	608
926	638
926	714
926	838
926	974
927	80
927	178
927	217
927	219
927	325
927	472
927	499
927	514
927	590
927	640
927	646
927	700
927	729
927	791
927	874
927	937
927	953
928	126
928	155
928	255
928	260
928	352
928	429
928	554
928	600
928	614
928	622
928	643
928	778
928	842
928	889
928	911
928	922
928	940
928	976
929	157
929	170
929	267
929	268
929	539
929	568
929	594
929	708
929	714
929	730
929	759
929	771
929	821
929	847
929	861
929	950
929	961
929	992
930	30
930	53
930	352
930	383
930	425
930	451
930	467
930	485
930	591
930	606
930	663
930	702
930	727
930	848
930	893
930	922
930	946
930	982
931	42
931	94
931	145
931	161
931	183
931	192
931	351
931	395
931	473
931	528
931	629
931	654
931	758
931	834
931	877
931	932
931	945
931	968
932	210
932	216
932	333
932	354
932	377
932	445
932	473
932	548
932	764
932	801
932	834
932	845
932	875
932	877
932	896
932	931
932	945
932	953
933	140
933	185
933	205
933	271
933	316
933	327
933	457
933	520
933	527
933	658
933	758
933	770
933	828
933	874
933	925
933	961
933	983
933	984
934	201
934	334
934	367
934	490
934	549
934	667
934	752
934	777
934	821
934	847
934	853
934	879
934	935
934	958
934	959
934	981
934	985
934	999
935	9
935	181
935	217
935	270
935	342
935	515
935	633
935	637
935	709
935	769
935	816
935	858
935	891
935	901
935	916
935	934
935	968
935	973
936	23
936	98
936	137
936	341
936	431
936	496
936	593
936	692
936	722
936	773
936	778
936	801
936	837
936	857
936	954
936	988
936	995
937	84
937	264
937	292
937	406
937	420
937	643
937	708
937	728
937	729
937	820
937	825
937	866
937	916
937	927
937	939
937	960
937	975
937	994
938	249
938	290
938	413
938	438
938	489
938	592
938	625
938	671
938	689
938	759
938	772
938	784
938	815
938	823
938	867
938	869
938	877
938	970
939	14
939	284
939	360
939	382
939	420
939	488
939	496
939	679
939	708
939	713
939	728
939	750
939	809
939	866
939	871
939	883
939	937
939	976
940	181
940	214
940	407
940	495
940	517
940	574
940	640
940	648
940	673
940	727
940	788
940	849
940	857
940	900
940	928
940	942
940	962
940	992
941	44
941	226
941	242
941	334
941	370
941	530
941	622
941	639
941	660
941	683
941	725
941	740
941	749
941	813
941	915
941	957
941	966
941	983
942	82
942	184
942	291
942	365
942	407
942	474
942	495
942	498
942	517
942	638
942	694
942	815
942	842
942	900
942	910
942	940
942	952
942	998
943	7
943	107
943	155
943	354
943	377
943	710
943	779
943	781
943	799
943	823
943	869
943	870
943	893
943	944
943	946
943	952
943	974
943	981
944	25
944	139
944	161
944	417
944	537
944	580
944	619
944	622
944	737
944	738
944	739
944	747
944	750
944	801
944	808
944	870
944	943
944	967
945	5
945	59
945	216
945	239
945	408
945	461
945	608
945	654
945	680
945	700
945	743
945	776
945	840
945	845
945	895
945	922
945	931
945	932
946	168
946	357
946	588
946	620
946	648
946	686
946	729
946	805
946	810
946	893
946	898
946	913
946	925
946	930
946	943
946	948
946	958
946	969
947	69
947	109
947	141
947	269
947	410
947	455
947	508
947	530
947	551
947	603
947	638
947	662
947	697
947	833
947	845
947	881
947	923
947	990
948	142
948	185
948	207
948	278
948	280
948	471
948	512
948	525
948	587
948	626
948	635
948	701
948	883
948	889
948	901
948	902
948	946
948	991
949	17
949	33
949	166
949	417
949	451
949	474
949	487
949	559
949	611
949	625
949	664
949	666
949	717
949	797
949	839
949	848
949	973
949	985
950	56
950	85
950	146
950	182
950	314
950	385
950	397
950	404
950	428
950	677
950	724
950	776
950	798
950	838
950	915
950	929
950	954
950	964
951	19
951	22
951	239
951	291
951	328
951	356
951	399
951	408
951	450
951	561
951	616
951	637
951	771
951	773
951	866
951	914
951	924
951	963
952	64
952	169
952	364
952	442
952	536
952	553
952	574
952	651
952	664
952	690
952	714
952	837
952	886
952	909
952	942
952	943
952	975
952	996
953	55
953	122
953	246
953	287
953	491
953	640
953	696
953	738
953	761
953	777
953	834
953	836
953	842
953	868
953	884
953	927
953	932
953	961
954	102
954	176
954	207
954	218
954	265
954	277
954	431
954	440
954	558
954	837
954	857
954	867
954	898
954	921
954	936
954	950
954	971
954	995
955	81
955	259
955	281
955	305
955	430
955	458
955	559
955	566
955	581
955	624
955	637
955	691
955	785
955	887
955	905
955	915
955	966
955	995
956	29
956	59
956	223
956	322
956	348
956	352
956	358
956	381
956	631
956	644
956	697
956	793
956	809
956	875
956	904
956	970
956	975
956	993
957	213
957	250
957	300
957	376
957	400
957	464
957	503
957	629
957	651
957	662
957	671
957	677
957	712
957	716
957	808
957	846
957	904
957	941
957	989
958	62
958	121
958	272
958	309
958	475
958	529
958	579
958	684
958	760
958	789
958	810
958	833
958	852
958	856
958	934
958	946
958	959
958	980
958	998
959	32
959	35
959	146
959	196
959	211
959	279
959	334
959	465
959	535
959	554
959	602
959	669
959	778
959	803
959	835
959	849
959	852
959	934
959	958
960	98
960	168
960	256
960	344
960	354
960	401
960	482
960	489
960	507
960	569
960	595
960	712
960	727
960	820
960	885
960	920
960	921
960	937
960	985
961	97
961	251
961	414
961	464
961	519
961	558
961	746
961	759
961	802
961	804
961	838
961	844
961	854
961	859
961	914
961	929
961	933
961	953
961	982
962	52
962	68
962	72
962	88
962	158
962	299
962	350
962	380
962	419
962	454
962	499
962	515
962	587
962	704
962	859
962	881
962	884
962	912
962	940
963	20
963	29
963	165
963	168
963	355
963	419
963	436
963	447
963	548
963	769
963	820
963	868
963	872
963	877
963	895
963	902
963	951
963	965
963	979
964	132
964	211
964	340
964	372
964	476
964	582
964	602
964	695
964	720
964	746
964	748
964	754
964	765
964	811
964	826
964	865
964	907
964	950
964	980
965	256
965	353
965	409
965	419
965	436
965	447
965	551
965	604
965	694
965	717
965	737
965	808
965	822
965	848
965	858
965	877
965	900
965	963
965	971
966	46
966	161
966	392
966	585
966	593
966	626
966	656
966	689
966	723
966	742
966	748
966	787
966	814
966	844
966	860
966	879
966	941
966	955
966	977
967	105
967	132
967	189
967	268
967	469
967	499
967	510
967	513
967	552
967	609
967	621
967	644
967	680
967	735
967	812
967	890
967	903
967	944
967	984
968	9
968	85
968	294
968	311
968	400
968	586
968	588
968	633
968	673
968	735
968	794
968	814
968	858
968	891
968	893
968	895
968	901
968	931
968	935
969	138
969	163
969	277
969	284
969	514
969	571
969	614
969	659
969	686
969	710
969	784
969	788
969	791
969	835
969	837
969	871
969	899
969	946
969	977
970	61
970	86
970	140
970	203
970	370
970	381
970	422
970	441
970	531
970	602
970	617
970	644
970	726
970	778
970	809
970	831
970	938
970	956
970	976
971	70
971	100
971	355
971	383
971	514
971	681
971	756
971	785
971	816
971	841
971	861
971	899
971	908
971	916
971	917
971	954
971	965
971	975
971	976
972	114
972	191
972	193
972	200
972	218
972	441
972	467
972	501
972	541
972	550
972	583
972	611
972	687
972	722
972	737
972	911
972	980
972	982
972	1000
973	29
973	182
973	247
973	377
973	380
973	395
973	531
973	537
973	567
973	633
973	688
973	752
973	799
973	811
973	888
973	893
973	935
973	949
973	979
974	57
974	262
974	355
974	363
974	394
974	565
974	632
974	709
974	715
974	764
974	765
974	788
974	841
974	847
974	870
974	918
974	926
974	943
974	995
975	162
975	169
975	184
975	236
975	311
975	552
975	553
975	690
975	830
975	886
975	903
975	909
975	916
975	937
975	952
975	956
975	971
975	981
975	990
976	167
976	323
976	515
976	602
976	610
976	718
976	796
976	817
976	841
976	875
976	919
976	922
976	928
976	939
976	970
976	971
976	979
976	987
976	993
977	40
977	259
977	392
977	522
977	587
977	593
977	597
977	689
977	723
977	748
977	814
977	833
977	851
977	864
977	878
977	895
977	966
977	969
977	1000
978	46
978	112
978	233
978	341
978	421
978	479
978	498
978	557
978	588
978	664
978	677
978	685
978	695
978	773
978	814
978	820
978	841
978	985
978	989
979	30
979	94
979	265
979	379
979	435
979	447
979	450
979	562
979	717
979	795
979	812
979	817
979	848
979	877
979	893
979	905
979	963
979	973
979	976
979	998
980	2
980	22
980	35
980	126
980	134
980	230
980	398
980	490
980	535
980	653
980	669
980	711
980	719
980	741
980	760
980	847
980	958
980	964
980	972
980	999
981	71
981	256
981	314
981	397
981	404
981	428
981	463
981	556
981	625
981	637
981	724
981	767
981	779
981	836
981	838
981	897
981	921
981	934
981	943
981	975
982	30
982	175
982	224
982	247
982	337
982	352
982	383
982	405
982	478
982	498
982	546
982	547
982	591
982	606
982	637
982	732
982	755
982	930
982	961
982	972
983	15
983	145
983	315
983	320
983	520
983	595
983	611
983	623
983	639
983	682
983	686
983	711
983	722
983	770
983	794
983	836
983	840
983	842
983	933
983	941
984	1
984	170
984	367
984	441
984	442
984	446
984	533
984	563
984	585
984	623
984	639
984	684
984	711
984	782
984	793
984	794
984	890
984	891
984	933
984	967
985	78
985	107
985	160
985	163
985	198
985	243
985	344
985	507
985	513
985	533
985	628
985	820
985	845
985	885
985	905
985	921
985	934
985	949
985	960
985	978
986	22
986	25
986	37
986	120
986	343
986	431
986	547
986	599
986	621
986	627
986	671
986	680
986	717
986	749
986	751
986	764
986	793
986	807
986	842
986	868
987	33
987	79
987	128
987	151
987	189
987	190
987	195
987	212
987	234
987	259
987	294
987	303
987	351
987	624
987	794
987	832
987	851
987	885
987	895
987	976
988	86
988	203
988	362
988	379
988	430
988	440
988	463
988	469
988	491
988	502
988	539
988	605
988	728
988	781
988	797
988	819
988	861
988	911
988	918
988	936
989	25
989	43
989	96
989	125
989	213
989	304
989	376
989	421
989	526
989	561
989	585
989	671
989	714
989	740
989	755
989	808
989	817
989	913
989	957
989	978
990	27
990	63
990	120
990	221
990	279
990	406
990	452
990	480
990	627
990	646
990	675
990	749
990	764
990	781
990	783
990	793
990	863
990	872
990	947
990	975
991	118
991	198
991	242
991	306
991	308
991	332
991	359
991	401
991	427
991	443
991	559
991	646
991	707
991	755
991	867
991	868
991	890
991	908
991	910
991	948
992	21
992	57
992	60
992	106
992	230
992	245
992	340
992	347
992	400
992	580
992	618
992	679
992	741
992	795
992	799
992	807
992	849
992	911
992	929
992	940
993	14
993	88
993	175
993	193
993	228
993	274
993	303
993	358
993	380
993	430
993	433
993	505
993	563
993	627
993	634
993	853
993	896
993	956
993	976
993	994
994	53
994	77
994	212
994	251
994	290
994	317
994	430
994	510
994	512
994	653
994	675
994	762
994	795
994	830
994	857
994	882
994	885
994	902
994	937
994	993
995	102
995	176
995	199
995	395
995	430
995	431
995	438
995	452
995	454
995	500
995	743
995	807
995	837
995	857
995	894
995	923
995	936
995	954
995	955
995	974
996	28
996	56
996	109
996	264
996	298
996	301
996	305
996	310
996	363
996	440
996	466
996	517
996	524
996	654
996	704
996	728
996	748
996	811
996	898
996	952
997	17
997	70
997	146
997	169
997	267
997	318
997	346
997	429
997	438
997	444
997	456
997	459
997	482
997	567
997	584
997	628
997	693
997	771
997	862
997	897
998	18
998	71
998	140
998	196
998	227
998	333
998	468
998	593
998	603
998	625
998	631
998	757
998	803
998	839
998	840
998	855
998	923
998	942
998	958
998	979
999	91
999	475
999	490
999	529
999	535
999	569
999	617
999	619
999	649
999	727
999	733
999	734
999	753
999	786
999	800
999	843
999	852
999	855
999	934
999	980
1000	41
1000	56
1000	68
1000	88
1000	162
1000	165
1000	272
1000	385
1000	462
1000	636
1000	652
1000	666
1000	682
1000	684
1000	751
1000	792
1000	828
1000	857
1000	972
1000	977
