1	8 
2	33 
3	9 
4	32 
5	22 
6	35 
7	39 
8	30 
9	37 
10	37 
11	11 
12	32 
13	30 
14	7 
15	15 
16	36 
17	29 
18	36 
19	35 
20	38 
21	31 
22	3 
23	17 
24	35 
25	31 
26	6 
27	27 
28	20 
29	41 
30	39 
31	2 
32	19 
33	13 
34	2 
35	36 
36	35 
37	5 
38	19 
39	11 
40	16 
41	23 
42	7 
43	20 
44	36 
45	21 
46	35 
47	17 
48	30 
49	36 
50	3 
51	23 
52	2 
53	28 
54	14 
55	41 
56	41 
57	20 
58	14 
59	2 
60	25 
61	8 
62	1 
63	11 
64	20 
65	39 
66	2 
67	11 
68	34 
69	14 
70	22 
71	3 
72	29 
73	27 
74	5 
75	15 
76	39 
77	39 
78	11 
79	4 
80	35 
81	10 
82	37 
83	14 
84	28 
85	12 
86	40 
87	12 
88	14 
89	12 
90	37 
91	18 
92	4 
93	4 
94	21 
95	34 
96	19 
97	20 
98	8 
99	12 
100	5 
101	41 
102	17 
103	38 
104	1 
105	3 
106	23 
107	30 
108	24 
109	4 
110	6 
111	15 
112	17 
113	39 
114	22 
115	23 
116	39 
117	13 
118	32 
119	3 
120	32 
121	9 
122	34 
123	28 
124	17 
125	33 
126	19 
127	14 
128	14 
129	7 
130	22 
131	20 
132	36 
133	26 
134	16 
135	34 
136	27 
137	34 
138	29 
139	32 
140	33 
141	39 
142	21 
143	28 
144	29 
145	1 
146	22 
147	12 
148	8 
149	27 
150	12 
151	18 
152	8 
153	35 
154	11 
155	28 
156	10 
157	23 
158	23 
159	12 
160	16 
161	32 
162	3 
163	38 
164	27 
165	34 
166	11 
167	4 
168	40 
169	4 
170	33 
171	29 
172	27 
173	31 
174	9 
175	11 
176	15 
177	19 
178	9 
179	14 
180	18 
181	15 
182	1 
183	37 
184	14 
185	28 
186	41 
187	24 
188	19 
189	26 
190	13 
191	30 
192	32 
193	24 
194	34 
195	30 
196	2 
197	8 
198	9 
199	36 
200	19 
201	10 
202	19 
203	38 
204	29 
205	7 
206	16 
207	12 
208	12 
209	14 
210	27 
211	30 
212	1 
213	29 
214	17 
215	17 
216	5 
217	31 
218	21 
219	34 
220	3 
221	10 
222	18 
223	3 
224	38 
225	24 
226	41 
227	14 
228	9 
229	20 
230	24 
231	34 
232	7 
233	26 
234	16 
235	4 
236	22 
237	11 
238	33 
239	12 
240	18 
241	41 
242	19 
243	37 
244	7 
245	37 
246	17 
247	32 
248	31 
249	29 
250	26 
251	33 
252	29 
253	7 
254	8 
255	20 
256	25 
257	29 
258	41 
259	2 
260	22 
261	10 
262	37 
263	30 
264	38 
265	23 
266	31 
267	25 
268	33 
269	14 
270	25 
271	30 
272	17 
273	6 
274	3 
275	30 
276	1 
277	10 
278	38 
279	38 
280	22 
281	29 
282	29 
283	12 
284	24 
285	11 
286	8 
287	18 
288	41 
289	25 
290	1 
291	11 
292	8 
293	41 
294	27 
295	11 
296	20 
297	22 
298	20 
299	13 
300	10 
301	31 
302	13 
303	15 
304	17 
305	6 
306	31 
307	27 
308	11 
309	35 
310	3 
311	35 
312	38 
313	26 
314	26 
315	12 
316	36 
317	21 
318	15 
319	27 
320	6 
321	20 
322	27 
323	21 
324	33 
325	5 
326	21 
327	34 
328	17 
329	20 
330	33 
331	36 
332	30 
333	19 
334	40 
335	12 
336	13 
337	28 
338	18 
339	25 
340	26 
341	29 
342	38 
343	20 
344	18 
345	38 
346	5 
347	30 
348	30 
349	37 
350	38 
351	23 
352	10 
353	13 
354	29 
355	4 
356	18 
357	31 
358	14 
359	8 
360	37 
361	35 
362	39 
363	34 
364	38 
365	23 
366	11 
367	40 
368	3 
369	26 
370	33 
371	1 
372	32 
373	12 
374	40 
375	33 
376	14 
377	24 
378	19 
379	35 
380	41 
381	5 
382	16 
383	4 
384	7 
385	18 
386	29 
387	14 
388	33 
389	2 
390	5 
391	6 
392	12 
393	40 
394	15 
395	24 
396	5 
397	10 
398	2 
399	21 
400	33 
401	31 
402	27 
403	14 
404	31 
405	15 
406	9 
407	2 
408	5 
409	5 
410	29 
411	36 
412	31 
413	11 
414	5 
415	28 
416	23 
417	13 
418	7 
419	6 
420	7 
421	10 
422	22 
423	18 
424	9 
425	15 
426	40 
427	32 
428	22 
429	21 
430	2 
431	15 
432	2 
433	25 
434	24 
435	21 
436	12 
437	25 
438	16 
439	7 
440	7 
441	23 
442	37 
443	23 
444	14 
445	28 
446	7 
447	30 
448	13 
449	40 
450	22 
451	11 
452	28 
453	1 
454	28 
455	15 
456	19 
457	26 
458	29 
459	38 
460	11 
461	6 
462	1 
463	15 
464	2 
465	20 
466	6 
467	13 
468	11 
469	26 
470	13 
471	21 
472	29 
473	29 
474	40 
475	38 
476	40 
477	29 
478	21 
479	38 
480	40 
481	16 
482	24 
483	31 
484	2 
485	39 
486	27 
487	6 
488	38 
489	11 
490	1 
491	12 
492	30 
493	12 
494	28 
495	29 
496	31 
497	20 
498	2 
499	4 
500	38 
501	36 
502	31 
503	12 
504	29 
505	35 
506	4 
507	13 
508	14 
509	9 
510	30 
511	39 
512	10 
513	8 
514	29 
515	23 
516	29 
517	7 
518	4 
519	37 
520	19 
521	8 
522	39 
523	24 
524	10 
525	19 
526	10 
527	8 
528	25 
529	6 
530	36 
531	7 
532	24 
533	24 
534	21 
535	32 
536	37 
537	1 
538	40 
539	9 
540	36 
541	28 
542	19 
543	24 
544	9 
545	12 
546	36 
547	28 
548	10 
549	8 
550	9 
551	19 
552	19 
553	15 
554	20 
555	13 
556	26 
557	30 
558	9 
559	31 
560	23 
561	8 
562	1 
563	19 
564	19 
565	37 
566	6 
567	4 
568	21 
569	11 
570	16 
571	32 
572	19 
573	7 
574	14 
575	25 
576	16 
577	15 
578	24 
579	7 
580	31 
581	1 
582	29 
583	29 
584	16 
585	6 
586	39 
587	35 
588	33 
589	33 
590	1 
591	29 
592	15 
593	6 
594	4 
595	15 
596	35 
597	9 
598	38 
599	23 
600	7 
601	26 
602	32 
603	35 
604	5 
605	10 
606	1 
607	20 
608	6 
609	39 
610	21 
611	39 
612	19 
613	9 
614	15 
615	38 
616	16 
617	2 
618	40 
619	35 
620	13 
621	7 
622	38 
623	37 
624	10 
625	15 
626	8 
627	32 
628	6 
629	5 
630	14 
631	35 
632	29 
633	20 
634	21 
635	12 
636	12 
637	23 
638	21 
639	39 
640	23 
641	40 
642	12 
643	33 
644	9 
645	13 
646	29 
647	14 
648	32 
649	4 
650	1 
651	25 
652	33 
653	32 
654	31 
655	6 
656	31 
657	26 
658	21 
659	26 
660	30 
661	38 
662	8 
663	19 
664	26 
665	2 
666	33 
667	12 
668	14 
669	37 
670	37 
671	4 
672	40 
673	40 
674	25 
675	13 
676	16 
677	12 
678	35 
679	40 
680	5 
681	29 
682	37 
683	38 
684	21 
685	31 
686	31 
687	25 
688	5 
689	13 
690	29 
691	39 
692	16 
693	40 
694	10 
695	33 
696	5 
697	14 
698	33 
699	25 
700	2 
701	1 
702	35 
703	13 
704	30 
705	39 
706	6 
707	26 
708	40 
709	31 
710	38 
711	4 
712	40 
713	12 
714	38 
715	7 
716	37 
717	19 
718	25 
719	10 
720	26 
721	39 
722	9 
723	21 
724	35 
725	35 
726	19 
727	11 
728	12 
729	11 
730	35 
731	4 
732	9 
733	26 
734	1 
735	30 
736	1 
737	20 
738	31 
739	14 
740	26 
741	26 
742	8 
743	1 
744	10 
745	16 
746	1 
747	9 
748	30 
749	30 
750	29 
751	30 
752	25 
753	8 
754	8 
755	4 
756	9 
757	25 
758	8 
759	4 
760	8 
761	25 
762	40 
763	7 
764	31 
765	16 
766	37 
767	9 
768	7 
769	38 
770	6 
771	14 
772	35 
773	29 
774	33 
775	4 
776	26 
777	35 
778	29 
779	16 
780	35 
781	38 
782	35 
783	16 
784	29 
785	40 
786	9 
787	37 
788	21 
789	14 
790	33 
791	21 
792	16 
793	25 
794	14 
795	11 
796	26 
797	20 
798	37 
799	14 
800	12 
801	1 
802	31 
803	20 
804	37 
805	11 
806	14 
807	11 
808	35 
809	20 
810	9 
811	37 
812	12 
813	9 
814	26 
815	20 
816	33 
817	1 
818	9 
819	12 
820	29 
821	38 
822	9 
823	16 
824	19 
825	30 
826	16 
827	38 
828	7 
829	7 
830	12 
831	37 
832	12 
833	31 
834	12 
835	1 
836	30 
837	20 
838	14 
839	16 
840	29 
841	1 
842	31 
843	14 
844	12 
845	35 
846	33 
847	16 
848	1 
849	7 
850	25 
851	7 
852	20 
853	12 
854	12 
855	35 
856	30 
857	37 
858	40 
859	12 
860	40 
861	33 
862	12 
863	14 
864	1 
865	1 
866	40 
867	20 
868	7 
869	37 
870	16 
871	16 
872	37 
873	19 
874	14 
875	11 
876	9 
877	29 
878	11 
879	31 
880	11 
881	33 
882	19 
883	16 
884	25 
885	37 
886	14 
887	14 
888	35 
889	35 
890	20 
891	12 
892	37 
893	19 
894	19 
895	25 
896	25 
897	1 
898	38 
899	37 
900	35 
901	19 
902	25 
903	30 
904	9 
905	14 
906	12 
907	29 
908	25 
909	9 
910	29 
911	20 
912	35 
913	38 
914	25 
915	12 
916	1 
917	25 
918	1 
919	31 
920	29 
921	14 
922	12 
923	35 
924	30 
925	35 
926	25 
927	31 
928	35 
929	25 
930	38 
931	25 
932	12 
933	12 
934	14 
935	30 
936	31 
937	25 
938	1 
939	30 
940	30 
941	35 
942	30 
943	14 
944	38 
945	37 
946	35 
947	30 
948	35 
949	31 
950	19 
951	30 
952	31 
953	35 
954	1 
955	1 
956	19 
957	35 
958	35 
959	38 
960	29 
961	19 
962	1 
963	19 
964	14 
965	35 
966	12 
967	37 
968	14 
969	12 
970	19 
971	14 
972	25 
973	25 
974	37 
975	37 
976	19 
977	14 
978	29 
979	38 
980	38 
981	25 
982	37 
983	25 
984	38 
985	25 
986	12 
987	1 
988	37 
989	12 
990	12 
991	1 
992	35 
993	19 
994	19 
995	1 
996	29 
997	19 
998	19 
999	29 
1000	12 
