1	9 
2	34 
3	11 
4	4 
5	14 
6	12 
7	3 
8	4 
9	13 
10	32 
11	8 
12	12 
13	25 
14	33 
15	22 
16	19 
17	13 
18	11 
19	2 
20	26 
21	23 
22	22 
23	19 
24	28 
25	10 
26	12 
27	24 
28	20 
29	28 
30	7 
31	2 
32	34 
33	34 
34	28 
35	28 
36	28 
37	32 
38	9 
39	6 
40	1 
41	5 
42	29 
43	15 
44	5 
45	29 
46	5 
47	14 
48	19 
49	11 
50	28 
51	23 
52	4 
53	4 
54	32 
55	18 
56	32 
57	20 
58	18 
59	30 
60	20 
61	33 
62	34 
63	33 
64	18 
65	15 
66	15 
67	34 
68	13 
69	10 
70	24 
71	32 
72	3 
73	12 
74	27 
75	20 
76	33 
77	30 
78	10 
79	14 
80	4 
81	15 
82	5 
83	26 
84	17 
85	9 
86	13 
87	21 
88	15 
89	4 
90	20 
91	28 
92	7 
93	13 
94	33 
95	12 
96	14 
97	20 
98	32 
99	14 
100	13 
101	24 
102	22 
103	7 
104	15 
105	15 
106	32 
107	11 
108	15 
109	34 
110	3 
111	33 
112	7 
113	24 
114	5 
115	11 
116	20 
117	14 
118	6 
119	22 
120	15 
121	7 
122	1 
123	15 
124	15 
125	34 
126	7 
127	10 
128	7 
129	28 
130	34 
131	34 
132	11 
133	32 
134	3 
135	23 
136	9 
137	23 
138	15 
139	30 
140	11 
141	20 
142	22 
143	32 
144	2 
145	4 
146	7 
147	7 
148	15 
149	13 
150	28 
151	31 
152	22 
153	3 
154	7 
155	3 
156	26 
157	1 
158	33 
159	31 
160	30 
161	2 
162	15 
163	26 
164	33 
165	34 
166	25 
167	3 
168	2 
169	1 
170	30 
171	13 
172	14 
173	4 
174	31 
175	20 
176	23 
177	6 
178	17 
179	21 
180	34 
181	25 
182	20 
183	9 
184	29 
185	3 
186	22 
187	34 
188	2 
189	34 
190	28 
191	24 
192	22 
193	29 
194	12 
195	14 
196	18 
197	11 
198	34 
199	10 
200	19 
201	31 
202	24 
203	7 
204	11 
205	11 
206	25 
207	7 
208	8 
209	23 
210	32 
211	31 
212	32 
213	25 
214	6 
215	25 
216	8 
217	32 
218	31 
219	32 
220	13 
221	4 
222	19 
223	15 
224	32 
225	5 
226	21 
227	4 
228	4 
229	4 
230	2 
231	5 
232	18 
233	32 
234	34 
235	33 
236	6 
237	22 
238	3 
239	26 
240	30 
241	10 
242	11 
243	14 
244	32 
245	2 
246	13 
247	7 
248	9 
249	7 
250	34 
251	26 
252	4 
253	13 
254	20 
255	26 
256	5 
257	17 
258	17 
259	14 
260	16 
261	8 
262	6 
263	13 
264	21 
265	26 
266	11 
267	16 
268	33 
269	18 
270	3 
271	27 
272	13 
273	33 
274	23 
275	15 
276	4 
277	13 
278	20 
279	5 
280	33 
281	31 
282	33 
283	30 
284	10 
285	7 
286	8 
287	23 
288	4 
289	12 
290	3 
291	2 
292	11 
293	4 
294	5 
295	11 
296	30 
297	20 
298	4 
299	29 
300	13 
301	15 
302	29 
303	23 
304	5 
305	22 
306	20 
307	26 
308	2 
309	12 
310	3 
311	32 
312	27 
313	5 
314	4 
315	25 
316	32 
317	21 
318	34 
319	2 
320	10 
321	28 
322	33 
323	7 
324	1 
325	13 
326	10 
327	28 
328	20 
329	20 
330	15 
331	23 
332	15 
333	23 
334	5 
335	10 
336	20 
337	17 
338	27 
339	10 
340	16 
341	18 
342	28 
343	2 
344	11 
345	15 
346	1 
347	29 
348	30 
349	34 
350	25 
351	9 
352	28 
353	21 
354	32 
355	7 
356	14 
357	6 
358	26 
359	15 
360	10 
361	3 
362	32 
363	20 
364	22 
365	3 
366	32 
367	3 
368	33 
369	26 
370	23 
371	33 
372	6 
373	3 
374	34 
375	34 
376	34 
377	13 
378	30 
379	24 
380	7 
381	14 
382	33 
383	22 
384	24 
385	22 
386	26 
387	22 
388	22 
389	27 
390	28 
391	22 
392	3 
393	34 
394	7 
395	22 
396	33 
397	15 
398	26 
399	28 
400	32 
401	12 
402	5 
403	9 
404	5 
405	28 
406	4 
407	5 
408	33 
409	20 
410	13 
411	11 
412	8 
413	29 
414	3 
415	8 
416	22 
417	31 
418	20 
419	11 
420	26 
421	28 
422	13 
423	30 
424	1 
425	2 
426	19 
427	25 
428	16 
429	17 
430	34 
431	20 
432	26 
433	2 
434	4 
435	15 
436	3 
437	22 
438	8 
439	22 
440	24 
441	20 
442	20 
443	31 
444	26 
445	26 
446	33 
447	3 
448	4 
449	16 
450	22 
451	9 
452	28 
453	33 
454	32 
455	22 
456	13 
457	21 
458	30 
459	33 
460	20 
461	7 
462	1 
463	31 
464	7 
465	19 
466	11 
467	33 
468	13 
469	18 
470	23 
471	22 
472	3 
473	13 
474	16 
475	30 
476	15 
477	28 
478	25 
479	22 
480	11 
481	15 
482	13 
483	20 
484	14 
485	15 
486	25 
487	3 
488	34 
489	13 
490	13 
491	33 
492	9 
493	34 
494	14 
495	33 
496	32 
497	7 
498	13 
499	13 
500	10 
501	8 
502	17 
503	1 
504	22 
505	15 
506	22 
507	8 
508	33 
509	10 
510	15 
511	12 
512	34 
513	22 
514	11 
515	20 
516	34 
517	3 
518	3 
519	18 
520	34 
521	22 
522	13 
523	28 
524	27 
525	2 
526	34 
527	25 
528	18 
529	21 
530	19 
531	26 
532	28 
533	22 
534	25 
535	11 
536	10 
537	11 
538	4 
539	13 
540	18 
541	11 
542	4 
543	34 
544	28 
545	28 
546	34 
547	11 
548	3 
549	34 
550	7 
551	3 
552	7 
553	32 
554	29 
555	21 
556	26 
557	4 
558	19 
559	3 
560	6 
561	1 
562	31 
563	2 
564	31 
565	14 
566	21 
567	23 
568	6 
569	25 
570	15 
571	3 
572	19 
573	32 
574	21 
575	20 
576	22 
577	29 
578	33 
579	26 
580	1 
581	8 
582	30 
583	10 
584	8 
585	1 
586	32 
587	10 
588	22 
589	32 
590	26 
591	33 
592	5 
593	6 
594	26 
595	27 
596	13 
597	21 
598	26 
599	28 
600	4 
601	34 
602	34 
603	26 
604	13 
605	11 
606	22 
607	4 
608	5 
609	7 
610	14 
611	31 
612	34 
613	23 
614	2 
615	19 
616	34 
617	2 
618	15 
619	7 
620	28 
621	25 
622	11 
623	30 
624	10 
625	13 
626	15 
627	12 
628	6 
629	19 
630	15 
631	11 
632	22 
633	30 
634	4 
635	1 
636	20 
637	32 
638	29 
639	32 
640	8 
641	2 
642	11 
643	14 
644	10 
645	15 
646	31 
647	31 
648	11 
649	21 
650	8 
651	11 
652	5 
653	20 
654	30 
655	28 
656	28 
657	15 
658	22 
659	21 
660	10 
661	2 
662	3 
663	2 
664	10 
665	18 
666	23 
667	7 
668	25 
669	33 
670	3 
671	14 
672	22 
673	33 
674	15 
675	28 
676	10 
677	28 
678	25 
679	10 
680	32 
681	30 
682	34 
683	31 
684	19 
685	29 
686	7 
687	21 
688	3 
689	11 
690	25 
691	1 
692	23 
693	30 
694	4 
695	5 
696	25 
697	31 
698	14 
699	15 
700	17 
701	19 
702	24 
703	20 
704	22 
705	34 
706	13 
707	5 
708	17 
709	4 
710	10 
711	2 
712	19 
713	6 
714	25 
715	23 
716	12 
717	10 
718	31 
719	4 
720	3 
721	23 
722	3 
723	15 
724	33 
725	19 
726	3 
727	3 
728	8 
729	8 
730	3 
731	21 
732	31 
733	20 
734	22 
735	24 
736	8 
737	9 
738	12 
739	27 
740	4 
741	19 
742	12 
743	15 
744	14 
745	33 
746	25 
747	30 
748	30 
749	10 
750	13 
751	3 
752	9 
753	26 
754	28 
755	24 
756	17 
757	21 
758	28 
759	18 
760	27 
761	11 
762	31 
763	19 
764	27 
765	14 
766	26 
767	13 
768	34 
769	24 
770	23 
771	10 
772	13 
773	13 
774	5 
775	17 
776	7 
777	19 
778	14 
779	1 
780	14 
781	31 
782	23 
783	15 
784	32 
785	30 
786	14 
787	30 
788	14 
789	3 
790	7 
791	34 
792	10 
793	4 
794	14 
795	22 
796	11 
797	16 
798	15 
799	11 
800	23 
801	30 
802	3 
803	24 
804	20 
805	16 
806	34 
807	2 
808	11 
809	11 
810	25 
811	21 
812	25 
813	5 
814	13 
815	21 
816	31 
817	7 
818	25 
819	2 
820	15 
821	34 
822	14 
823	6 
824	28 
825	2 
826	8 
827	31 
828	30 
829	9 
830	24 
831	33 
832	31 
833	4 
834	11 
835	20 
836	26 
837	3 
838	11 
839	34 
840	11 
841	13 
842	11 
843	4 
844	3 
845	25 
846	26 
847	10 
848	6 
849	14 
850	3 
851	20 
852	22 
853	22 
854	23 
855	4 
856	23 
857	13 
858	11 
859	18 
860	32 
861	22 
862	23 
863	13 
864	5 
865	10 
866	8 
867	19 
868	11 
869	22 
870	34 
871	24 
872	17 
873	5 
874	24 
875	31 
876	8 
877	30 
878	16 
879	13 
880	16 
881	13 
882	29 
883	22 
884	30 
885	16 
886	20 
887	33 
888	31 
889	33 
890	7 
891	28 
892	16 
893	22 
894	1 
895	23 
896	5 
897	22 
898	7 
899	3 
900	22 
901	17 
902	16 
903	13 
904	15 
905	15 
906	16 
907	4 
908	31 
909	8 
910	13 
911	23 
912	22 
913	21 
914	33 
915	34 
916	34 
917	1 
918	12 
919	28 
920	15 
921	1 
922	10 
923	4 
924	28 
925	32 
926	3 
927	11 
928	28 
929	20 
930	21 
931	32 
932	17 
933	8 
934	10 
935	11 
936	13 
937	4 
938	23 
939	21 
940	25 
941	24 
942	15 
943	34 
944	20 
945	11 
946	11 
947	25 
948	8 
949	4 
950	15 
951	29 
952	10 
953	29 
954	33 
955	15 
956	7 
957	34 
958	34 
959	14 
960	32 
961	4 
962	4 
963	25 
964	3 
965	10 
966	12 
967	8 
968	5 
969	14 
970	14 
971	14 
972	4 
973	13 
974	4 
975	32 
976	30 
977	23 
978	33 
979	34 
980	24 
981	7 
982	15 
983	13 
984	25 
985	1 
986	33 
987	30 
988	28 
989	15 
990	3 
991	28 
992	3 
993	21 
994	5 
995	5 
996	31 
997	3 
998	30 
999	3 
1000	21 
