1	1 
2	54 
3	16 
4	51 
5	49 
6	2 
7	76 
8	65 
9	37 
10	43 
11	34 
12	62 
13	21 
14	32 
15	61 
16	66 
17	76 
18	76 
19	78 
20	64 
21	38 
22	18 
23	48 
24	12 
25	48 
26	9 
27	37 
28	75 
29	49 
30	36 
31	55 
32	50 
33	26 
34	30 
35	9 
36	41 
37	30 
38	50 
39	19 
40	42 
41	67 
42	4 
43	61 
44	65 
45	73 
46	31 
47	72 
48	60 
49	55 
50	6 
51	20 
52	17 
53	38 
54	13 
55	17 
56	43 
57	54 
58	27 
59	9 
60	74 
61	14 
62	71 
63	69 
64	52 
65	62 
66	31 
67	24 
68	65 
69	11 
70	28 
71	46 
72	26 
73	4 
74	27 
75	40 
76	16 
77	66 
78	51 
79	65 
80	40 
81	25 
82	10 
83	1 
84	12 
85	46 
86	73 
87	65 
88	15 
89	7 
90	45 
91	54 
92	2 
93	59 
94	18 
95	73 
96	63 
97	22 
98	5 
99	35 
100	63 
101	5 
102	4 
103	57 
104	64 
105	47 
106	3 
107	68 
108	37 
109	38 
110	71 
111	34 
112	9 
113	70 
114	64 
115	1 
116	34 
117	48 
118	33 
119	69 
120	46 
121	3 
122	68 
123	47 
124	1 
125	72 
126	29 
127	22 
128	25 
129	33 
130	4 
131	33 
132	7 
133	6 
134	44 
135	22 
136	32 
137	53 
138	22 
139	35 
140	67 
141	24 
142	53 
143	24 
144	73 
145	72 
146	8 
147	46 
148	57 
149	41 
150	6 
151	64 
152	27 
153	30 
154	62 
155	24 
156	75 
157	2 
158	23 
159	34 
160	70 
161	22 
162	67 
163	2 
164	75 
165	28 
166	76 
167	2 
168	29 
169	10 
170	49 
171	68 
172	67 
173	10 
174	78 
175	55 
176	11 
177	58 
178	21 
179	54 
180	71 
181	66 
182	27 
183	53 
184	43 
185	15 
186	13 
187	56 
188	55 
189	72 
190	33 
191	26 
192	49 
193	13 
194	14 
195	25 
196	45 
197	28 
198	53 
199	28 
200	74 
201	58 
202	63 
203	4 
204	5 
205	39 
206	41 
207	41 
208	63 
209	49 
210	75 
211	51 
212	13 
213	72 
214	23 
215	2 
216	29 
217	64 
218	50 
219	54 
220	57 
221	23 
222	10 
223	69 
224	76 
225	25 
226	71 
227	7 
228	48 
229	3 
230	11 
231	23 
232	22 
233	73 
234	2 
235	59 
236	46 
237	68 
238	76 
239	57 
240	39 
241	59 
242	25 
243	77 
244	66 
245	5 
246	54 
247	54 
248	69 
249	41 
250	18 
251	21 
252	25 
253	11 
254	60 
255	56 
256	62 
257	26 
258	48 
259	43 
260	55 
261	39 
262	49 
263	56 
264	53 
265	70 
266	15 
267	56 
268	13 
269	33 
270	31 
271	24 
272	7 
273	77 
274	71 
275	7 
276	8 
277	60 
278	47 
279	45 
280	15 
281	59 
282	70 
283	7 
284	42 
285	13 
286	12 
287	55 
288	28 
289	33 
290	31 
291	37 
292	45 
293	30 
294	33 
295	34 
296	64 
297	15 
298	1 
299	36 
300	11 
301	49 
302	78 
303	21 
304	42 
305	67 
306	7 
307	46 
308	15 
309	59 
310	28 
311	18 
312	40 
313	18 
314	32 
315	10 
316	20 
317	13 
318	76 
319	77 
320	38 
321	32 
322	66 
323	17 
324	15 
325	30 
326	4 
327	54 
328	36 
329	55 
330	45 
331	78 
332	19 
333	62 
334	1 
335	26 
336	47 
337	37 
338	24 
339	74 
340	12 
341	45 
342	46 
343	16 
344	8 
345	61 
346	11 
347	41 
348	14 
349	29 
350	70 
351	3 
352	47 
353	51 
354	53 
355	26 
356	68 
357	42 
358	48 
359	8 
360	4 
361	60 
362	11 
363	6 
364	38 
365	49 
366	3 
367	30 
368	12 
369	56 
370	35 
371	24 
372	56 
373	28 
374	37 
375	26 
376	29 
377	78 
378	55 
379	55 
380	61 
381	21 
382	28 
383	45 
384	78 
385	27 
386	37 
387	70 
388	51 
389	19 
390	66 
391	57 
392	72 
393	78 
394	37 
395	27 
396	35 
397	4 
398	17 
399	3 
400	22 
401	16 
402	64 
403	16 
404	42 
405	61 
406	65 
407	8 
408	66 
409	40 
410	26 
411	34 
412	36 
413	61 
414	16 
415	59 
416	6 
417	70 
418	47 
419	12 
420	40 
421	72 
422	37 
423	11 
424	30 
425	16 
426	42 
427	61 
428	74 
429	69 
430	44 
431	34 
432	52 
433	13 
434	39 
435	24 
436	1 
437	6 
438	50 
439	66 
440	30 
441	46 
442	59 
443	23 
444	51 
445	34 
446	63 
447	72 
448	20 
449	43 
450	8 
451	65 
452	69 
453	41 
454	62 
455	22 
456	20 
457	76 
458	65 
459	5 
460	42 
461	56 
462	14 
463	68 
464	3 
465	39 
466	48 
467	68 
468	10 
469	41 
470	17 
471	45 
472	15 
473	73 
474	36 
475	8 
476	52 
477	6 
478	73 
479	47 
480	5 
481	41 
482	7 
483	39 
484	14 
485	24 
486	63 
487	68 
488	59 
489	68 
490	16 
491	18 
492	47 
493	24 
494	21 
495	53 
496	27 
497	64 
498	5 
499	36 
500	60 
501	57 
502	1 
503	50 
504	31 
505	22 
506	38 
507	34 
508	69 
509	22 
510	42 
511	36 
512	13 
513	47 
514	46 
515	23 
516	60 
517	39 
518	14 
519	67 
520	52 
521	71 
522	20 
523	32 
524	66 
525	39 
526	77 
527	8 
528	12 
529	73 
530	12 
531	14 
532	47 
533	8 
534	39 
535	4 
536	50 
537	23 
538	9 
539	7 
540	41 
541	39 
542	69 
543	74 
544	3 
545	59 
546	17 
547	52 
548	1 
549	53 
550	71 
551	21 
552	57 
553	38 
554	10 
555	48 
556	69 
557	68 
558	77 
559	38 
560	16 
561	69 
562	33 
563	78 
564	63 
565	25 
566	63 
567	18 
568	31 
569	40 
570	61 
571	51 
572	35 
573	65 
574	60 
575	6 
576	58 
577	57 
578	50 
579	48 
580	72 
581	46 
582	45 
583	53 
584	24 
585	51 
586	51 
587	3 
588	4 
589	57 
590	33 
591	77 
592	27 
593	6 
594	72 
595	71 
596	53 
597	3 
598	36 
599	18 
600	9 
601	62 
602	48 
603	75 
604	37 
605	52 
606	43 
607	61 
608	60 
609	25 
610	51 
611	60 
612	71 
613	69 
614	50 
615	33 
616	14 
617	31 
618	37 
619	42 
620	63 
621	54 
622	43 
623	31 
624	56 
625	22 
626	75 
627	20 
628	18 
629	8 
630	54 
631	35 
632	29 
633	35 
634	6 
635	5 
636	12 
637	58 
638	74 
639	71 
640	70 
641	50 
642	63 
643	61 
644	61 
645	5 
646	52 
647	27 
648	5 
649	57 
650	31 
651	65 
652	36 
653	9 
654	43 
655	31 
656	8 
657	12 
658	17 
659	62 
660	13 
661	12 
662	42 
663	27 
664	43 
665	17 
666	47 
667	43 
668	54 
669	60 
670	21 
671	21 
672	14 
673	78 
674	35 
675	19 
676	43 
677	14 
678	34 
679	45 
680	5 
681	17 
682	45 
683	76 
684	73 
685	62 
686	72 
687	73 
688	65 
689	68 
690	14 
691	10 
692	58 
693	29 
694	68 
695	77 
696	76 
697	18 
698	38 
699	21 
700	29 
701	51 
702	74 
703	76 
704	20 
705	78 
706	33 
707	36 
708	70 
709	34 
710	52 
711	50 
712	18 
713	6 
714	22 
715	73 
716	18 
717	56 
718	36 
719	17 
720	20 
721	52 
722	38 
723	56 
724	74 
725	51 
726	74 
727	27 
728	48 
729	21 
730	47 
731	53 
732	17 
733	32 
734	23 
735	50 
736	78 
737	48 
738	60 
739	67 
740	52 
741	31 
742	19 
743	76 
744	3 
745	77 
746	62 
747	70 
748	52 
749	10 
750	60 
751	35 
752	56 
753	37 
754	72 
755	54 
756	17 
757	34 
758	62 
759	18 
760	40 
761	67 
762	32 
763	32 
764	20 
765	35 
766	51 
767	68 
768	63 
769	32 
770	10 
771	37 
772	12 
773	17 
774	45 
775	44 
776	9 
777	76 
778	74 
779	29 
780	31 
781	3 
782	56 
783	50 
784	20 
785	60 
786	52 
787	75 
788	25 
789	8 
790	20 
791	23 
792	73 
793	38 
794	21 
795	63 
796	77 
797	52 
798	77 
799	73 
800	70 
801	62 
802	62 
803	44 
804	27 
805	75 
806	74 
807	38 
808	38 
809	63 
810	34 
811	32 
812	40 
813	74 
814	70 
815	54 
816	20 
817	36 
818	10 
819	23 
820	67 
821	20 
822	51 
823	25 
824	10 
825	25 
826	40 
827	20 
828	67 
829	10 
830	77 
831	31 
832	21 
833	54 
834	73 
835	23 
836	32 
837	27 
838	35 
839	36 
840	36 
841	74 
842	23 
843	9 
844	73 
845	23 
846	60 
847	20 
848	70 
849	9 
850	32 
851	3 
852	3 
853	23 
854	29 
855	77 
856	77 
857	19 
858	29 
859	29 
860	62 
861	19 
862	75 
863	67 
864	40 
865	9 
866	29 
867	58 
868	32 
869	23 
870	32 
871	75 
872	36 
873	40 
874	20 
875	23 
876	70 
877	25 
878	35 
879	40 
880	32 
881	70 
882	77 
883	9 
884	27 
885	9 
886	9 
887	35 
888	58 
889	58 
890	67 
891	40 
892	74 
893	35 
894	35 
895	74 
896	3 
897	58 
898	40 
899	38 
900	9 
901	77 
902	44 
903	29 
904	38 
905	73 
906	3 
907	44 
908	35 
909	40 
910	32 
911	60 
912	60 
913	19 
914	74 
915	51 
916	44 
917	67 
918	70 
919	35 
920	29 
921	27 
922	74 
923	29 
924	40 
925	38 
926	29 
927	27 
928	74 
929	38 
930	3 
931	20 
932	58 
933	32 
934	40 
935	25 
936	67 
937	20 
938	25 
939	51 
940	60 
941	58 
942	25 
943	27 
944	67 
945	25 
946	25 
947	58 
948	35 
949	44 
950	75 
951	51 
952	27 
953	67 
954	44 
955	67 
956	44 
957	75 
958	60 
959	67 
960	25 
961	75 
962	44 
963	44 
964	19 
965	19 
966	19 
967	75 
968	44 
969	75 
970	19 
971	75 
972	51 
973	44 
974	19 
975	44 
976	75 
977	44 
978	51 
979	19 
980	58 
981	58 
982	19 
983	19 
984	19 
985	19 
986	58 
987	44 
988	58 
989	58 
990	75 
991	75 
992	44 
993	19 
994	58 
995	58 
996	19 
997	44 
998	75 
999	44 
1000	58 
