1	557
1	628
1	808
1	830
1	855
1	858
2	502
2	585
2	648
2	684
2	688
2	703
3	47
3	163
3	191
3	432
3	598
3	950
4	23
4	106
4	238
4	257
4	329
4	460
5	65
5	161
5	425
5	630
5	638
5	732
6	434
6	617
6	835
6	845
6	890
6	892
7	66
7	99
7	153
7	240
7	362
7	576
8	30
8	187
8	595
8	724
8	729
8	797
9	409
9	590
9	622
9	669
9	731
9	736
10	759
10	801
10	866
10	870
10	883
10	885
11	586
11	663
11	691
11	713
11	746
11	750
12	251
12	286
12	289
12	301
12	353
12	392
13	200
13	297
13	375
13	389
13	523
13	849
14	18
14	37
14	250
14	319
14	335
14	475
15	103
15	182
15	207
15	236
15	421
15	424
16	209
16	446
16	517
16	606
16	634
16	659
17	802
17	889
17	950
17	963
17	984
17	986
18	14
18	37
18	90
18	117
18	250
18	475
19	671
19	719
19	728
19	735
19	749
19	782
20	96
20	202
20	212
20	227
20	283
20	430
21	457
21	588
21	610
21	685
21	695
21	806
22	183
22	258
22	604
22	646
22	674
22	675
23	4
23	106
23	119
23	238
23	257
23	460
24	743
24	816
24	835
24	845
24	890
24	892
25	48
25	178
25	270
25	288
25	295
25	443
26	595
26	681
26	724
26	729
26	738
26	797
27	39
27	136
27	366
27	388
27	483
27	548
28	63
28	234
28	391
28	396
28	436
28	556
29	80
29	253
29	463
29	484
29	613
29	627
30	8
30	681
30	724
30	729
30	738
30	797
31	35
31	147
31	245
31	465
31	513
31	573
32	346
32	711
32	808
32	830
32	855
32	858
33	110
33	298
33	441
33	515
33	547
33	717
34	437
34	473
34	642
34	744
34	774
34	957
35	31
35	162
35	245
35	465
35	513
35	573
36	386
36	493
36	543
36	546
36	608
36	619
37	14
37	18
37	117
37	250
37	319
37	475
38	75
38	210
38	221
38	313
38	336
38	404
39	27
39	203
39	214
39	483
39	548
39	982
40	525
40	690
40	710
40	737
40	745
40	762
41	136
41	203
41	214
41	366
41	388
41	483
42	553
42	560
42	623
42	636
42	689
42	961
43	246
43	418
43	554
43	683
43	727
43	790
44	159
44	271
44	331
44	371
44	527
44	930
45	80
45	311
45	316
45	317
45	613
45	627
46	539
46	854
46	980
46	990
46	993
46	997
47	3
47	163
47	211
47	368
47	370
47	598
48	25
48	178
48	228
48	270
48	288
48	443
49	229
49	572
49	585
49	684
49	688
49	703
50	390
50	592
50	645
50	693
50	780
50	799
51	906
51	923
51	926
51	940
51	942
51	944
52	445
52	514
52	554
52	683
52	727
52	790
53	81
53	126
53	232
53	256
53	274
53	277
54	516
54	714
54	778
54	825
54	840
54	841
55	637
55	671
55	719
55	721
55	735
55	782
56	595
56	681
56	724
56	729
56	738
56	797
57	222
57	410
57	414
57	422
57	426
57	485
58	82
58	171
58	271
58	371
58	527
58	800
59	97
59	118
59	132
59	400
59	456
59	537
60	656
60	900
60	933
60	958
60	964
60	977
61	91
61	152
61	496
61	670
61	676
61	990
62	260
62	339
62	354
62	429
62	449
62	469
63	28
63	78
63	391
63	524
63	556
63	962
64	108
64	464
64	629
64	639
64	694
64	698
65	5
65	384
65	425
65	630
65	638
65	973
66	7
66	153
66	305
66	320
66	362
66	576
67	474
67	588
67	610
67	643
67	685
67	695
68	394
68	431
68	444
68	479
68	533
68	634
69	813
69	842
69	847
69	848
69	850
69	898
70	584
70	696
70	764
70	812
70	833
70	975
71	535
71	553
71	560
71	623
71	636
71	689
72	146
72	182
72	207
72	236
72	421
72	718
73	324
73	345
73	431
73	479
73	533
73	634
74	743
74	816
74	835
74	845
74	890
74	892
75	38
75	210
75	266
75	313
75	404
75	862
76	572
76	620
76	663
76	713
76	746
76	750
77	605
77	673
77	690
77	710
77	737
77	762
78	63
78	340
78	391
78	396
78	436
78	524
79	373
79	624
79	679
79	730
79	756
79	792
80	29
80	45
80	172
80	316
80	613
80	627
81	53
81	232
81	256
81	277
81	337
81	964
82	58
82	171
82	271
82	331
82	371
82	527
83	104
83	105
83	148
83	150
83	336
83	403
84	93
84	278
84	279
84	296
84	463
84	776
85	147
85	162
85	245
85	465
85	513
85	573
86	852
86	865
86	867
86	880
86	895
86	900
87	395
87	458
87	661
87	662
87	680
87	720
88	778
88	908
88	912
88	919
88	932
88	953
89	363
89	482
89	655
89	715
89	776
89	787
90	18
90	250
90	319
90	335
90	475
90	821
91	61
91	496
91	545
91	565
91	670
91	676
92	681
92	724
92	729
92	738
92	797
92	989
93	84
93	278
93	279
93	296
93	326
93	463
94	179
94	321
94	428
94	494
94	566
94	957
95	103
95	146
95	207
95	236
95	421
95	424
96	20
96	202
96	212
96	283
96	285
96	430
97	59
97	118
97	132
97	140
97	456
97	537
98	220
98	620
98	663
98	691
98	713
98	750
99	7
99	153
99	240
99	320
99	362
99	576
100	251
100	286
100	289
100	301
100	353
100	392
101	104
101	105
101	148
101	336
101	403
101	434
102	209
102	498
102	517
102	594
102	606
102	659
103	15
103	95
103	146
103	182
103	207
103	424
104	83
104	101
104	150
104	336
104	341
104	403
105	83
105	101
105	148
105	150
105	336
105	403
106	4
106	23
106	119
106	257
106	329
106	460
107	113
107	215
107	302
107	315
107	349
107	495
108	64
108	464
108	531
108	599
108	639
108	694
109	294
109	496
109	538
109	545
109	670
109	676
110	33
110	801
110	866
110	870
110	883
110	885
111	672
111	767
111	838
111	862
111	863
111	873
112	291
112	589
112	647
112	648
112	752
112	777
113	107
113	204
113	215
113	302
113	315
113	495
114	889
114	956
114	963
114	968
114	984
114	986
115	462
115	559
115	604
115	646
115	674
115	675
116	186
116	243
116	490
116	549
116	600
116	621
117	18
117	37
117	250
117	319
117	335
117	475
118	59
118	97
118	145
118	400
118	456
118	537
119	23
119	106
119	238
119	257
119	329
119	460
120	290
120	631
120	733
120	761
120	770
120	817
121	364
121	405
121	521
121	754
121	791
121	794
122	174
122	193
122	379
122	383
122	574
122	652
123	224
123	474
123	499
123	610
123	685
123	695
124	167
124	262
124	384
124	630
124	638
124	907
125	525
125	710
125	737
125	745
125	762
125	863
126	53
126	232
126	274
126	277
126	337
126	854
127	226
127	242
127	402
127	522
127	562
127	602
128	178
128	228
128	270
128	288
128	292
128	443
129	275
129	373
129	679
129	730
129	756
129	792
130	139
130	231
130	299
130	314
130	338
130	382
131	312
131	321
131	453
131	494
131	566
131	763
132	59
132	97
132	145
132	400
132	456
132	537
133	242
133	402
133	499
133	522
133	609
133	611
134	459
134	589
134	647
134	678
134	752
134	777
135	586
135	691
135	713
135	746
135	750
135	965
136	27
136	41
136	203
136	366
136	483
136	548
137	235
137	354
137	410
137	422
137	426
137	485
138	550
138	667
138	726
138	775
138	788
138	798
139	130
139	241
139	299
139	306
139	382
139	910
140	97
140	145
140	400
140	456
140	537
140	608
141	390
141	509
141	567
141	693
141	780
141	799
142	195
142	378
142	450
142	597
142	744
142	774
143	380
143	647
143	648
143	678
143	752
143	777
144	217
144	407
144	438
144	649
144	791
144	794
145	118
145	132
145	140
145	400
145	456
145	537
146	72
146	95
146	103
146	207
146	421
146	424
147	31
147	85
147	162
147	465
147	513
147	573
148	83
148	101
148	105
148	150
148	336
148	403
149	268
149	418
149	514
149	593
149	727
149	790
150	83
150	104
150	105
150	148
150	403
151	489
151	765
151	810
151	814
151	827
151	876
152	61
152	545
152	565
152	604
152	670
152	676
153	7
153	66
153	99
153	305
153	320
153	362
154	673
154	690
154	710
154	737
154	745
154	762
155	252
155	258
155	260
155	429
155	449
155	469
156	210
156	221
156	266
156	313
156	404
156	689
157	605
157	673
157	690
157	737
157	745
157	762
158	666
158	668
158	764
158	789
158	793
158	833
159	44
159	171
159	271
159	331
159	371
159	527
160	816
160	822
160	835
160	845
160	890
160	892
161	5
161	262
161	384
161	425
161	630
161	638
162	35
162	85
162	147
162	245
162	513
162	573
163	3
163	47
163	368
163	370
163	432
163	598
164	191
164	211
164	368
164	370
164	432
164	598
165	884
165	930
165	946
165	948
165	970
165	975
166	323
166	379
166	383
166	415
166	574
166	677
167	124
167	262
167	384
167	425
167	630
167	638
168	269
168	395
168	661
168	662
168	680
168	720
169	919
169	924
169	928
169	932
169	941
169	953
170	355
170	442
170	503
170	506
170	577
170	591
171	58
171	82
171	159
171	331
171	371
171	527
172	80
172	316
172	317
172	484
172	613
172	627
173	219
173	473
173	597
173	642
173	744
173	774
174	122
174	323
174	383
174	415
174	574
174	861
175	516
175	580
175	714
175	825
175	840
175	841
176	333
176	380
176	647
176	678
176	752
176	777
177	248
177	560
177	623
177	636
177	689
177	733
178	25
178	48
178	128
178	228
178	292
178	443
179	94
179	312
179	428
179	453
179	494
179	566
180	530
180	675
180	778
180	825
180	840
180	841
181	580
181	714
181	778
181	825
181	840
181	841
182	15
182	72
182	103
182	236
182	421
182	424
183	22
183	462
183	559
183	646
183	674
183	675
184	740
184	886
184	918
184	925
184	935
184	967
185	408
185	978
185	985
185	989
185	992
185	996
186	116
186	243
186	347
186	399
186	423
186	569
187	8
187	681
187	724
187	729
187	738
187	797
188	666
188	764
188	789
188	793
188	812
188	833
189	493
189	543
189	546
189	608
189	619
189	987
190	625
190	652
190	664
190	682
190	687
190	725
191	3
191	164
191	292
191	370
191	432
191	598
192	278
192	279
192	296
192	326
192	463
192	799
193	122
193	323
193	379
193	383
193	415
193	574
194	477
194	583
194	603
194	618
194	706
194	739
195	142
195	437
195	597
195	642
195	744
195	754
195	774
196	248
196	287
196	553
196	560
196	623
196	636
196	689
197	551
197	651
197	655
197	715
197	740
197	776
197	787
198	908
198	909
198	920
198	924
198	932
198	941
198	953
199	532
199	699
199	748
199	806
199	838
199	863
199	873
200	13
200	297
200	308
200	310
200	375
200	389
200	523
201	464
201	531
201	599
201	629
201	639
201	694
201	698
202	20
202	96
202	212
202	227
202	283
202	285
202	430
203	39
203	41
203	136
203	366
203	388
203	483
203	548
204	113
204	215
204	261
204	302
204	315
204	349
204	495
205	322
205	399
205	423
205	490
205	549
205	569
205	621
206	666
206	696
206	764
206	789
206	793
206	812
206	833
207	15
207	72
207	95
207	103
207	146
207	421
207	424
208	330
208	357
208	408
208	477
208	583
208	706
208	739
209	16
209	102
209	446
209	498
209	594
209	606
209	659
210	38
210	75
210	156
210	221
210	266
210	313
210	404
211	47
211	164
211	368
211	390
211	432
211	598
211	873
212	20
212	96
212	202
212	227
212	283
212	285
212	430
213	931
213	933
213	936
213	937
213	958
213	964
213	977
214	39
214	41
214	366
214	388
214	483
214	548
214	587
215	107
215	113
215	204
215	261
215	302
215	349
215	495
216	376
216	502
216	572
216	585
216	684
216	688
216	703
217	144
217	405
217	521
217	649
217	754
217	791
217	794
218	280
218	462
218	559
218	604
218	646
218	674
218	675
219	173
219	437
219	450
219	473
219	642
219	744
219	774
220	98
220	586
220	620
220	691
220	713
220	746
220	750
221	38
221	156
221	210
221	266
221	313
221	404
221	660
222	57
222	235
222	240
222	354
222	414
222	422
222	485
223	697
223	819
223	852
223	865
223	867
223	880
223	895
224	123
224	332
224	457
224	474
224	588
224	685
224	695
225	365
225	504
225	590
225	622
225	669
225	731
225	736
226	127
226	242
226	522
226	562
226	602
226	609
226	611
227	20
227	202
227	212
227	283
227	285
227	430
227	949
228	48
228	128
228	178
228	270
228	288
228	292
228	443
229	49
229	376
229	502
229	585
229	684
229	688
229	703
230	338
230	352
230	508
230	596
230	658
230	722
230	747
231	130
231	241
231	299
231	306
231	314
231	338
231	382
232	53
232	81
232	126
232	256
232	274
232	277
232	337
233	356
233	395
233	410
233	661
233	662
233	680
233	720
234	28
234	340
234	396
234	436
234	524
234	556
234	762
235	137
235	222
235	410
235	414
235	426
235	485
235	807
236	15
236	72
236	95
236	182
236	421
236	424
236	970
237	672
237	699
237	767
237	838
237	862
237	863
237	873
238	4
238	23
238	119
238	257
238	329
238	460
238	801
239	688
239	719
239	721
239	728
239	735
239	749
239	782
240	7
240	99
240	222
240	305
240	320
240	362
240	576
241	139
241	231
241	299
241	306
241	314
241	338
241	382
242	127
242	133
242	226
242	562
242	602
242	609
242	611
243	116
243	186
243	399
243	423
243	490
243	549
243	621
244	766
244	826
244	839
244	842
244	847
244	861
244	898
245	31
245	35
245	85
245	162
245	465
245	513
245	573
246	43
246	445
246	554
246	593
246	683
246	727
246	790
247	355
247	442
247	491
247	503
247	506
247	540
247	591
248	177
248	196
248	287
248	553
248	560
248	623
248	689
249	550
249	555
249	601
249	650
249	775
249	788
249	798
250	14
250	18
250	37
250	90
250	117
250	335
250	475
251	12
251	100
251	286
251	289
251	301
251	353
251	392
252	155
252	258
252	339
252	429
252	449
252	469
252	614
253	29
253	311
253	316
253	317
253	484
253	613
253	627
254	673
254	899
254	907
254	926
254	940
254	942
254	944
255	358
255	508
255	519
255	596
255	658
255	722
255	747
256	53
256	81
256	232
256	274
256	277
256	337
256	986
257	4
257	23
257	106
257	119
257	238
257	329
257	460
258	22
258	155
258	252
258	339
258	429
258	449
258	469
259	961
259	969
259	974
259	981
259	982
259	999
259	1000
260	62
260	155
260	339
260	429
260	449
260	469
260	616
261	204
261	215
261	302
261	315
261	349
261	486
261	495
262	124
262	161
262	167
262	384
262	425
262	630
262	638
263	386
263	461
263	493
263	543
263	546
263	608
263	619
264	297
264	308
264	310
264	375
264	389
264	523
264	945
265	361
265	385
265	454
265	476
265	511
265	526
265	687
266	75
266	156
266	210
266	221
266	313
266	404
266	668
267	781
267	930
267	946
267	948
267	970
267	975
267	993
268	149
268	418
268	445
268	514
268	683
268	727
268	790
269	168
269	291
269	356
269	458
269	661
269	662
269	720
270	25
270	48
270	128
270	228
270	288
270	292
270	443
271	44
271	58
271	82
271	159
271	331
271	371
271	527
272	541
272	645
272	716
272	771
272	810
272	831
272	876
273	464
273	531
273	599
273	629
273	639
273	694
273	698
274	53
274	126
274	232
274	256
274	277
274	337
274	667
275	129
275	369
275	377
275	615
275	624
275	756
275	792
276	398
276	477
276	583
276	603
276	618
276	706
276	739
277	53
277	81
277	126
277	232
277	256
277	274
277	337
278	84
278	93
278	192
278	279
278	296
278	326
278	463
279	84
279	93
279	192
279	278
279	296
279	326
279	463
280	218
280	559
280	604
280	646
280	653
280	674
280	675
281	531
281	599
281	629
281	639
281	694
281	698
281	771
282	763
282	801
282	821
282	866
282	870
282	883
282	885
283	20
283	96
283	202
283	212
283	227
283	285
283	430
284	455
284	488
284	743
284	816
284	835
284	890
284	892
285	96
285	202
285	212
285	227
285	283
285	430
285	882
286	12
286	100
286	251
286	289
286	301
286	353
286	392
287	196
287	248
287	511
287	553
287	623
287	636
287	689
288	25
288	48
288	128
288	228
288	270
288	292
288	443
289	12
289	100
289	251
289	286
289	301
289	353
289	392
290	120
290	568
290	626
290	653
290	761
290	770
290	817
291	112
291	269
291	458
291	661
291	662
291	680
291	720
292	128
292	178
292	191
292	228
292	270
292	288
292	443
293	753
293	759
293	763
293	821
293	866
293	883
293	885
294	109
294	496
294	538
294	545
294	565
294	670
294	676
295	25
295	411
295	501
295	512
295	528
295	544
295	643
296	84
296	93
296	192
296	278
296	279
296	326
296	463
297	13
297	200
297	264
297	310
297	375
297	389
297	523
298	33
298	419
298	547
298	561
298	570
298	638
298	717
299	130
299	139
299	231
299	241
299	306
299	314
299	382
300	494
300	497
300	714
300	778
300	825
300	840
300	841
301	12
301	100
301	251
301	286
301	289
301	353
301	392
302	107
302	113
302	204
302	215
302	261
302	315
302	495
303	304
303	504
303	590
303	622
303	669
303	731
303	736
304	303
304	365
304	504
304	590
304	669
304	731
304	736
305	66
305	153
305	240
305	320
305	362
305	576
305	633
306	139
306	231
306	241
306	299
306	314
306	338
306	382
307	809
307	826
307	828
307	847
307	848
307	850
307	898
308	200
308	264
308	310
308	375
308	389
308	523
308	728
309	361
309	385
309	454
309	476
309	511
309	526
309	755
310	200
310	264
310	297
310	308
310	375
310	389
310	523
311	45
311	253
311	316
311	317
311	484
311	613
311	627
312	131
312	179
312	321
312	428
312	453
312	494
312	566
313	38
313	75
313	156
313	210
313	221
313	266
313	404
314	130
314	231
314	241
314	299
314	306
314	338
314	382
315	107
315	113
315	204
315	261
315	302
315	349
315	495
316	45
316	80
316	172
316	253
316	311
316	484
316	613
317	45
317	172
317	253
317	311
317	484
317	613
317	627
318	900
318	931
318	936
318	937
318	958
318	964
318	977
319	14
319	37
319	90
319	117
319	335
319	475
319	785
320	66
320	99
320	153
320	240
320	305
320	362
320	576
321	94
321	131
321	312
321	428
321	453
321	494
321	566
322	205
322	361
322	385
322	454
322	476
322	511
322	526
323	166
323	174
323	193
323	379
323	383
323	415
323	574
324	73
324	394
324	431
324	444
324	479
324	533
324	634
325	401
325	419
325	515
325	547
325	561
325	570
325	717
326	93
326	192
326	278
326	279
326	296
326	463
326	956
327	914
327	961
327	974
327	981
327	982
327	999
327	1000
328	696
328	764
328	789
328	793
328	812
328	833
328	857
329	4
329	106
329	119
329	238
329	257
329	460
329	997
330	208
330	357
330	398
330	583
330	603
330	706
330	739
331	44
331	82
331	159
331	171
331	271
331	371
331	527
332	224
332	474
332	499
332	588
332	610
332	685
332	695
333	176
333	459
333	589
333	648
333	678
333	752
333	777
334	897
334	913
334	918
334	925
334	935
334	945
334	967
335	14
335	90
335	117
335	250
335	319
335	475
335	999
336	38
336	83
336	101
336	104
336	105
336	148
336	403
337	81
337	126
337	232
337	256
337	274
337	277
337	574
338	130
338	230
338	231
338	241
338	306
338	314
338	382
339	62
339	252
339	258
339	260
339	429
339	449
339	518
340	78
340	234
340	396
340	436
340	524
340	556
340	903
341	104
341	402
341	522
341	562
341	602
341	609
341	611
342	455
342	498
342	517
342	594
342	606
342	659
342	680
343	411
343	470
343	472
343	512
343	528
343	544
343	643
344	666
344	668
344	764
344	789
344	793
344	812
344	833
345	73
345	394
345	431
345	444
345	479
345	533
345	634
346	32
346	711
346	772
346	808
346	830
346	855
346	858
347	186
347	399
347	423
347	490
347	549
347	569
347	621
348	595
348	681
348	724
348	729
348	738
348	758
348	797
349	107
349	204
349	215
349	261
349	315
349	461
349	495
350	381
350	413
350	631
350	684
350	733
350	761
350	770
350	817
351	541
351	563
351	716
351	765
351	771
351	827
351	831
351	876
352	230
352	358
352	406
352	564
352	596
352	722
352	747
352	1000
353	12
353	100
353	251
353	286
353	289
353	301
353	392
353	716
354	62
354	137
354	222
354	410
354	414
354	422
354	426
354	485
355	170
355	247
355	442
355	491
355	503
355	540
355	577
355	591
356	233
356	269
356	395
356	458
356	661
356	662
356	680
356	720
357	208
357	330
357	398
357	408
357	603
357	618
357	706
357	739
358	255
358	352
358	519
358	564
358	596
358	658
358	722
358	747
359	779
359	804
359	884
359	930
359	946
359	948
359	970
359	975
360	753
360	763
360	801
360	821
360	866
360	870
360	883
360	885
361	265
361	309
361	322
361	385
361	454
361	476
361	511
361	526
362	7
362	66
362	99
362	153
362	240
362	305
362	320
362	576
363	89
363	374
363	581
363	651
363	715
363	740
363	776
363	787
364	121
364	438
364	521
364	579
364	649
364	754
364	791
364	794
365	225
365	304
365	409
365	622
365	646
365	669
365	731
365	736
366	27
366	41
366	136
366	203
366	214
366	388
366	483
366	548
367	492
367	587
367	601
367	650
367	775
367	788
367	798
367	810
368	47
368	163
368	164
368	211
368	370
368	432
368	598
368	611
369	275
369	552
369	615
369	624
369	679
369	730
369	756
369	792
370	47
370	163
370	164
370	191
370	368
370	432
370	598
370	943
371	44
371	58
371	82
371	159
371	171
371	271
371	331
371	527
372	536
372	625
372	635
372	641
372	652
372	664
372	682
372	725
373	79
373	129
373	552
373	615
373	679
373	730
373	756
373	792
374	363
374	551
374	651
374	655
374	715
374	740
374	776
374	787
375	13
375	200
375	264
375	297
375	308
375	310
375	389
375	523
376	216
376	229
376	502
376	572
376	585
376	684
376	688
376	703
377	275
377	552
377	615
377	624
377	679
377	730
377	756
377	792
378	142
378	437
378	450
378	473
378	597
378	642
378	744
378	774
379	122
379	166
379	193
379	323
379	383
379	415
379	574
379	584
380	143
380	176
380	589
380	647
380	648
380	678
380	752
380	777
381	350
381	568
381	621
381	653
381	733
381	761
381	770
381	817
382	130
382	139
382	231
382	241
382	299
382	306
382	314
382	338
383	122
383	166
383	174
383	193
383	323
383	379
383	415
383	574
384	65
384	124
384	161
384	167
384	262
384	425
384	630
384	638
385	265
385	309
385	322
385	361
385	454
385	476
385	511
385	526
386	36
386	263
386	461
386	493
386	543
386	546
386	608
386	619
387	755
387	874
387	879
387	887
387	888
387	911
387	915
387	927
388	27
388	41
388	203
388	214
388	366
388	433
388	483
388	548
389	13
389	200
389	264
389	297
389	308
389	310
389	375
389	523
390	50
390	141
390	211
390	509
390	578
390	702
390	780
390	799
391	28
391	63
391	78
391	396
391	428
391	436
391	524
391	556
392	12
392	100
392	251
392	286
392	289
392	301
392	353
392	745
393	487
393	753
393	759
393	821
393	866
393	870
393	883
393	885
394	68
394	324
394	345
394	444
394	479
394	533
394	589
394	634
395	87
395	168
395	233
395	356
395	661
395	662
395	680
395	720
396	28
396	78
396	234
396	340
396	391
396	436
396	524
396	556
397	741
397	826
397	839
397	842
397	848
397	850
397	861
397	898
398	276
398	330
398	357
398	603
398	618
398	706
398	739
398	931
399	186
399	205
399	243
399	347
399	490
399	549
399	569
399	621
400	59
400	118
400	132
400	140
400	145
400	456
400	537
400	902
401	325
401	441
401	486
401	547
401	561
401	570
401	578
401	717
402	127
402	133
402	341
402	522
402	562
402	602
402	609
402	611
403	83
403	101
403	104
403	105
403	148
403	150
403	336
403	627
404	38
404	75
404	156
404	210
404	221
404	266
404	313
404	884
405	121
405	217
405	407
405	521
405	649
405	754
405	791
405	794
406	352
406	495
406	508
406	519
406	564
406	658
406	722
406	747
407	144
407	405
407	438
407	649
407	754
407	791
407	794
407	890
408	185
408	208
408	357
408	477
408	583
408	603
408	618
408	706
409	9
409	365
409	504
409	590
409	622
409	669
409	731
409	736
410	57
410	137
410	233
410	235
410	354
410	422
410	426
410	485
411	295
411	343
411	472
411	501
411	512
411	528
411	544
411	643
412	500
412	592
412	640
412	645
412	693
412	702
412	780
412	799
413	350
413	439
413	626
413	653
413	733
413	761
413	770
413	817
414	57
414	222
414	235
414	354
414	422
414	426
414	485
414	886
415	166
415	174
415	193
415	323
415	379
415	383
415	561
415	574
416	901
416	929
416	938
416	956
416	963
416	968
416	984
416	986
417	469
417	488
417	617
417	743
417	816
417	845
417	890
417	892
418	43
418	149
418	268
418	445
418	593
418	683
418	727
418	790
419	298
419	325
419	441
419	486
419	547
419	561
419	570
419	717
420	434
420	547
420	617
420	816
420	835
420	845
420	890
420	892
421	15
421	72
421	95
421	146
421	182
421	207
421	236
421	424
422	57
422	137
422	222
422	354
422	410
422	414
422	426
422	485
423	186
423	205
423	243
423	347
423	490
423	549
423	569
423	621
424	15
424	95
424	103
424	146
424	182
424	207
424	236
424	421
425	5
425	65
425	161
425	167
425	262
425	384
425	630
425	638
426	57
426	137
426	235
426	354
426	410
426	414
426	422
426	485
427	520
427	628
427	711
427	772
427	808
427	830
427	855
427	858
428	94
428	179
428	312
428	321
428	391
428	453
428	494
428	566
429	62
429	155
429	252
429	258
429	260
429	339
429	449
429	469
430	20
430	96
430	202
430	212
430	227
430	283
430	285
430	853
431	68
431	73
431	324
431	345
431	444
431	533
431	634
431	979
432	3
432	163
432	164
432	191
432	211
432	368
432	370
432	598
433	388
433	938
433	950
433	956
433	963
433	968
433	984
433	986
434	6
434	101
434	420
434	743
434	835
434	845
434	890
434	892
435	742
435	760
435	813
435	852
435	865
435	867
435	880
435	895
436	28
436	78
436	234
436	340
436	391
436	396
436	524
436	556
437	34
437	195
437	219
437	378
437	597
437	744
437	774
437	978
438	144
438	364
438	407
438	579
438	649
438	754
438	791
438	794
439	413
439	626
439	631
439	653
439	733
439	761
439	770
439	817
440	843
440	879
440	881
440	887
440	888
440	911
440	915
440	927
441	33
441	401
441	419
441	486
441	515
441	561
441	570
441	717
442	170
442	247
442	355
442	491
442	503
442	506
442	540
442	577
443	25
443	48
443	128
443	178
443	228
443	270
443	288
443	292
444	68
444	324
444	345
444	394
444	431
444	479
444	533
444	634
445	52
445	246
445	268
445	418
445	514
445	554
445	593
445	790
446	16
446	209
446	455
446	498
446	517
446	594
446	606
446	659
447	709
447	716
447	765
447	775
447	814
447	827
447	831
447	876
448	809
448	828
448	839
448	842
448	847
448	850
448	861
448	898
449	62
449	155
449	252
449	258
449	260
449	339
449	429
449	469
450	142
450	219
450	378
450	473
450	597
450	642
450	744
450	774
451	899
451	906
451	907
451	923
451	926
451	940
451	942
451	944
452	929
452	938
452	950
452	956
452	963
452	968
452	984
452	986
453	131
453	179
453	312
453	321
453	428
453	494
453	566
453	663
454	265
454	309
454	322
454	361
454	385
454	476
454	511
454	526
455	284
455	342
455	446
455	498
455	517
455	594
455	606
455	659
456	59
456	97
456	118
456	132
456	140
456	145
456	400
456	537
457	21
457	224
457	499
457	523
457	588
457	610
457	685
457	695
458	87
458	269
458	291
458	356
458	661
458	662
458	680
458	720
459	134
459	333
459	647
459	648
459	678
459	752
459	777
459	954
460	4
460	23
460	106
460	119
460	238
460	257
460	329
460	875
461	263
461	349
461	386
461	543
461	546
461	608
461	619
461	760
462	115
462	183
462	218
462	559
462	604
462	646
462	674
462	675
463	29
463	84
463	93
463	192
463	278
463	279
463	296
463	326
464	64
464	108
464	201
464	273
464	599
464	629
464	694
464	698
465	31
465	35
465	85
465	147
465	245
465	481
465	513
465	573
466	874
466	879
466	881
466	888
466	893
466	911
466	915
466	927
467	480
467	557
467	628
467	772
467	808
467	830
467	855
467	858
468	893
468	897
468	913
468	918
468	935
468	942
468	945
468	967
469	62
469	155
469	252
469	258
469	260
469	417
469	429
469	449
470	343
470	472
470	501
470	512
470	528
470	544
470	643
470	749
471	548
471	586
471	620
471	663
471	691
471	713
471	746
471	750
472	343
472	411
472	470
472	501
472	512
472	528
472	544
472	643
473	34
473	173
473	219
473	378
473	450
473	597
473	642
473	744
473	774
474	67
474	123
474	224
474	332
474	499
474	588
474	610
474	685
474	695
475	14
475	18
475	37
475	90
475	117
475	250
475	319
475	335
475	811
476	265
476	309
476	322
476	361
476	385
476	454
476	511
476	526
476	595
477	194
477	208
477	276
477	408
477	583
477	618
477	706
477	739
477	963
478	482
478	654
478	757
478	878
478	954
478	959
478	960
478	962
478	976
479	68
479	73
479	324
479	345
479	394
479	444
479	533
479	634
479	983
480	467
480	520
480	522
480	711
480	772
480	808
480	830
480	855
480	858
481	465
481	899
481	906
481	907
481	917
481	923
481	940
481	942
481	944
482	89
482	478
482	581
482	651
482	655
482	715
482	740
482	776
482	787
483	27
483	39
483	41
483	136
483	203
483	214
483	366
483	388
483	548
484	29
484	172
484	253
484	311
484	316
484	317
484	613
484	627
484	892
485	57
485	137
485	222
485	235
485	354
485	410
485	414
485	422
485	426
486	261
486	401
486	419
486	441
486	515
486	547
486	561
486	570
486	717
487	393
487	759
487	763
487	801
487	821
487	866
487	870
487	883
487	885
488	284
488	417
488	617
488	743
488	816
488	835
488	845
488	890
488	892
489	151
489	563
489	605
489	765
489	810
489	814
489	827
489	831
489	876
490	116
490	205
490	243
490	347
490	399
490	423
490	549
490	569
490	621
491	247
491	355
491	442
491	503
491	506
491	540
491	577
491	591
491	598
492	367
492	555
492	587
492	601
492	650
492	667
492	775
492	788
492	798
493	36
493	189
493	263
493	386
493	543
493	546
493	608
493	619
493	635
494	94
494	131
494	179
494	300
494	312
494	321
494	428
494	453
494	566
495	107
495	113
495	204
495	215
495	261
495	302
495	315
495	349
495	406
496	61
496	91
496	109
496	294
496	538
496	545
496	565
496	670
496	676
497	300
497	516
497	530
497	580
497	714
497	778
497	825
497	840
497	841
498	102
498	209
498	342
498	446
498	455
498	517
498	594
498	606
498	659
499	123
499	133
499	332
499	457
499	474
499	588
499	610
499	685
499	695
500	412
500	509
500	578
500	640
500	645
500	693
500	702
500	780
500	799
501	295
501	411
501	470
501	472
501	512
501	528
501	544
501	643
501	870
502	2
502	216
502	229
502	376
502	572
502	585
502	684
502	688
502	703
503	170
503	247
503	355
503	442
503	491
503	506
503	540
503	577
503	591
504	225
504	303
504	304
504	409
504	590
504	622
504	669
504	731
504	736
505	755
505	843
505	874
505	881
505	887
505	911
505	915
505	927
505	933
506	170
506	247
506	442
506	491
506	503
506	540
506	577
506	591
506	998
507	705
507	742
507	813
507	819
507	852
507	865
507	867
507	880
507	895
508	230
508	255
508	406
508	519
508	564
508	596
508	658
508	722
508	747
509	141
509	390
509	500
509	592
509	640
509	693
509	702
509	780
509	799
510	878
510	902
510	910
510	921
510	954
510	959
510	960
510	962
510	976
511	265
511	287
511	309
511	322
511	361
511	385
511	454
511	476
511	526
512	295
512	343
512	411
512	470
512	472
512	501
512	528
512	544
512	643
513	31
513	35
513	85
513	147
513	162
513	245
513	465
513	573
513	840
514	52
514	149
514	268
514	445
514	554
514	593
514	683
514	727
514	790
515	33
515	325
515	441
515	486
515	547
515	561
515	570
515	712
515	717
516	54
516	175
516	497
516	580
516	714
516	778
516	825
516	840
516	841
517	16
517	102
517	342
517	446
517	455
517	498
517	594
517	606
517	659
518	339
518	931
518	933
518	936
518	937
518	949
518	958
518	964
518	977
519	255
519	358
519	406
519	508
519	564
519	596
519	658
519	722
519	747
520	427
520	480
520	557
520	711
520	772
520	808
520	830
520	855
520	858
521	121
521	217
521	364
521	405
521	579
521	649
521	754
521	791
521	794
522	127
522	133
522	226
522	341
522	402
522	480
522	602
522	609
522	611
523	13
523	200
523	264
523	297
523	308
523	310
523	375
523	389
523	457
524	63
524	78
524	234
524	340
524	391
524	396
524	436
524	556
524	928
525	40
525	125
525	605
525	673
525	690
525	710
525	737
525	745
525	762
526	265
526	309
526	322
526	361
526	385
526	454
526	476
526	511
526	788
527	44
527	58
527	82
527	159
527	171
527	271
527	331
527	371
527	879
528	295
528	343
528	411
528	470
528	472
528	501
528	512
528	544
528	643
529	971
529	979
529	983
529	987
529	988
529	991
529	994
529	995
529	998
530	180
530	497
530	580
530	714
530	778
530	797
530	825
530	840
530	841
531	108
531	201
531	273
531	281
531	599
531	629
531	639
531	694
531	698
532	199
532	726
532	748
532	767
532	806
532	838
532	862
532	863
532	873
533	68
533	73
533	324
533	345
533	394
533	431
533	444
533	479
533	634
534	871
534	904
534	951
534	961
534	969
534	981
534	982
534	999
534	1000
535	71
535	760
535	813
535	819
535	852
535	865
535	867
535	880
535	895
536	372
536	542
536	625
536	641
536	652
536	664
536	682
536	687
536	725
537	59
537	97
537	118
537	132
537	140
537	145
537	400
537	456
537	880
538	109
538	294
538	496
538	545
538	565
538	593
538	670
538	676
538	976
539	46
539	908
539	909
539	912
539	919
539	928
539	932
539	941
539	953
540	247
540	355
540	442
540	491
540	503
540	506
540	577
540	591
540	929
541	272
541	351
541	698
541	709
541	771
541	810
541	814
541	831
541	876
542	536
542	625
542	635
542	641
542	652
542	664
542	682
542	687
542	725
543	36
543	189
543	263
543	386
543	461
543	493
543	546
543	608
543	619
544	295
544	343
544	411
544	470
544	472
544	501
544	512
544	528
544	643
545	91
545	109
545	152
545	294
545	496
545	538
545	565
545	670
545	676
546	36
546	189
546	263
546	386
546	461
546	493
546	543
546	608
546	619
547	33
547	298
547	325
547	401
547	419
547	420
547	486
547	515
547	717
548	27
548	39
548	136
548	203
548	214
548	366
548	388
548	471
548	483
549	116
549	205
549	243
549	347
549	399
549	423
549	490
549	569
549	621
550	138
550	249
550	587
550	601
550	650
550	667
550	775
550	788
550	798
551	197
551	374
551	581
551	651
551	655
551	715
551	740
551	776
551	787
552	369
552	373
552	377
552	615
552	624
552	679
552	730
552	756
552	792
553	42
553	71
553	196
553	248
553	287
553	560
553	623
553	636
553	689
554	43
554	52
554	246
554	445
554	514
554	593
554	683
554	727
554	790
555	249
555	492
555	587
555	601
555	650
555	667
555	775
555	788
555	798
556	28
556	63
556	234
556	340
556	391
556	396
556	436
556	524
556	679
557	1
557	467
557	520
557	628
557	772
557	808
557	830
557	855
557	858
558	665
558	795
558	869
558	884
558	930
558	946
558	948
558	970
558	975
559	115
559	183
559	218
559	280
559	462
559	604
559	646
559	674
559	675
560	42
560	71
560	177
560	196
560	248
560	553
560	623
560	636
560	689
561	298
561	325
561	401
561	415
561	419
561	441
561	486
561	515
561	717
562	127
562	226
562	242
562	341
562	402
562	602
562	609
562	611
562	846
563	351
563	489
563	709
563	771
563	810
563	814
563	827
563	831
563	876
564	352
564	358
564	406
564	508
564	519
564	596
564	658
564	722
564	747
565	91
565	152
565	294
565	496
565	538
565	545
565	602
565	670
565	676
566	94
566	131
566	179
566	312
566	321
566	428
566	453
566	494
566	985
567	141
567	657
567	672
567	726
567	767
567	806
567	862
567	863
567	873
568	290
568	381
568	626
568	631
568	653
568	733
568	761
568	770
568	817
569	186
569	205
569	347
569	399
569	423
569	490
569	549
569	621
569	777
570	298
570	325
570	401
570	419
570	441
570	486
570	515
570	717
570	766
571	904
571	914
571	951
571	969
571	974
571	981
571	982
571	999
571	1000
572	49
572	76
572	216
572	376
572	502
572	585
572	684
572	688
572	703
573	31
573	35
573	85
573	147
573	162
573	245
573	465
573	513
573	798
574	122
574	166
574	174
574	193
574	323
574	337
574	379
574	383
574	415
575	908
575	909
575	912
575	919
575	924
575	928
575	932
575	941
575	953
576	7
576	66
576	99
576	240
576	305
576	320
576	362
576	577
576	944
577	170
577	355
577	442
577	491
577	503
577	506
577	540
577	576
577	591
578	390
578	401
578	500
578	592
578	640
578	645
578	702
578	780
578	799
579	364
579	438
579	521
579	649
579	710
579	754
579	791
579	794
579	894
580	175
580	181
580	497
580	516
580	530
580	714
580	778
580	825
580	840
580	841
581	363
581	482
581	551
581	651
581	655
581	715
581	725
581	740
581	776
581	787
582	871
582	904
582	951
582	961
582	969
582	974
582	981
582	982
582	999
582	1000
583	194
583	208
583	276
583	330
583	408
583	477
583	603
583	618
583	739
583	765
584	70
584	379
584	666
584	668
584	696
584	764
584	789
584	793
584	812
584	833
585	2
585	49
585	216
585	229
585	376
585	502
585	572
585	684
585	688
585	703
586	11
586	135
586	220
586	471
586	620
586	663
586	691
586	713
586	746
586	750
587	214
587	367
587	492
587	550
587	555
587	650
587	667
587	775
587	788
587	798
588	21
588	67
588	224
588	332
588	457
588	474
588	499
588	610
588	685
588	695
589	112
589	134
589	333
589	380
589	394
589	647
589	648
589	678
589	752
589	777
590	9
590	225
590	303
590	304
590	409
590	504
590	622
590	669
590	731
590	736
591	170
591	247
591	355
591	491
591	503
591	506
591	540
591	577
591	921
591	936
592	50
592	412
592	509
592	578
592	640
592	645
592	693
592	702
592	780
592	799
593	149
593	246
593	418
593	445
593	514
593	538
593	554
593	683
593	727
593	790
594	102
594	209
594	342
594	446
594	455
594	498
594	517
594	606
594	659
594	977
595	8
595	26
595	56
595	348
595	476
595	681
595	724
595	729
595	738
595	797
596	230
596	255
596	352
596	358
596	508
596	519
596	564
596	658
596	722
596	747
597	142
597	173
597	195
597	378
597	437
597	450
597	473
597	642
597	744
597	774
598	3
598	47
598	163
598	164
598	191
598	211
598	368
598	370
598	432
598	491
599	108
599	201
599	273
599	281
599	464
599	531
599	629
599	639
599	694
599	698
600	116
600	616
600	637
600	671
600	719
600	721
600	728
600	735
600	749
600	782
601	249
601	367
601	492
601	550
601	555
601	650
601	667
601	775
601	788
601	798
602	127
602	226
602	242
602	341
602	402
602	522
602	562
602	565
602	609
602	611
603	194
603	276
603	330
603	357
603	398
603	408
603	583
603	618
603	706
603	739
604	22
604	115
604	152
604	218
604	280
604	462
604	559
604	646
604	674
604	675
605	77
605	157
605	489
605	525
605	673
605	690
605	710
605	737
605	745
605	762
606	16
606	102
606	209
606	342
606	446
606	455
606	498
606	517
606	594
606	659
607	677
607	843
607	874
607	879
607	881
607	887
607	888
607	911
607	915
607	927
608	36
608	140
608	189
608	263
608	386
608	461
608	493
608	543
608	546
608	619
609	133
609	226
609	242
609	341
609	402
609	522
609	562
609	602
609	611
609	817
610	21
610	67
610	123
610	332
610	457
610	474
610	499
610	588
610	685
610	695
611	133
611	226
611	242
611	341
611	368
611	402
611	522
611	562
611	602
611	609
612	955
612	972
612	979
612	983
612	987
612	988
612	991
612	994
612	995
612	998
613	29
613	45
613	80
613	172
613	253
613	311
613	316
613	317
613	484
613	627
614	252
614	908
614	909
614	912
614	919
614	924
614	928
614	932
614	941
614	953
615	275
615	369
615	373
615	377
615	552
615	624
615	679
615	730
615	756
615	792
616	260
616	600
616	637
616	671
616	719
616	721
616	728
616	735
616	749
616	782
617	6
617	417
617	420
617	488
617	743
617	816
617	835
617	845
617	890
617	892
618	194
618	276
618	357
618	398
618	408
618	477
618	583
618	603
618	706
618	739
619	36
619	189
619	263
619	386
619	461
619	493
619	543
619	546
619	608
619	701
620	76
620	98
620	220
620	471
620	586
620	663
620	691
620	713
620	746
620	750
621	116
621	205
621	243
621	347
621	381
621	399
621	423
621	490
621	549
621	569
622	9
622	225
622	303
622	365
622	409
622	504
622	590
622	669
622	731
622	736
623	42
623	71
623	177
623	196
623	248
623	287
623	553
623	560
623	636
623	689
624	79
624	275
624	369
624	377
624	552
624	615
624	730
624	756
624	792
624	917
625	190
625	372
625	536
625	542
625	635
625	641
625	664
625	682
625	687
625	725
626	290
626	413
626	439
626	568
626	631
626	653
626	761
626	770
626	817
626	872
627	29
627	45
627	80
627	172
627	253
627	311
627	317
627	403
627	484
627	613
628	1
628	427
628	467
628	557
628	711
628	772
628	808
628	830
628	855
628	858
629	64
629	201
629	273
629	281
629	464
629	531
629	599
629	639
629	694
629	698
630	5
630	65
630	124
630	161
630	167
630	262
630	384
630	425
630	638
630	905
631	120
631	350
631	439
631	568
631	626
631	653
631	733
631	761
631	770
631	817
632	832
632	854
632	922
632	947
632	966
632	973
632	980
632	990
632	993
632	997
633	305
633	843
633	874
633	879
633	881
633	887
633	888
633	911
633	915
633	927
634	16
634	68
634	73
634	324
634	345
634	394
634	431
634	444
634	479
634	533
635	372
635	493
635	542
635	625
635	641
635	652
635	664
635	682
635	687
635	725
636	42
636	71
636	177
636	196
636	287
636	553
636	560
636	623
636	689
636	996
637	55
637	600
637	616
637	671
637	719
637	721
637	728
637	735
637	749
637	782
638	5
638	65
638	124
638	161
638	167
638	262
638	298
638	384
638	425
638	630
639	64
639	108
639	201
639	273
639	281
639	531
639	599
639	629
639	694
639	698
640	412
640	500
640	509
640	578
640	592
640	645
640	693
640	702
640	780
640	799
641	372
641	536
641	542
641	625
641	635
641	652
641	664
641	682
641	687
641	725
642	34
642	173
642	195
642	219
642	378
642	450
642	473
642	597
642	744
642	774
643	67
643	295
643	343
643	411
643	470
643	472
643	501
643	512
643	528
643	544
644	805
644	900
644	931
644	933
644	936
644	937
644	949
644	958
644	964
644	977
645	50
645	272
645	412
645	500
645	578
645	592
645	640
645	693
645	702
645	780
645	799
646	22
646	115
646	183
646	218
646	280
646	365
646	462
646	559
646	604
646	674
646	675
647	112
647	134
647	143
647	176
647	380
647	459
647	589
647	648
647	678
647	752
647	777
648	2
648	112
648	143
648	333
648	380
648	459
648	589
648	647
648	678
648	752
648	777
649	144
649	217
649	364
649	405
649	407
649	438
649	521
649	579
649	754
649	791
649	794
650	249
650	367
650	492
650	550
650	555
650	587
650	601
650	667
650	775
650	788
650	798
651	197
651	363
651	374
651	482
651	551
651	581
651	655
651	715
651	740
651	776
651	787
652	122
652	190
652	372
652	536
652	542
652	635
652	641
652	664
652	682
652	687
652	725
653	280
653	290
653	381
653	413
653	439
653	568
653	626
653	631
653	733
653	761
653	770
654	478
654	751
654	859
654	878
654	921
654	927
654	954
654	959
654	960
654	962
654	976
655	89
655	197
655	374
655	482
655	551
655	581
655	651
655	715
655	740
655	776
655	787
656	60
656	783
656	785
656	886
656	897
656	913
656	918
656	925
656	935
656	945
656	967
657	567
657	672
657	699
657	726
657	748
657	767
657	806
657	838
657	862
657	863
657	873
658	230
658	255
658	358
658	406
658	508
658	519
658	564
658	596
658	722
658	747
658	883
659	16
659	102
659	209
659	342
659	446
659	455
659	498
659	517
659	594
659	606
659	829
660	221
660	781
660	796
660	803
660	804
660	869
660	930
660	946
660	948
660	970
660	975
661	87
661	168
661	233
661	269
661	291
661	356
661	395
661	458
661	662
661	680
661	720
662	87
662	168
662	233
662	269
662	291
662	356
662	395
662	458
662	661
662	680
662	720
663	11
663	76
663	98
663	453
663	471
663	586
663	620
663	691
663	713
663	746
663	750
664	190
664	372
664	536
664	542
664	625
664	635
664	641
664	652
664	682
664	687
664	725
665	558
665	779
665	781
665	803
665	804
665	884
665	930
665	946
665	952
665	970
665	975
666	158
666	188
666	206
666	344
666	584
666	668
666	696
666	789
666	793
666	812
666	833
667	138
667	274
667	492
667	550
667	555
667	587
667	601
667	650
667	775
667	788
667	798
668	158
668	266
668	344
668	584
668	666
668	696
668	764
668	789
668	793
668	812
668	833
669	9
669	225
669	303
669	304
669	365
669	409
669	504
669	590
669	622
669	731
669	736
670	61
670	91
670	109
670	152
670	294
670	496
670	538
670	545
670	565
670	676
670	916
671	19
671	55
671	600
671	616
671	637
671	719
671	721
671	728
671	735
671	749
671	782
672	111
672	237
672	567
672	657
672	699
672	726
672	767
672	806
672	862
672	863
672	873
673	77
673	154
673	157
673	254
673	525
673	605
673	690
673	710
673	737
673	745
673	762
674	22
674	115
674	183
674	218
674	280
674	462
674	559
674	604
674	646
674	675
674	792
675	22
675	115
675	180
675	183
675	218
675	280
675	462
675	559
675	604
675	646
675	674
676	61
676	91
676	109
676	152
676	294
676	496
676	538
676	545
676	565
676	670
676	791
677	166
677	607
677	843
677	874
677	879
677	881
677	887
677	888
677	911
677	915
677	927
678	134
678	143
678	176
678	333
678	380
678	459
678	589
678	647
678	648
678	752
678	777
679	79
679	129
679	369
679	373
679	377
679	552
679	556
679	615
679	730
679	756
679	792
680	87
680	168
680	233
680	291
680	342
680	356
680	395
680	458
680	661
680	662
680	720
681	26
681	30
681	56
681	92
681	187
681	348
681	595
681	724
681	729
681	738
681	797
682	190
682	372
682	536
682	542
682	625
682	635
682	641
682	652
682	664
682	687
682	725
683	43
683	52
683	246
683	268
683	418
683	514
683	554
683	593
683	727
683	739
683	790
684	2
684	49
684	216
684	229
684	350
684	376
684	502
684	572
684	585
684	688
684	703
685	21
685	67
685	123
685	224
685	332
685	457
685	474
685	499
685	588
685	610
685	695
686	782
686	836
686	875
686	902
686	910
686	921
686	954
686	959
686	960
686	962
686	976
687	190
687	265
687	536
687	542
687	625
687	635
687	641
687	652
687	664
687	682
687	725
688	2
688	49
688	216
688	229
688	239
688	376
688	502
688	572
688	585
688	684
688	703
689	42
689	71
689	156
689	177
689	196
689	248
689	287
689	553
689	560
689	623
689	636
690	40
690	77
690	154
690	157
690	525
690	605
690	673
690	710
690	737
690	745
690	762
691	11
691	98
691	135
691	220
691	471
691	586
691	620
691	663
691	713
691	746
691	750
692	783
692	818
692	822
692	886
692	893
692	897
692	918
692	925
692	935
692	945
692	967
693	50
693	141
693	412
693	500
693	509
693	592
693	640
693	645
693	702
693	780
693	799
694	64
694	108
694	201
694	273
694	281
694	464
694	531
694	599
694	629
694	639
694	698
695	21
695	67
695	123
695	224
695	332
695	457
695	474
695	499
695	588
695	610
695	685
696	70
696	206
696	328
696	584
696	666
696	668
696	764
696	789
696	793
696	812
696	833
697	223
697	705
697	742
697	760
697	813
697	819
697	852
697	865
697	867
697	880
697	895
698	64
698	201
698	273
698	281
698	464
698	531
698	541
698	599
698	629
698	639
698	694
699	199
699	237
699	657
699	672
699	726
699	748
699	767
699	806
699	838
699	862
699	873
700	846
700	899
700	906
700	907
700	916
700	917
700	923
700	926
700	940
700	942
700	944
701	619
701	783
701	785
701	818
701	886
701	893
701	897
701	913
701	935
701	945
701	967
702	390
702	412
702	500
702	509
702	578
702	592
702	640
702	645
702	693
702	780
702	799
703	2
703	49
703	216
703	229
703	376
703	502
703	572
703	585
703	684
703	688
703	825
704	708
704	711
704	856
704	939
704	947
704	966
704	973
704	980
704	990
704	993
704	997
705	507
705	697
705	742
705	760
705	813
705	819
705	852
705	865
705	867
705	880
705	895
706	194
706	208
706	276
706	330
706	357
706	398
706	408
706	477
706	603
706	618
706	739
707	836
707	859
707	875
707	878
707	902
707	910
707	954
707	959
707	960
707	962
707	976
708	704
708	723
708	856
708	922
708	939
708	947
708	966
708	973
708	980
708	990
708	993
708	997
709	447
709	541
709	563
709	716
709	746
709	765
709	771
709	810
709	814
709	827
709	831
709	876
710	40
710	77
710	125
710	154
710	525
710	579
710	605
710	673
710	690
710	737
710	745
710	762
711	32
711	346
711	427
711	480
711	520
711	628
711	704
711	772
711	808
711	830
711	855
711	858
712	515
712	871
712	904
712	912
712	951
712	961
712	969
712	974
712	981
712	982
712	999
712	1000
713	11
713	76
713	98
713	135
713	220
713	471
713	586
713	620
713	663
713	691
713	746
713	750
714	54
714	175
714	181
714	300
714	497
714	516
714	530
714	580
714	778
714	825
714	840
714	841
715	89
715	197
715	363
715	374
715	482
715	551
715	581
715	651
715	655
715	740
715	776
715	787
716	272
716	351
716	353
716	447
716	709
716	765
716	771
716	810
716	814
716	827
716	831
716	876
717	33
717	298
717	325
717	401
717	419
717	441
717	486
717	515
717	547
717	561
717	570
717	855
718	72
718	815
718	837
718	900
718	931
718	933
718	936
718	937
718	949
718	958
718	964
718	977
719	19
719	55
719	239
719	600
719	616
719	637
719	671
719	721
719	728
719	735
719	749
719	782
720	87
720	168
720	233
720	269
720	291
720	356
720	395
720	458
720	661
720	662
720	680
720	805
721	55
721	239
721	600
721	616
721	637
721	671
721	719
721	728
721	735
721	749
721	782
721	969
722	230
722	255
722	352
722	358
722	406
722	508
722	519
722	564
722	596
722	658
722	747
722	924
723	708
723	832
723	851
723	856
723	895
723	939
723	966
723	973
723	980
723	990
723	993
723	997
724	8
724	26
724	30
724	56
724	92
724	187
724	348
724	595
724	681
724	729
724	738
724	797
725	190
725	372
725	536
725	542
725	581
725	625
725	635
725	641
725	652
725	664
725	682
725	687
726	138
726	532
726	567
726	657
726	672
726	699
726	748
726	806
726	838
726	862
726	863
726	873
727	43
727	52
727	149
727	246
727	268
727	418
727	514
727	554
727	593
727	683
727	790
727	984
728	19
728	239
728	308
728	600
728	616
728	637
728	671
728	719
728	721
728	735
728	749
728	782
729	8
729	26
729	30
729	56
729	92
729	187
729	348
729	595
729	681
729	724
729	738
729	797
730	79
730	129
730	369
730	373
730	377
730	552
730	615
730	624
730	679
730	756
730	792
730	968
731	9
731	225
731	303
731	304
731	365
731	409
731	504
731	590
731	622
731	669
731	736
731	881
732	5
732	871
732	904
732	914
732	951
732	961
732	969
732	974
732	981
732	982
732	999
732	1000
733	120
733	177
733	350
733	381
733	413
733	439
733	568
733	631
733	653
733	761
733	770
733	817
734	844
734	872
734	889
734	901
734	929
734	938
734	950
734	956
734	963
734	968
734	984
734	986
735	19
735	55
735	239
735	600
735	616
735	637
735	671
735	719
735	721
735	728
735	749
735	782
736	9
736	225
736	303
736	304
736	365
736	409
736	504
736	590
736	622
736	669
736	731
736	814
737	40
737	77
737	125
737	154
737	157
737	525
737	605
737	673
737	690
737	710
737	745
737	762
738	26
738	30
738	56
738	92
738	187
738	348
738	595
738	681
738	724
738	729
738	797
738	948
739	194
739	208
739	276
739	330
739	357
739	398
739	477
739	583
739	603
739	618
739	683
739	706
740	184
740	197
740	363
740	374
740	482
740	551
740	581
740	651
740	655
740	715
740	776
740	787
741	397
741	766
741	809
741	826
741	828
741	839
741	842
741	847
741	848
741	850
741	861
741	898
742	435
742	507
742	697
742	705
742	760
742	813
742	819
742	852
742	865
742	867
742	880
742	895
743	24
743	74
743	284
743	417
743	434
743	488
743	617
743	816
743	835
743	845
743	890
743	892
744	34
744	142
744	173
744	195
744	219
744	378
744	437
744	450
744	473
744	597
744	642
744	774
745	40
745	125
745	154
745	157
745	392
745	525
745	605
745	673
745	690
745	710
745	737
745	762
746	11
746	76
746	135
746	220
746	471
746	586
746	620
746	663
746	691
746	709
746	713
746	750
747	230
747	255
747	352
747	358
747	406
747	508
747	519
747	564
747	596
747	658
747	722
747	868
748	199
748	532
748	657
748	699
748	726
748	767
748	806
748	838
748	862
748	863
748	873
748	914
749	19
749	239
749	470
749	600
749	616
749	637
749	671
749	719
749	721
749	728
749	735
749	782
750	11
750	76
750	98
750	135
750	220
750	471
750	586
750	620
750	663
750	691
750	713
750	746
751	654
751	836
751	875
751	878
751	902
751	910
751	921
751	954
751	959
751	960
751	962
751	976
752	112
752	134
752	143
752	176
752	333
752	380
752	459
752	589
752	647
752	648
752	678
752	777
753	293
753	360
753	393
753	759
753	763
753	801
753	809
753	821
753	866
753	870
753	883
753	885
754	121
754	195
754	217
754	364
754	405
754	407
754	438
754	521
754	579
754	649
754	791
754	794
755	309
755	387
755	505
755	843
755	874
755	879
755	881
755	887
755	888
755	911
755	915
755	927
756	79
756	129
756	275
756	369
756	373
756	377
756	552
756	615
756	624
756	679
756	730
756	792
757	478
757	859
757	875
757	902
757	910
757	921
757	926
757	954
757	959
757	960
757	962
757	976
758	348
758	805
758	815
758	837
758	900
758	931
758	933
758	936
758	937
758	949
758	958
758	964
758	977
759	10
759	293
759	393
759	487
759	753
759	763
759	801
759	821
759	866
759	870
759	883
759	885
759	947
760	435
760	461
760	535
760	697
760	705
760	742
760	813
760	819
760	852
760	865
760	867
760	880
760	895
761	120
761	290
761	350
761	381
761	413
761	439
761	568
761	626
761	631
761	653
761	733
761	770
761	817
762	40
762	77
762	125
762	154
762	157
762	234
762	525
762	605
762	673
762	690
762	710
762	737
762	745
763	131
763	282
763	293
763	360
763	487
763	753
763	759
763	801
763	821
763	866
763	870
763	883
763	885
764	70
764	158
764	188
764	206
764	328
764	344
764	584
764	668
764	696
764	789
764	793
764	812
764	833
765	151
765	351
765	447
765	489
765	583
765	709
765	716
765	771
765	810
765	814
765	827
765	831
765	876
766	244
766	570
766	741
766	809
766	826
766	828
766	839
766	842
766	847
766	848
766	850
766	861
766	898
767	111
767	237
767	532
767	567
767	657
767	672
767	699
767	748
767	806
767	838
767	862
767	863
767	873
768	938
768	955
768	965
768	971
768	972
768	979
768	983
768	987
768	988
768	991
768	994
768	995
768	998
769	829
769	853
769	882
769	891
769	905
769	934
769	943
769	957
769	978
769	985
769	989
769	992
769	996
770	120
770	290
770	350
770	381
770	413
770	439
770	568
770	626
770	631
770	653
770	733
770	761
770	817
771	272
771	281
771	351
771	541
771	563
771	709
771	716
771	765
771	810
771	814
771	827
771	831
771	876
772	346
772	427
772	467
772	480
772	520
772	557
772	628
772	711
772	808
772	819
772	830
772	855
772	858
773	786
773	844
773	872
773	889
773	901
773	929
773	938
773	950
773	956
773	963
773	968
773	984
773	986
774	34
774	142
774	173
774	195
774	219
774	378
774	437
774	450
774	473
774	597
774	642
774	744
774	920
775	138
775	249
775	367
775	447
775	492
775	550
775	555
775	587
775	601
775	650
775	667
775	788
775	798
776	84
776	89
776	197
776	363
776	374
776	482
776	551
776	581
776	651
776	655
776	715
776	740
776	787
777	112
777	134
777	143
777	176
777	333
777	380
777	459
777	569
777	589
777	647
777	648
777	678
777	752
778	54
778	88
778	180
778	181
778	300
778	497
778	516
778	530
778	580
778	714
778	825
778	840
778	841
779	359
779	665
779	795
779	803
779	804
779	869
779	884
779	930
779	946
779	948
779	970
779	972
779	975
780	50
780	141
780	390
780	412
780	500
780	509
780	578
780	592
780	640
780	645
780	693
780	702
780	799
781	267
781	660
781	665
781	796
781	803
781	804
781	869
781	884
781	930
781	946
781	948
781	970
781	975
782	19
782	55
782	239
782	600
782	616
782	637
782	671
782	686
782	719
782	721
782	728
782	735
782	749
783	656
783	692
783	701
783	818
783	822
783	893
783	897
783	913
783	918
783	925
783	935
783	945
783	967
784	811
784	864
784	882
784	891
784	903
784	905
784	934
784	943
784	978
784	985
784	989
784	992
784	996
785	319
785	656
785	701
785	818
785	822
785	886
785	893
785	913
785	918
785	925
785	935
785	945
785	967
786	773
786	844
786	872
786	889
786	901
786	929
786	938
786	950
786	956
786	963
786	968
786	984
786	986
787	89
787	197
787	363
787	374
787	482
787	551
787	581
787	651
787	655
787	715
787	740
787	776
787	915
788	138
788	249
788	367
788	492
788	526
788	550
788	555
788	587
788	601
788	650
788	667
788	775
788	798
789	158
789	188
789	206
789	328
789	344
789	584
789	666
789	668
789	696
789	764
789	793
789	812
789	833
790	43
790	52
790	149
790	246
790	268
790	418
790	445
790	514
790	554
790	593
790	683
790	727
790	820
791	121
791	144
791	217
791	364
791	405
791	407
791	438
791	521
791	579
791	649
791	676
791	754
791	794
792	79
792	129
792	275
792	369
792	373
792	377
792	552
792	615
792	624
792	674
792	679
792	730
792	756
793	158
793	188
793	206
793	328
793	344
793	584
793	666
793	668
793	696
793	764
793	789
793	812
793	833
794	121
794	144
794	217
794	364
794	405
794	407
794	438
794	521
794	579
794	649
794	754
794	791
794	988
795	558
795	779
795	796
795	803
795	804
795	845
795	869
795	884
795	930
795	946
795	948
795	970
795	975
796	660
796	781
796	795
796	803
796	804
796	869
796	877
796	884
796	930
796	946
796	948
796	970
796	975
797	8
797	26
797	30
797	56
797	92
797	187
797	348
797	530
797	595
797	681
797	724
797	729
797	738
798	138
798	249
798	367
798	492
798	550
798	555
798	573
798	587
798	601
798	650
798	667
798	775
798	788
799	50
799	141
799	192
799	390
799	412
799	500
799	509
799	578
799	592
799	640
799	645
799	693
799	702
799	780
800	58
800	824
800	846
800	899
800	906
800	907
800	916
800	917
800	923
800	926
800	940
800	942
800	944
801	10
801	110
801	238
801	282
801	360
801	487
801	753
801	759
801	763
801	821
801	866
801	870
801	883
801	885
802	17
802	823
802	894
802	908
802	909
802	912
802	919
802	920
802	924
802	928
802	932
802	941
802	953
803	660
803	665
803	779
803	781
803	795
803	796
803	804
803	869
803	874
803	930
803	946
803	948
803	970
803	975
804	359
804	660
804	665
804	779
804	781
804	795
804	796
804	803
804	869
804	884
804	946
804	948
804	970
804	975
805	644
805	720
805	758
805	815
805	837
805	900
805	931
805	933
805	936
805	937
805	949
805	958
805	964
805	977
806	21
806	199
806	532
806	567
806	657
806	672
806	699
806	726
806	748
806	767
806	838
806	862
806	863
806	873
807	235
807	952
807	955
807	965
807	971
807	972
807	979
807	983
807	987
807	988
807	991
807	994
807	995
807	998
808	1
808	32
808	346
808	427
808	467
808	480
808	520
808	557
808	628
808	711
808	772
808	830
808	855
808	858
809	307
809	448
809	741
809	753
809	766
809	826
809	828
809	839
809	842
809	847
809	848
809	850
809	861
809	898
810	151
810	272
810	367
810	489
810	541
810	563
810	709
810	716
810	765
810	771
810	814
810	827
810	831
810	876
811	475
811	784
811	853
811	860
811	882
811	903
811	905
811	943
811	957
811	978
811	985
811	989
811	992
811	996
812	70
812	188
812	206
812	328
812	344
812	584
812	666
812	668
812	696
812	764
812	789
812	793
812	833
812	837
813	69
813	435
813	507
813	535
813	697
813	705
813	742
813	760
813	819
813	852
813	865
813	867
813	880
813	895
814	151
814	447
814	489
814	541
814	563
814	709
814	716
814	736
814	765
814	771
814	810
814	827
814	831
814	876
815	718
815	758
815	805
815	837
815	900
815	931
815	933
815	936
815	937
815	949
815	958
815	964
815	977
815	991
816	24
816	74
816	160
816	284
816	417
816	420
816	488
816	617
816	743
816	835
816	845
816	890
816	892
816	974
817	120
817	290
817	350
817	381
817	413
817	439
817	568
817	609
817	626
817	631
817	733
817	761
817	770
817	955
818	692
818	701
818	783
818	785
818	822
818	886
818	893
818	897
818	913
818	918
818	925
818	935
818	945
818	967
819	223
819	507
819	535
819	697
819	705
819	742
819	760
819	772
819	813
819	852
819	865
819	867
819	880
819	895
820	790
820	832
820	851
820	856
820	868
820	922
820	939
820	947
820	966
820	973
820	980
820	990
820	993
820	997
821	90
821	282
821	293
821	360
821	393
821	487
821	753
821	759
821	763
821	801
821	866
821	870
821	883
821	885
822	160
822	692
822	783
822	785
822	818
822	886
822	893
822	897
822	913
822	918
822	925
822	935
822	945
822	967
823	802
823	894
823	908
823	909
823	912
823	919
823	920
823	924
823	928
823	932
823	939
823	941
823	953
824	800
824	846
824	899
824	906
824	907
824	916
824	917
824	923
824	926
824	940
824	942
824	944
824	960
825	54
825	175
825	180
825	181
825	300
825	497
825	516
825	530
825	580
825	703
825	714
825	778
825	840
825	841
826	244
826	307
826	397
826	741
826	766
826	809
826	828
826	839
826	842
826	847
826	848
826	850
826	861
826	898
827	151
827	351
827	447
827	489
827	563
827	709
827	716
827	765
827	771
827	810
827	814
827	831
827	876
827	901
828	307
828	448
828	741
828	766
828	809
828	826
828	839
828	842
828	847
828	848
828	850
828	861
828	898
828	995
829	659
829	769
829	860
829	882
829	891
829	903
829	934
829	943
829	957
829	978
829	985
829	989
829	992
829	996
830	1
830	32
830	346
830	427
830	467
830	480
830	520
830	557
830	628
830	711
830	772
830	808
830	855
830	858
831	272
831	351
831	447
831	489
831	541
831	563
831	709
831	716
831	765
831	771
831	810
831	814
831	827
831	876
832	632
832	723
832	820
832	851
832	868
832	922
832	939
832	947
832	966
832	973
832	980
832	990
832	993
832	997
833	70
833	158
833	188
833	206
833	328
833	344
833	584
833	666
833	668
833	696
833	764
833	789
833	793
833	812
834	896
834	952
834	955
834	965
834	971
834	972
834	979
834	983
834	987
834	988
834	991
834	994
834	995
834	998
835	6
835	24
835	74
835	160
835	284
835	420
835	434
835	488
835	617
835	743
835	816
835	845
835	890
835	892
836	686
836	707
836	751
836	848
836	859
836	875
836	902
836	910
836	921
836	954
836	959
836	960
836	962
836	976
837	718
837	758
837	805
837	812
837	815
837	900
837	931
837	933
837	936
837	937
837	949
837	958
837	964
837	977
838	111
838	199
838	237
838	532
838	657
838	699
838	726
838	748
838	767
838	806
838	862
838	863
838	873
838	967
839	244
839	397
839	448
839	741
839	766
839	809
839	826
839	828
839	842
839	847
839	848
839	850
839	861
839	898
840	54
840	175
840	180
840	181
840	300
840	497
840	513
840	516
840	530
840	580
840	714
840	778
840	825
840	841
841	54
841	175
841	180
841	181
841	300
841	497
841	516
841	530
841	580
841	714
841	778
841	825
841	840
841	885
842	69
842	244
842	397
842	448
842	741
842	766
842	809
842	826
842	828
842	839
842	847
842	848
842	850
842	861
842	898
843	440
843	505
843	607
843	633
843	677
843	755
843	874
843	879
843	881
843	887
843	888
843	911
843	915
843	922
843	927
844	734
844	773
844	786
844	872
844	887
844	889
844	901
844	929
844	938
844	950
844	956
844	963
844	968
844	984
844	986
845	6
845	24
845	74
845	160
845	417
845	420
845	434
845	488
845	617
845	743
845	795
845	816
845	835
845	890
845	892
846	562
846	700
846	800
846	824
846	899
846	906
846	907
846	916
846	917
846	923
846	926
846	940
846	942
846	944
847	69
847	244
847	307
847	448
847	741
847	766
847	809
847	826
847	828
847	839
847	842
847	848
847	850
847	861
847	898
848	69
848	307
848	397
848	741
848	766
848	809
848	826
848	828
848	836
848	839
848	842
848	847
848	850
848	861
848	898
849	13
849	871
849	877
849	904
849	914
849	951
849	961
849	969
849	974
849	981
849	982
849	999
849	1000
850	69
850	307
850	397
850	448
850	741
850	766
850	809
850	826
850	828
850	839
850	842
850	847
850	848
850	861
850	898
851	723
851	820
851	832
851	854
851	868
851	922
851	939
851	947
851	959
851	966
851	973
851	980
851	990
851	993
851	997
852	86
852	223
852	435
852	507
852	535
852	697
852	705
852	742
852	760
852	813
852	819
852	865
852	867
852	880
852	895
853	430
853	769
853	811
853	864
853	882
853	891
853	905
853	934
853	943
853	957
853	978
853	985
853	989
853	992
853	996
854	46
854	126
854	632
854	851
854	856
854	868
854	922
854	939
854	947
854	966
854	973
854	980
854	990
854	993
854	997
855	1
855	32
855	346
855	427
855	467
855	480
855	520
855	557
855	628
855	711
855	717
855	772
855	808
855	830
855	858
856	704
856	708
856	723
856	820
856	854
856	868
856	922
856	939
856	947
856	966
856	973
856	980
856	990
856	993
856	997
857	328
857	896
857	952
857	955
857	965
857	971
857	972
857	979
857	983
857	987
857	988
857	991
857	994
857	995
857	998
858	1
858	32
858	346
858	427
858	467
858	480
858	520
858	557
858	628
858	711
858	772
858	808
858	830
858	855
858	940
859	654
859	707
859	757
859	836
859	875
859	878
859	902
859	910
859	921
859	953
859	954
859	959
859	960
859	962
859	976
860	811
860	829
860	864
860	882
860	891
860	903
860	905
860	934
860	943
860	957
860	978
860	985
860	989
860	992
860	996
861	174
861	244
861	397
861	448
861	741
861	766
861	809
861	826
861	828
861	839
861	842
861	847
861	848
861	850
861	898
862	75
862	111
862	237
862	532
862	567
862	657
862	672
862	699
862	726
862	748
862	767
862	806
862	838
862	863
862	873
863	111
863	125
863	199
863	237
863	532
863	567
863	657
863	672
863	726
863	748
863	767
863	806
863	838
863	862
863	873
864	784
864	853
864	860
864	882
864	891
864	903
864	905
864	934
864	943
864	957
864	978
864	985
864	989
864	992
864	996
865	86
865	223
865	435
865	507
865	535
865	697
865	705
865	742
865	760
865	813
865	819
865	852
865	867
865	880
865	895
866	10
866	110
866	282
866	293
866	360
866	393
866	487
866	753
866	759
866	763
866	801
866	821
866	870
866	883
866	885
867	86
867	223
867	435
867	507
867	535
867	697
867	705
867	742
867	760
867	813
867	819
867	852
867	865
867	880
867	895
868	747
868	820
868	832
868	851
868	854
868	856
868	922
868	939
868	947
868	966
868	973
868	980
868	990
868	993
868	997
869	558
869	660
869	779
869	781
869	795
869	796
869	803
869	804
869	884
869	930
869	946
869	948
869	970
869	975
869	992
870	10
870	110
870	282
870	360
870	393
870	487
870	501
870	753
870	759
870	763
870	801
870	821
870	866
870	883
870	885
871	534
871	582
871	712
871	732
871	849
871	877
871	904
871	914
871	951
871	961
871	969
871	974
871	981
871	982
871	999
871	1000
872	626
872	734
872	773
872	786
872	844
872	889
872	901
872	929
872	938
872	950
872	956
872	963
872	968
872	984
872	986
873	111
873	199
873	211
873	237
873	532
873	567
873	657
873	672
873	699
873	726
873	748
873	767
873	806
873	838
873	862
873	863
874	387
874	466
874	505
874	607
874	633
874	677
874	755
874	803
874	843
874	879
874	881
874	887
874	888
874	911
874	915
874	927
875	460
875	686
875	707
875	751
875	757
875	836
875	859
875	878
875	902
875	910
875	921
875	954
875	959
875	960
875	962
875	976
876	151
876	272
876	351
876	447
876	489
876	541
876	563
876	709
876	716
876	765
876	771
876	810
876	814
876	827
876	831
876	937
877	796
877	849
877	871
877	904
877	914
877	951
877	961
877	969
877	974
877	981
877	982
877	999
877	1000
878	478
878	510
878	654
878	707
878	751
878	859
878	875
878	888
878	902
878	910
878	921
878	954
878	959
878	960
878	962
878	976
879	387
879	440
879	466
879	527
879	607
879	633
879	677
879	755
879	843
879	874
879	881
879	887
879	888
879	911
879	915
879	927
880	86
880	223
880	435
880	507
880	535
880	537
880	697
880	705
880	742
880	760
880	813
880	819
880	852
880	865
880	867
880	895
881	440
881	466
881	505
881	607
881	633
881	677
881	731
881	755
881	843
881	874
881	879
881	887
881	888
881	911
881	915
881	927
882	285
882	769
882	784
882	811
882	829
882	853
882	860
882	864
882	903
882	934
882	957
882	978
882	985
882	989
882	992
882	996
883	10
883	110
883	282
883	293
883	360
883	393
883	487
883	658
883	753
883	759
883	763
883	801
883	821
883	866
883	870
883	885
884	165
884	359
884	404
884	558
884	665
884	779
884	781
884	795
884	796
884	804
884	869
884	930
884	946
884	948
884	970
884	975
885	10
885	110
885	282
885	293
885	360
885	393
885	487
885	753
885	759
885	763
885	801
885	821
885	841
885	866
885	870
885	883
886	184
886	414
886	656
886	692
886	701
886	785
886	818
886	822
886	893
886	897
886	913
886	918
886	925
886	935
886	945
886	967
887	387
887	440
887	505
887	607
887	633
887	677
887	755
887	843
887	844
887	874
887	879
887	881
887	888
887	911
887	915
887	927
888	387
888	440
888	466
888	607
888	633
888	677
888	755
888	843
888	874
888	878
888	879
888	881
888	887
888	911
888	915
888	927
889	17
889	114
889	734
889	773
889	786
889	844
889	872
889	901
889	929
889	938
889	950
889	956
889	963
889	968
889	984
889	986
890	6
890	24
890	74
890	160
890	284
890	407
890	417
890	420
890	434
890	488
890	617
890	743
890	816
890	835
890	845
890	892
891	769
891	784
891	829
891	853
891	860
891	864
891	903
891	905
891	934
891	943
891	957
891	978
891	985
891	989
891	992
891	996
892	6
892	24
892	74
892	160
892	284
892	417
892	420
892	434
892	484
892	488
892	617
892	743
892	816
892	835
892	845
892	890
893	466
893	468
893	692
893	701
893	783
893	785
893	818
893	822
893	886
893	897
893	913
893	918
893	925
893	935
893	945
893	967
894	579
894	802
894	823
894	908
894	909
894	912
894	919
894	920
894	924
894	928
894	932
894	941
894	953
895	86
895	223
895	435
895	507
895	535
895	697
895	705
895	723
895	742
895	760
895	813
895	819
895	852
895	865
895	867
895	880
896	834
896	857
896	952
896	955
896	965
896	971
896	972
896	979
896	980
896	983
896	987
896	988
896	991
896	994
896	995
896	998
897	334
897	468
897	656
897	692
897	701
897	783
897	818
897	822
897	886
897	893
897	913
897	918
897	925
897	935
897	945
897	967
898	69
898	244
898	307
898	397
898	448
898	741
898	766
898	809
898	826
898	828
898	839
898	842
898	847
898	848
898	850
898	861
899	254
899	451
899	481
899	700
899	800
899	824
899	846
899	906
899	907
899	916
899	917
899	923
899	925
899	926
899	940
899	942
899	944
900	60
900	86
900	318
900	644
900	718
900	758
900	805
900	815
900	837
900	931
900	933
900	936
900	937
900	949
900	958
900	964
900	977
901	416
901	734
901	773
901	786
901	827
901	844
901	872
901	889
901	929
901	938
901	950
901	956
901	963
901	968
901	984
901	986
902	400
902	510
902	686
902	707
902	751
902	757
902	836
902	859
902	875
902	878
902	910
902	921
902	954
902	959
902	960
902	962
902	976
903	340
903	784
903	811
903	829
903	860
903	864
903	882
903	891
903	905
903	934
903	943
903	957
903	978
903	985
903	989
903	992
903	996
904	534
904	571
904	582
904	712
904	732
904	849
904	871
904	877
904	914
904	951
904	961
904	969
904	974
904	981
904	982
904	999
904	1000
905	630
905	769
905	784
905	811
905	853
905	860
905	864
905	891
905	903
905	934
905	943
905	957
905	978
905	985
905	989
905	992
905	996
906	51
906	451
906	481
906	700
906	800
906	824
906	846
906	899
906	907
906	916
906	917
906	923
906	926
906	940
906	942
906	944
906	971
907	124
907	254
907	451
907	481
907	700
907	800
907	824
907	846
907	899
907	906
907	916
907	917
907	923
907	926
907	940
907	942
907	944
908	88
908	198
908	539
908	575
908	614
908	802
908	823
908	894
908	909
908	912
908	919
908	920
908	924
908	928
908	932
908	941
908	953
909	198
909	539
909	575
909	614
909	802
909	823
909	894
909	908
909	912
909	919
909	920
909	924
909	928
909	932
909	941
909	953
909	966
910	139
910	510
910	686
910	707
910	751
910	757
910	836
910	859
910	875
910	878
910	902
910	921
910	954
910	959
910	960
910	962
910	976
911	387
911	440
911	466
911	505
911	607
911	633
911	677
911	755
911	843
911	874
911	879
911	881
911	887
911	888
911	915
911	927
911	951
912	88
912	539
912	575
912	614
912	712
912	802
912	823
912	894
912	908
912	909
912	919
912	920
912	924
912	928
912	932
912	941
912	953
913	334
913	468
913	656
913	701
913	783
913	785
913	818
913	822
913	886
913	893
913	897
913	918
913	925
913	934
913	935
913	945
913	967
914	327
914	571
914	732
914	748
914	849
914	871
914	877
914	904
914	951
914	961
914	969
914	974
914	981
914	982
914	999
914	1000
915	387
915	440
915	466
915	505
915	607
915	633
915	677
915	755
915	787
915	843
915	874
915	879
915	881
915	887
915	888
915	911
915	927
916	670
916	700
916	800
916	824
916	846
916	899
916	906
916	907
916	917
916	923
916	926
916	940
916	942
916	944
917	481
917	624
917	700
917	800
917	824
917	846
917	899
917	906
917	907
917	916
917	923
917	926
917	940
917	942
917	944
918	184
918	334
918	468
918	656
918	692
918	783
918	785
918	818
918	822
918	886
918	893
918	897
918	913
918	925
918	935
918	945
918	967
919	88
919	169
919	539
919	575
919	614
919	802
919	823
919	894
919	908
919	909
919	912
919	920
919	924
919	928
919	932
919	941
919	953
920	198
920	774
920	802
920	823
920	894
920	908
920	909
920	912
920	919
920	924
920	928
920	932
920	941
920	953
921	510
921	591
921	654
921	686
921	751
921	757
921	836
921	859
921	875
921	878
921	902
921	910
921	954
921	959
921	960
921	962
921	976
922	632
922	708
922	820
922	832
922	843
922	851
922	854
922	856
922	868
922	939
922	947
922	966
922	973
922	980
922	990
922	993
922	997
923	51
923	451
923	481
923	700
923	800
923	824
923	846
923	899
923	906
923	907
923	916
923	917
923	926
923	940
923	942
923	944
923	958
924	169
924	198
924	575
924	614
924	722
924	802
924	823
924	894
924	908
924	909
924	912
924	919
924	920
924	928
924	932
924	941
924	953
925	184
925	334
925	656
925	692
925	783
925	785
925	818
925	822
925	886
925	893
925	897
925	899
925	913
925	918
925	935
925	945
925	967
926	51
926	254
926	451
926	700
926	757
926	800
926	824
926	846
926	899
926	906
926	907
926	916
926	917
926	923
926	940
926	942
926	944
927	387
927	440
927	466
927	505
927	607
927	633
927	654
927	677
927	755
927	843
927	874
927	879
927	881
927	887
927	888
927	911
927	915
928	169
928	524
928	539
928	575
928	614
928	802
928	823
928	894
928	908
928	909
928	912
928	919
928	920
928	924
928	932
928	941
928	953
929	416
929	452
929	540
929	734
929	773
929	786
929	844
929	872
929	889
929	901
929	938
929	950
929	956
929	963
929	968
929	984
929	986
930	44
930	165
930	267
930	359
930	558
930	660
930	665
930	779
930	781
930	795
930	796
930	803
930	869
930	884
930	946
930	948
930	970
930	975
931	213
931	318
931	398
931	518
931	644
931	718
931	758
931	805
931	815
931	837
931	900
931	933
931	936
931	937
931	949
931	958
931	964
931	977
932	88
932	169
932	198
932	539
932	575
932	614
932	802
932	823
932	894
932	908
932	909
932	912
932	919
932	920
932	924
932	928
932	941
932	953
933	60
933	213
933	505
933	518
933	644
933	718
933	758
933	805
933	815
933	837
933	900
933	931
933	936
933	937
933	949
933	958
933	964
933	977
934	769
934	784
934	829
934	853
934	860
934	864
934	882
934	891
934	903
934	905
934	913
934	943
934	957
934	978
934	985
934	989
934	992
934	996
935	184
935	334
935	468
935	656
935	692
935	701
935	783
935	785
935	818
935	822
935	886
935	893
935	897
935	913
935	918
935	925
935	945
935	967
936	213
936	318
936	518
936	591
936	644
936	718
936	758
936	805
936	815
936	837
936	900
936	931
936	933
936	937
936	949
936	958
936	964
936	977
937	213
937	318
937	518
937	644
937	718
937	758
937	805
937	815
937	837
937	876
937	900
937	931
937	933
937	936
937	949
937	958
937	964
937	977
938	416
938	433
938	452
938	734
938	768
938	773
938	786
938	844
938	872
938	889
938	901
938	929
938	950
938	956
938	963
938	968
938	984
938	986
939	704
939	708
939	723
939	820
939	823
939	832
939	851
939	854
939	856
939	868
939	922
939	947
939	966
939	973
939	980
939	990
939	993
939	997
940	51
940	254
940	451
940	481
940	700
940	800
940	824
940	846
940	858
940	899
940	906
940	907
940	916
940	917
940	923
940	926
940	942
940	944
941	169
941	198
941	539
941	575
941	614
941	802
941	823
941	894
941	908
941	909
941	912
941	919
941	920
941	924
941	928
941	932
941	949
941	953
942	51
942	254
942	451
942	468
942	481
942	700
942	800
942	824
942	846
942	899
942	906
942	907
942	916
942	917
942	923
942	926
942	940
942	944
943	370
943	769
943	784
943	811
943	829
943	853
943	860
943	864
943	891
943	903
943	905
943	934
943	957
943	978
943	985
943	989
943	992
943	996
944	51
944	254
944	451
944	481
944	576
944	700
944	800
944	824
944	846
944	899
944	906
944	907
944	916
944	917
944	923
944	926
944	940
944	942
945	264
945	334
945	468
945	656
945	692
945	701
945	783
945	785
945	818
945	822
945	886
945	893
945	897
945	913
945	918
945	925
945	935
945	967
946	165
946	267
946	359
946	558
946	660
946	665
946	779
946	781
946	795
946	796
946	803
946	804
946	869
946	884
946	930
946	948
946	970
946	975
947	632
947	704
947	708
947	759
947	820
947	832
947	851
947	854
947	856
947	868
947	922
947	939
947	966
947	973
947	980
947	990
947	993
947	997
948	165
948	267
948	359
948	558
948	660
948	738
948	779
948	781
948	795
948	796
948	803
948	804
948	869
948	884
948	930
948	946
948	970
948	975
949	227
949	518
949	644
949	718
949	758
949	805
949	815
949	837
949	900
949	931
949	933
949	936
949	937
949	941
949	958
949	964
949	977
950	3
950	17
950	433
950	452
950	734
950	773
950	786
950	844
950	872
950	889
950	901
950	929
950	938
950	956
950	963
950	968
950	984
950	986
951	534
951	571
951	582
951	712
951	732
951	849
951	871
951	877
951	904
951	911
951	914
951	961
951	969
951	974
951	981
951	982
951	999
951	1000
952	665
952	807
952	834
952	857
952	896
952	955
952	965
952	971
952	972
952	979
952	983
952	987
952	988
952	991
952	994
952	995
952	998
953	88
953	169
953	198
953	539
953	575
953	614
953	802
953	823
953	859
953	894
953	908
953	909
953	912
953	919
953	920
953	924
953	928
953	932
953	941
954	459
954	478
954	510
954	654
954	686
954	707
954	751
954	757
954	836
954	859
954	875
954	878
954	902
954	910
954	921
954	959
954	960
954	962
954	976
955	612
955	768
955	807
955	817
955	834
955	857
955	896
955	952
955	965
955	971
955	972
955	979
955	983
955	987
955	988
955	991
955	994
955	995
955	998
956	114
956	326
956	416
956	433
956	452
956	734
956	773
956	786
956	844
956	872
956	889
956	901
956	929
956	938
956	950
956	963
956	968
956	984
956	986
957	34
957	94
957	769
957	811
957	829
957	853
957	860
957	864
957	882
957	891
957	903
957	905
957	934
957	943
957	978
957	985
957	989
957	992
957	996
958	60
958	213
958	318
958	518
958	644
958	718
958	758
958	805
958	815
958	837
958	900
958	923
958	931
958	933
958	936
958	937
958	949
958	964
958	977
959	478
959	510
959	654
959	686
959	707
959	751
959	757
959	836
959	851
959	859
959	875
959	878
959	902
959	910
959	921
959	954
959	960
959	962
959	976
960	478
960	510
960	654
960	686
960	707
960	751
960	757
960	824
960	836
960	859
960	875
960	878
960	902
960	910
960	921
960	954
960	959
960	962
960	976
961	42
961	259
961	327
961	534
961	582
961	712
961	732
961	849
961	871
961	877
961	904
961	914
961	951
961	969
961	974
961	981
961	982
961	999
961	1000
962	63
962	478
962	510
962	654
962	686
962	707
962	751
962	757
962	836
962	859
962	875
962	878
962	902
962	910
962	921
962	954
962	959
962	960
962	976
963	17
963	114
963	416
963	433
963	452
963	477
963	734
963	773
963	786
963	844
963	872
963	889
963	901
963	929
963	938
963	950
963	956
963	968
963	984
963	986
964	60
964	81
964	213
964	318
964	518
964	644
964	718
964	758
964	805
964	815
964	837
964	900
964	931
964	933
964	936
964	937
964	949
964	958
964	977
965	135
965	768
965	807
965	834
965	857
965	896
965	952
965	955
965	971
965	972
965	979
965	983
965	987
965	988
965	991
965	994
965	995
965	998
966	632
966	704
966	708
966	723
966	820
966	832
966	851
966	854
966	856
966	868
966	909
966	922
966	939
966	947
966	973
966	980
966	990
966	993
966	997
967	184
967	334
967	468
967	656
967	692
967	701
967	783
967	785
967	818
967	822
967	838
967	886
967	893
967	897
967	913
967	918
967	925
967	935
967	945
968	114
968	416
968	433
968	452
968	730
968	734
968	773
968	786
968	844
968	872
968	889
968	901
968	929
968	938
968	950
968	956
968	963
968	984
968	986
969	259
969	534
969	571
969	582
969	712
969	721
969	732
969	849
969	871
969	877
969	904
969	914
969	951
969	961
969	974
969	981
969	982
969	999
969	1000
970	165
970	236
970	267
970	359
970	558
970	660
970	665
970	779
970	781
970	795
970	796
970	803
970	804
970	869
970	884
970	930
970	946
970	948
970	975
971	529
971	768
971	807
971	834
971	857
971	896
971	906
971	952
971	955
971	965
971	972
971	979
971	983
971	987
971	988
971	991
971	994
971	995
971	998
972	612
972	768
972	779
972	807
972	834
972	857
972	896
972	952
972	955
972	965
972	971
972	979
972	983
972	987
972	988
972	991
972	994
972	995
972	998
973	65
973	632
973	704
973	708
973	723
973	820
973	832
973	851
973	854
973	856
973	868
973	922
973	939
973	947
973	966
973	980
973	990
973	993
973	997
974	259
974	327
974	571
974	582
974	712
974	732
974	816
974	849
974	871
974	877
974	904
974	914
974	951
974	961
974	969
974	981
974	982
974	999
974	1000
975	70
975	165
975	267
975	359
975	558
975	660
975	665
975	779
975	781
975	795
975	796
975	803
975	804
975	869
975	884
975	930
975	946
975	948
975	970
976	478
976	510
976	538
976	654
976	686
976	707
976	751
976	757
976	836
976	859
976	875
976	878
976	902
976	910
976	921
976	954
976	959
976	960
976	962
977	60
977	213
977	318
977	518
977	594
977	644
977	718
977	758
977	805
977	815
977	837
977	900
977	931
977	933
977	936
977	937
977	949
977	958
977	964
978	185
978	437
978	769
978	784
978	811
978	829
978	853
978	860
978	864
978	882
978	891
978	903
978	905
978	934
978	943
978	957
978	985
978	989
978	992
978	996
979	431
979	529
979	612
979	768
979	807
979	834
979	857
979	896
979	952
979	955
979	965
979	971
979	972
979	983
979	987
979	988
979	991
979	994
979	995
979	998
980	46
980	632
980	704
980	708
980	723
980	820
980	832
980	851
980	854
980	856
980	868
980	896
980	922
980	939
980	947
980	966
980	973
980	990
980	993
980	997
981	259
981	327
981	534
981	571
981	582
981	712
981	732
981	849
981	871
981	877
981	904
981	914
981	951
981	961
981	969
981	974
981	982
981	994
981	999
981	1000
982	39
982	259
982	327
982	534
982	571
982	582
982	712
982	732
982	849
982	871
982	877
982	904
982	914
982	951
982	961
982	969
982	974
982	981
982	999
982	1000
983	479
983	529
983	612
983	768
983	807
983	834
983	857
983	896
983	952
983	955
983	965
983	971
983	972
983	979
983	987
983	988
983	991
983	994
983	995
983	998
984	17
984	114
984	416
984	433
984	452
984	727
984	734
984	773
984	786
984	844
984	872
984	889
984	901
984	929
984	938
984	950
984	956
984	963
984	968
984	986
985	185
985	566
985	769
985	784
985	811
985	829
985	853
985	860
985	864
985	882
985	891
985	903
985	905
985	934
985	943
985	957
985	978
985	989
985	992
985	996
986	17
986	114
986	256
986	416
986	433
986	452
986	734
986	773
986	786
986	844
986	872
986	889
986	901
986	929
986	938
986	950
986	956
986	963
986	968
986	984
987	189
987	529
987	612
987	768
987	807
987	834
987	857
987	896
987	952
987	955
987	965
987	971
987	972
987	979
987	983
987	988
987	991
987	994
987	995
987	998
988	529
988	612
988	768
988	794
988	807
988	834
988	857
988	896
988	952
988	955
988	965
988	971
988	972
988	979
988	983
988	987
988	991
988	994
988	995
988	998
989	92
989	185
989	769
989	784
989	811
989	829
989	853
989	860
989	864
989	882
989	891
989	903
989	905
989	934
989	943
989	957
989	978
989	985
989	992
989	996
990	46
990	61
990	632
990	704
990	708
990	723
990	820
990	832
990	851
990	854
990	856
990	868
990	922
990	939
990	947
990	966
990	973
990	980
990	993
990	997
991	529
991	612
991	768
991	807
991	815
991	834
991	857
991	896
991	952
991	955
991	965
991	971
991	972
991	979
991	983
991	987
991	988
991	994
991	995
991	998
992	185
992	769
992	784
992	811
992	829
992	853
992	860
992	864
992	869
992	882
992	891
992	903
992	905
992	934
992	943
992	957
992	978
992	985
992	989
992	996
993	46
993	267
993	632
993	704
993	708
993	723
993	820
993	832
993	851
993	854
993	856
993	868
993	922
993	939
993	947
993	966
993	973
993	980
993	990
993	997
994	529
994	612
994	768
994	807
994	834
994	857
994	896
994	952
994	955
994	965
994	971
994	972
994	979
994	981
994	983
994	987
994	988
994	991
994	995
994	998
995	529
995	612
995	768
995	807
995	828
995	834
995	857
995	896
995	952
995	955
995	965
995	971
995	972
995	979
995	983
995	987
995	988
995	991
995	994
995	998
996	185
996	636
996	769
996	784
996	811
996	829
996	853
996	860
996	864
996	882
996	891
996	903
996	905
996	934
996	943
996	957
996	978
996	985
996	989
996	992
997	46
997	329
997	632
997	704
997	708
997	723
997	820
997	832
997	851
997	854
997	856
997	868
997	922
997	939
997	947
997	966
997	973
997	980
997	990
997	993
998	506
998	529
998	612
998	768
998	807
998	834
998	857
998	896
998	952
998	955
998	965
998	971
998	972
998	979
998	983
998	987
998	988
998	991
998	994
998	995
999	259
999	327
999	335
999	534
999	571
999	582
999	712
999	732
999	849
999	871
999	877
999	904
999	914
999	951
999	961
999	969
999	974
999	981
999	982
999	1000
1000	259
1000	327
1000	352
1000	534
1000	571
1000	582
1000	712
1000	732
1000	849
1000	871
1000	877
1000	904
1000	914
1000	951
1000	961
1000	969
1000	974
1000	981
1000	982
1000	999
