1	2
1	273
1	583
1	726
1	775
1	780
2	1
2	583
2	726
2	775
2	780
2	956
3	393
3	534
3	537
3	665
3	667
3	766
4	467
4	569
4	574
4	641
4	706
4	784
5	552
5	636
5	744
5	871
5	872
5	895
6	281
6	744
6	862
6	871
6	872
6	895
7	23
7	70
7	175
7	191
7	206
7	284
8	296
8	440
8	501
8	619
8	690
8	745
9	374
9	399
9	407
9	468
9	528
9	890
10	20
10	140
10	151
10	158
10	172
10	866
11	260
11	293
11	444
11	544
11	576
11	657
12	865
12	873
12	928
12	933
12	948
12	959
13	509
13	571
13	604
13	798
13	807
13	818
14	26
14	306
14	490
14	588
14	605
14	624
15	251
15	367
15	583
15	716
15	775
15	780
16	30
16	32
16	67
16	113
16	147
16	314
17	67
17	332
17	352
17	446
17	635
17	680
18	787
18	834
18	837
18	885
18	896
18	937
19	842
19	844
19	898
19	921
19	923
19	942
20	10
20	140
20	151
20	158
20	172
20	777
21	140
21	221
21	295
21	380
21	422
21	996
22	50
22	194
22	226
22	274
22	325
22	371
23	7
23	70
23	108
23	175
23	284
23	987
24	74
24	176
24	356
24	406
24	587
24	651
25	864
25	898
25	909
25	921
25	923
25	942
26	14
26	490
26	588
26	605
26	618
26	676
27	49
27	61
27	104
27	195
27	408
27	456
28	511
28	613
28	764
28	769
28	791
28	792
29	602
29	684
29	820
29	825
29	882
29	893
30	16
30	32
30	67
30	113
30	147
30	314
31	683
31	700
31	736
31	737
31	740
31	781
32	16
32	30
32	67
32	113
32	147
32	314
33	213
33	285
33	299
33	312
33	328
33	331
34	100
34	142
34	181
34	186
34	296
34	370
35	397
35	425
35	480
35	612
35	687
35	735
36	89
36	179
36	221
36	295
36	380
36	422
37	376
37	424
37	487
37	712
37	717
37	725
38	211
38	374
38	399
38	407
38	468
38	528
39	169
39	282
39	362
39	532
39	575
39	591
40	433
40	443
40	535
40	619
40	690
40	745
41	251
41	324
41	716
41	726
41	775
41	780
42	60
42	390
42	510
42	519
42	570
42	580
43	547
43	760
43	808
43	829
43	840
43	843
44	109
44	128
44	163
44	165
44	234
44	264
45	148
45	238
45	260
45	293
45	576
45	657
46	173
46	193
46	209
46	305
46	311
46	321
47	95
47	155
47	197
47	246
47	364
47	489
48	403
48	516
48	534
48	741
48	752
48	766
49	27
49	61
49	86
49	136
49	408
49	456
50	22
50	76
50	226
50	274
50	325
50	371
51	931
51	955
51	956
51	994
51	997
51	1000
52	123
52	515
52	572
52	633
52	762
52	849
53	217
53	267
53	310
53	320
53	351
53	474
54	375
54	381
54	395
54	538
54	550
54	616
55	278
55	363
55	499
55	630
55	668
55	773
56	470
56	514
56	600
56	677
56	714
56	915
57	280
57	291
57	332
57	333
57	635
57	680
58	786
58	800
58	810
58	829
58	840
58	843
59	634
59	675
59	732
59	734
59	795
59	799
60	42
60	339
60	415
60	549
60	570
60	580
61	27
61	49
61	86
61	104
61	408
61	456
62	494
62	650
62	689
62	705
62	738
62	903
63	702
63	715
63	765
63	771
63	839
63	858
64	117
64	216
64	421
64	504
64	542
64	626
65	277
65	300
65	343
65	389
65	413
65	420
66	213
66	285
66	299
66	312
66	328
66	331
67	16
67	17
67	30
67	32
67	147
67	314
68	102
68	136
68	174
68	301
68	469
68	594
69	124
69	280
69	352
69	452
69	635
69	680
70	7
70	23
70	108
70	191
70	206
70	284
71	709
71	736
71	737
71	740
71	781
71	979
72	190
72	334
72	702
72	771
72	839
72	858
73	97
73	111
73	297
73	298
73	335
73	418
74	24
74	98
74	106
74	406
74	651
74	952
75	156
75	386
75	503
75	538
75	717
75	725
76	50
76	194
76	226
76	274
76	371
76	444
77	608
77	658
77	724
77	874
77	888
77	897
78	155
78	197
78	235
78	246
78	364
78	489
79	207
79	217
79	310
79	320
79	351
79	474
80	936
80	970
80	979
80	988
80	990
80	991
81	265
81	290
81	574
81	641
81	706
81	784
82	564
82	679
82	699
82	719
82	730
82	780
83	278
83	483
83	598
83	630
83	668
83	773
84	237
84	459
84	505
84	609
84	623
84	686
85	502
85	523
85	568
85	581
85	611
85	978
86	49
86	61
86	104
86	195
86	408
86	456
87	245
87	459
87	505
87	609
87	623
87	686
88	159
88	205
88	294
88	347
88	361
88	450
89	36
89	179
89	221
89	295
89	380
89	422
90	508
90	596
90	763
90	778
90	809
90	841
91	101
91	256
91	599
91	601
91	720
91	757
92	631
92	722
92	739
92	755
92	777
92	990
93	393
93	662
93	763
93	778
93	809
93	841
94	117
94	189
94	346
94	421
94	504
94	626
95	47
95	155
95	197
95	246
95	364
95	489
96	162
96	338
96	562
96	600
96	677
96	714
97	73
97	152
97	297
97	298
97	330
97	418
98	74
98	283
98	356
98	434
98	587
98	651
99	718
99	722
99	739
99	755
99	756
99	777
100	34
100	142
100	149
100	186
100	296
100	370
101	91
101	465
101	599
101	643
101	720
101	757
102	68
102	240
102	275
102	301
102	594
102	731
103	220
103	515
103	688
103	693
103	762
103	849
104	27
104	61
104	86
104	195
104	408
104	456
105	823
105	919
105	925
105	934
105	939
105	946
106	74
106	270
106	283
106	356
106	434
106	651
107	632
107	907
107	920
107	924
107	932
107	941
108	23
108	70
108	175
108	191
108	206
108	284
109	44
109	128
109	163
109	165
109	234
109	264
110	502
110	513
110	523
110	568
110	581
110	611
111	73
111	152
111	297
111	298
111	335
111	418
112	162
112	338
112	514
112	562
112	677
112	714
113	16
113	30
113	32
113	147
113	314
113	627
114	552
114	636
114	862
114	871
114	872
114	895
115	724
115	749
115	758
115	874
115	888
115	897
116	118
116	119
116	141
116	198
116	236
116	248
117	64
117	94
117	346
117	421
117	542
117	626
118	116
118	119
118	141
118	198
118	236
118	248
119	116
119	118
119	141
119	198
119	236
119	248
120	278
120	363
120	499
120	630
120	668
120	773
121	178
121	417
121	431
121	478
121	481
121	540
122	144
122	435
122	530
122	719
122	730
122	964
123	52
123	309
123	341
123	563
123	633
123	849
124	69
124	333
124	352
124	446
124	635
124	680
125	211
125	374
125	399
125	407
125	468
125	528
126	396
126	634
126	675
126	732
126	734
126	799
127	169
127	282
127	400
127	532
127	575
127	591
128	44
128	109
128	163
128	165
128	234
128	264
129	373
129	634
129	674
129	734
129	795
129	799
130	855
130	878
130	894
130	916
130	930
130	958
131	782
131	880
131	920
131	924
131	932
131	941
132	910
132	915
132	927
132	964
132	965
132	975
133	269
133	306
133	366
133	618
133	624
133	930
134	931
134	943
134	969
134	994
134	997
134	1000
135	466
135	800
135	808
135	810
135	840
135	843
136	49
136	68
136	174
136	240
136	292
136	594
137	951
137	968
137	973
137	977
137	998
137	999
138	402
138	610
138	670
138	721
138	794
138	845
139	350
139	530
139	679
139	699
139	719
139	742
140	10
140	20
140	21
140	151
140	158
140	172
141	116
141	118
141	119
141	236
141	248
141	271
142	34
142	100
142	181
142	186
142	296
142	370
143	437
143	449
143	500
143	567
143	577
143	827
144	122
144	564
144	661
144	699
144	719
144	730
145	607
145	673
145	686
145	783
145	802
145	891
146	223
146	724
146	750
146	874
146	888
146	897
147	16
147	30
147	32
147	67
147	113
147	314
148	45
148	238
148	444
148	544
148	576
148	657
149	100
149	181
149	186
149	296
149	370
149	425
150	327
150	342
150	343
150	389
150	413
150	420
151	10
151	20
151	140
151	158
151	172
151	993
152	97
152	111
152	297
152	298
152	335
152	418
153	232
153	391
153	819
153	826
153	851
153	868
154	634
154	674
154	675
154	732
154	795
154	799
155	47
155	78
155	95
155	246
155	422
155	489
156	75
156	376
156	386
156	712
156	717
156	725
157	178
157	300
157	417
157	431
157	478
157	540
158	10
158	20
158	140
158	151
158	172
158	214
159	88
159	205
159	294
159	347
159	361
159	450
160	388
160	592
160	751
160	768
160	797
160	812
161	233
161	477
161	573
161	649
161	692
161	727
162	96
162	112
162	562
162	600
162	677
162	714
163	44
163	109
163	128
163	165
163	234
163	264
164	205
164	294
164	302
164	347
164	361
164	450
165	44
165	109
165	128
165	163
165	234
165	264
166	701
166	852
166	853
166	866
166	900
166	982
167	173
167	193
167	209
167	311
167	321
167	943
168	903
168	938
168	945
168	954
168	960
168	962
169	39
169	127
169	362
169	400
169	532
169	591
170	607
170	648
170	802
170	850
170	891
170	910
171	983
171	986
171	987
171	989
171	992
171	996
172	10
172	20
172	140
172	151
172	158
172	773
173	46
173	167
173	305
173	311
173	321
173	688
174	68
174	136
174	292
174	301
174	469
174	594
175	7
175	23
175	108
175	191
175	206
175	284
176	24
176	270
176	356
176	406
176	434
176	587
177	261
177	480
177	491
177	612
177	735
177	900
178	121
178	157
178	417
178	478
178	481
178	540
179	36
179	89
179	221
179	295
179	380
179	422
180	377
180	429
180	606
180	663
180	685
180	691
181	34
181	142
181	149
181	186
181	296
181	370
182	610
182	715
182	771
182	839
182	858
182	940
183	222
183	678
183	819
183	826
183	851
183	868
184	470
184	514
184	562
184	600
184	677
184	714
185	455
185	474
185	819
185	826
185	851
185	868
186	34
186	100
186	142
186	149
186	181
186	370
187	288
187	429
187	432
187	663
187	685
187	691
188	245
188	459
188	505
188	609
188	623
188	686
189	94
189	216
189	421
189	504
189	542
189	626
190	72
190	539
190	702
190	765
190	839
190	858
191	7
191	70
191	108
191	175
191	206
191	284
192	394
192	485
192	820
192	825
192	882
192	893
193	46
193	167
193	209
193	305
193	311
193	321
194	22
194	76
194	226
194	274
194	325
194	371
195	27
195	86
195	104
195	408
195	456
195	652
196	788
196	793
196	796
196	816
196	833
196	877
197	47
197	78
197	95
197	246
197	364
197	489
198	116
198	118
198	119
198	236
198	248
198	889
199	919
199	925
199	929
199	934
199	939
199	946
200	354
200	592
200	768
200	770
200	797
200	812
201	903
201	906
201	938
201	945
201	960
201	962
202	265
202	467
202	622
202	641
202	706
202	784
203	411
203	561
203	744
203	862
203	871
203	895
204	428
204	529
204	613
204	764
204	769
204	791
204	792
205	88
205	159
205	164
205	294
205	347
205	361
205	450
206	7
206	70
206	108
206	175
206	191
206	284
206	486
207	79
207	217
207	310
207	320
207	351
207	474
207	493
208	620
208	673
208	682
208	783
208	802
208	850
208	891
209	46
209	167
209	193
209	305
209	311
209	321
209	781
210	290
210	467
210	569
210	622
210	641
210	706
210	784
211	38
211	125
211	374
211	399
211	407
211	468
211	528
212	248
212	493
212	787
212	831
212	860
212	896
212	937
213	33
213	66
213	285
213	312
213	328
213	331
213	618
214	158
214	502
214	513
214	523
214	568
214	581
214	611
215	273
215	583
215	682
215	716
215	726
215	775
215	780
216	64
216	189
216	346
216	421
216	504
216	542
216	626
217	53
217	79
217	207
217	310
217	320
217	351
217	474
218	250
218	731
218	763
218	778
218	809
218	841
218	934
219	637
219	823
219	836
219	852
219	853
219	883
219	900
220	103
220	257
220	341
220	633
220	688
220	693
220	849
221	21
221	36
221	89
221	179
221	295
221	380
221	422
222	183
222	391
222	533
222	819
222	826
222	851
222	868
223	146
223	749
223	758
223	874
223	888
223	897
223	946
224	272
224	642
224	646
224	647
224	669
224	694
224	985
225	476
225	536
225	642
225	646
225	659
225	669
225	692
226	22
226	50
226	76
226	194
226	274
226	325
226	371
227	518
227	560
227	599
227	601
227	643
227	720
227	757
228	671
228	830
228	859
228	903
228	954
228	960
228	962
229	414
229	506
229	604
229	614
229	696
229	807
229	818
230	484
230	836
230	852
230	853
230	866
230	883
230	900
231	604
231	614
231	678
231	696
231	798
231	807
231	818
232	153
232	391
232	678
232	819
232	826
232	851
232	868
233	161
233	307
233	477
233	565
233	649
233	660
233	727
234	44
234	109
234	128
234	163
234	165
234	264
234	887
235	78
235	390
235	415
235	510
235	519
235	549
235	580
236	116
236	118
236	119
236	141
236	198
236	248
236	693
237	84
237	259
237	505
237	609
237	623
237	667
237	686
238	45
238	148
238	293
238	544
238	576
238	654
238	657
239	888
239	952
239	956
239	969
239	994
239	997
239	1000
240	102
240	136
240	275
240	292
240	301
240	469
240	594
241	539
241	610
241	715
241	765
241	771
241	839
241	858
242	637
242	701
242	836
242	853
242	866
242	883
242	900
243	502
243	513
243	523
243	568
243	581
243	611
243	976
244	318
244	409
244	551
244	644
244	733
244	754
244	838
245	87
245	188
245	259
245	459
245	609
245	623
245	686
246	47
246	78
246	95
246	155
246	197
246	364
246	489
247	561
247	636
247	744
247	862
247	871
247	872
247	895
248	116
248	118
248	119
248	141
248	198
248	212
248	236
249	427
249	457
249	557
249	589
249	621
249	625
249	704
250	218
250	452
250	731
250	763
250	778
250	809
250	841
251	15
251	41
251	496
251	716
251	726
251	775
251	780
252	483
252	499
252	598
252	630
252	668
252	706
252	773
253	394
253	602
253	666
253	698
253	820
253	882
253	893
254	267
254	308
254	437
254	449
254	500
254	567
254	577
255	639
255	791
255	880
255	907
255	924
255	932
255	941
256	91
256	465
256	518
256	560
256	601
256	720
256	757
257	220
257	515
257	633
257	688
257	693
257	762
257	849
258	368
258	375
258	381
258	395
258	538
258	550
258	616
259	237
259	245
259	505
259	609
259	623
259	686
259	991
260	11
260	45
260	293
260	444
260	544
260	576
260	657
261	177
261	425
261	451
261	480
261	491
261	687
261	735
262	683
262	700
262	709
262	736
262	737
262	740
262	781
263	401
263	485
263	698
263	825
263	880
263	882
263	893
264	44
264	109
264	128
264	163
264	165
264	234
264	856
265	81
265	202
265	569
265	574
265	622
265	706
265	784
266	813
266	884
266	899
266	928
266	933
266	948
266	959
267	53
267	254
267	437
267	449
267	500
267	567
267	577
268	275
268	533
268	678
268	819
268	826
268	851
268	868
269	133
269	344
269	490
269	588
269	605
269	618
269	624
270	106
270	176
270	283
270	406
270	434
270	587
270	651
271	141
271	823
271	836
271	852
271	866
271	883
271	900
272	224
272	536
272	548
272	642
272	646
272	659
272	694
273	1
273	215
273	367
273	716
273	726
273	775
273	780
274	22
274	50
274	76
274	194
274	226
274	325
274	371
275	102
275	240
275	268
275	292
275	301
275	469
275	594
276	842
276	864
276	898
276	909
276	921
276	923
276	942
277	65
277	327
277	342
277	343
277	389
277	413
277	420
278	55
278	83
278	120
278	412
278	598
278	668
278	773
279	345
279	430
279	592
279	751
279	770
279	797
279	812
280	57
280	69
280	291
280	332
280	446
280	635
280	680
281	6
281	561
281	582
281	862
281	871
281	872
281	895
282	39
282	127
282	286
282	400
282	532
282	575
282	591
283	98
283	106
283	270
283	356
283	406
283	434
283	651
284	7
284	23
284	70
284	108
284	175
284	191
284	206
285	33
285	66
285	213
285	299
285	312
285	328
285	331
286	282
286	337
286	362
286	400
286	532
286	575
286	591
287	918
287	919
287	925
287	929
287	934
287	939
287	946
288	187
288	359
288	442
288	606
288	663
288	685
288	691
289	427
289	454
289	460
289	541
289	621
289	625
289	704
290	81
290	210
290	467
290	574
290	622
290	641
290	784
291	57
291	280
291	333
291	352
291	446
291	639
291	680
292	136
292	174
292	240
292	275
292	469
292	594
292	833
293	11
293	45
293	238
293	260
293	444
293	544
293	657
294	88
294	159
294	164
294	205
294	347
294	361
294	450
295	21
295	36
295	89
295	179
295	221
295	380
295	422
296	8
296	34
296	100
296	142
296	149
296	181
296	370
297	73
297	97
297	111
297	152
297	298
297	335
297	418
298	73
298	97
298	111
298	152
298	297
298	335
298	418
299	33
299	66
299	285
299	312
299	328
299	331
299	542
300	65
300	157
300	417
300	431
300	478
300	481
300	540
301	68
301	102
301	174
301	240
301	275
301	469
301	594
302	164
302	702
302	715
302	765
302	771
302	839
302	858
303	355
303	451
303	480
303	491
303	612
303	687
303	735
304	815
304	827
304	837
304	854
304	860
304	896
304	937
305	46
305	173
305	193
305	209
305	311
305	321
305	750
306	14
306	133
306	366
306	490
306	588
306	618
306	624
307	233
307	546
307	565
307	573
307	660
307	692
307	727
308	254
308	437
308	449
308	500
308	567
308	577
308	762
309	123
309	382
309	572
309	688
309	693
309	762
309	849
310	53
310	79
310	207
310	217
310	320
310	351
310	474
311	46
311	167
311	173
311	193
311	209
311	305
311	321
312	33
312	66
312	213
312	285
312	299
312	328
312	331
313	518
313	540
313	560
313	601
313	643
313	720
313	757
314	16
314	30
314	32
314	67
314	113
314	147
314	374
315	416
315	462
315	495
315	512
315	520
315	555
315	558
316	967
316	983
316	986
316	987
316	989
316	992
316	996
317	546
317	565
317	573
317	649
317	660
317	692
317	727
318	244
318	409
318	644
318	710
318	748
318	754
318	838
319	935
319	968
319	972
319	973
319	977
319	998
319	999
320	53
320	79
320	207
320	217
320	310
320	351
320	474
321	46
321	167
321	173
321	193
321	209
321	305
321	311
322	360
322	383
322	445
322	670
322	743
322	794
322	845
323	487
323	613
323	654
323	764
323	769
323	791
323	792
324	41
324	953
324	968
324	972
324	977
324	998
324	999
325	22
325	50
325	194
325	226
325	274
325	371
325	469
326	386
326	424
326	487
326	503
326	712
326	717
326	725
327	150
327	277
327	342
327	389
327	413
327	420
327	501
328	33
328	66
328	213
328	285
328	299
328	312
328	331
329	811
329	848
329	870
329	892
329	916
329	930
329	958
330	97
330	533
330	678
330	819
330	826
330	851
330	868
331	33
331	66
331	213
331	285
331	299
331	312
331	328
332	17
332	57
332	280
332	333
332	352
332	635
332	680
333	57
333	124
333	291
333	332
333	446
333	635
333	680
334	72
334	702
334	715
334	765
334	771
334	839
334	858
335	73
335	111
335	152
335	297
335	298
335	418
335	747
336	529
336	613
336	654
336	764
336	769
336	791
336	792
337	286
337	652
337	750
337	758
337	874
337	888
337	897
338	96
338	112
338	470
338	514
338	600
338	677
338	714
339	60
339	390
339	510
339	519
339	549
339	570
339	580
340	804
340	824
340	899
340	928
340	933
340	948
340	959
341	123
341	220
341	572
341	633
341	688
341	762
341	849
342	150
342	277
342	327
342	343
342	389
342	413
342	420
343	65
343	150
343	277
343	342
343	389
343	413
343	420
344	269
344	366
344	490
344	588
344	605
344	618
344	883
345	279
345	471
345	584
345	768
345	770
345	797
345	812
346	94
346	117
346	216
346	504
346	542
346	626
346	983
347	88
347	159
347	164
347	205
347	294
347	361
347	450
348	844
348	847
348	898
348	909
348	921
348	939
348	942
349	774
349	782
349	907
349	920
349	924
349	932
349	941
350	139
350	435
350	530
350	661
350	679
350	699
350	730
351	53
351	79
351	207
351	217
351	310
351	320
351	474
352	17
352	69
352	124
352	291
352	332
352	635
352	680
353	402
353	405
353	494
353	670
353	721
353	743
353	845
354	200
354	388
354	751
354	770
354	797
354	812
354	891
355	303
355	397
355	425
355	480
355	612
355	687
355	735
356	24
356	98
356	106
356	176
356	283
356	587
356	651
357	935
357	953
357	972
357	973
357	977
357	998
357	999
358	596
358	662
358	731
358	778
358	809
358	841
358	950
359	288
359	429
359	432
359	442
359	606
359	685
359	691
360	322
360	419
360	486
360	721
360	743
360	794
360	845
361	88
361	159
361	164
361	205
361	294
361	347
361	450
362	39
362	169
362	286
362	400
362	532
362	575
362	591
363	55
363	120
363	412
363	499
363	598
363	668
363	773
364	47
364	78
364	95
364	197
364	246
364	489
364	788
365	817
365	910
365	915
365	927
365	964
365	965
365	975
366	133
366	306
366	344
366	588
366	605
366	624
366	850
367	15
367	273
367	583
367	716
367	726
367	775
367	780
368	258
368	375
368	381
368	395
368	464
368	550
368	616
369	554
369	627
369	718
369	722
369	755
369	756
369	777
370	34
370	100
370	142
370	149
370	181
370	186
370	296
371	22
371	50
371	76
371	194
371	226
371	274
371	325
372	458
372	566
372	640
372	645
372	650
372	689
372	697
372	738
373	129
373	492
373	498
373	674
373	675
373	734
373	795
373	799
374	9
374	38
374	125
374	211
374	314
374	399
374	407
374	528
375	54
375	258
375	368
375	395
375	464
375	538
375	550
375	616
376	37
376	156
376	424
376	503
376	712
376	717
376	725
376	757
377	180
377	429
377	442
377	450
377	606
377	663
377	685
377	691
378	524
378	827
378	834
378	837
378	847
378	854
378	885
378	937
379	842
379	844
379	864
379	898
379	909
379	921
379	923
379	942
380	21
380	36
380	89
380	179
380	221
380	295
380	422
380	999
381	54
381	258
381	368
381	464
381	538
381	550
381	616
381	877
382	309
382	515
382	572
382	633
382	688
382	693
382	762
382	849
383	322
383	419
383	486
383	629
383	670
383	721
383	794
383	845
384	653
384	676
384	760
384	786
384	808
384	810
384	829
384	843
385	578
385	817
385	869
385	904
385	915
385	964
385	965
385	975
386	75
386	156
386	326
386	487
386	503
386	712
386	717
386	725
387	394
387	602
387	666
387	684
387	747
387	820
387	882
387	893
388	160
388	354
388	430
388	751
388	768
388	770
388	797
388	812
389	65
389	150
389	277
389	327
389	342
389	343
389	413
389	420
390	42
390	235
390	339
390	510
390	519
390	549
390	570
390	580
391	153
391	222
391	232
391	678
391	819
391	826
391	851
391	868
392	433
392	443
392	488
392	501
392	535
392	619
392	690
392	745
393	3
393	93
393	403
393	408
393	537
393	741
393	752
393	766
394	192
394	253
394	387
394	485
394	549
394	820
394	825
394	893
395	54
395	258
395	368
395	375
395	464
395	538
395	550
395	616
396	126
396	498
396	674
396	707
396	732
396	734
396	795
396	799
397	35
397	355
397	425
397	451
397	491
397	612
397	687
397	735
398	656
398	683
398	700
398	709
398	736
398	737
398	740
398	781
399	9
399	38
399	125
399	211
399	374
399	407
399	468
399	528
400	127
400	169
400	282
400	286
400	362
400	532
400	575
400	591
401	263
401	684
401	698
401	747
401	820
401	825
401	882
401	893
402	138
402	353
402	405
402	419
402	445
402	743
402	794
402	845
403	48
403	393
403	559
403	665
403	667
403	741
403	752
403	766
404	603
404	759
404	796
404	803
404	816
404	828
404	833
404	877
405	353
405	402
405	445
405	662
405	670
405	743
405	794
405	845
406	24
406	74
406	176
406	270
406	283
406	434
406	587
406	651
407	9
407	38
407	125
407	211
407	374
407	399
407	468
407	528
408	27
408	49
408	61
408	86
408	104
408	195
408	393
408	456
409	244
409	318
409	438
409	586
409	733
409	748
409	767
409	838
410	608
410	652
410	658
410	750
410	758
410	874
410	888
410	897
411	203
411	561
411	582
411	744
411	862
411	871
411	872
411	895
412	278
412	363
412	483
412	499
412	598
412	630
412	668
412	773
413	65
413	150
413	277
413	327
413	342
413	343
413	389
413	420
414	229
414	509
414	571
414	595
414	614
414	798
414	807
414	818
415	60
415	235
415	510
415	519
415	549
415	570
415	580
415	666
416	315
416	447
416	512
416	517
416	520
416	558
416	579
416	585
417	121
417	157
417	178
417	300
417	431
417	478
417	481
417	540
418	73
418	97
418	111
418	152
418	297
418	298
418	335
418	965
419	360
419	383
419	402
419	670
419	721
419	743
419	794
419	845
420	65
420	150
420	277
420	327
420	342
420	343
420	389
420	413
421	64
421	94
421	117
421	189
421	216
421	504
421	542
421	626
422	21
422	36
422	89
422	155
422	179
422	221
422	295
422	380
423	522
423	695
423	904
423	910
423	927
423	964
423	965
423	975
424	37
424	326
424	376
424	487
424	503
424	712
424	717
424	725
425	35
425	149
425	261
425	355
425	397
425	612
425	687
425	735
426	844
426	847
426	864
426	898
426	909
426	921
426	923
426	942
427	249
427	289
427	460
427	473
427	589
427	621
427	625
427	704
428	204
428	529
428	613
428	654
428	764
428	769
428	791
428	792
429	180
429	187
429	359
429	377
429	432
429	606
429	663
429	685
430	279
430	388
430	471
430	751
430	768
430	770
430	797
430	812
431	121
431	157
431	300
431	417
431	478
431	481
431	540
431	593
432	187
432	359
432	429
432	442
432	516
432	606
432	685
432	691
433	40
433	392
433	440
433	488
433	501
433	619
433	690
433	745
434	98
434	106
434	176
434	270
434	283
434	406
434	587
434	651
435	122
435	350
435	564
435	661
435	679
435	699
435	719
435	730
436	632
436	782
436	880
436	907
436	920
436	924
436	932
436	941
437	143
437	254
437	267
437	308
437	449
437	500
437	567
437	577
438	409
438	551
438	586
438	710
438	733
438	754
438	767
438	838
439	607
439	620
439	648
439	783
439	785
439	802
439	850
439	891
440	8
440	433
440	443
440	488
440	535
440	619
440	690
440	745
441	725
441	931
441	943
441	952
441	969
441	994
441	997
441	1000
442	288
442	359
442	377
442	432
442	606
442	663
442	685
442	691
443	40
443	392
443	440
443	488
443	535
443	619
443	690
443	745
444	11
444	76
444	148
444	260
444	293
444	544
444	576
444	657
445	322
445	402
445	405
445	670
445	721
445	743
445	794
445	845
446	17
446	124
446	280
446	291
446	333
446	635
446	680
446	975
447	416
447	462
447	495
447	520
447	555
447	558
447	579
447	585
448	830
448	903
448	906
448	938
448	945
448	954
448	960
448	962
449	143
449	254
449	267
449	308
449	437
449	500
449	567
449	577
450	88
450	159
450	164
450	205
450	294
450	347
450	361
450	377
451	261
451	303
451	397
451	480
451	491
451	612
451	687
451	735
452	69
452	250
452	508
452	662
452	731
452	763
452	809
452	841
453	553
453	563
453	823
453	836
453	853
453	866
453	883
453	900
454	289
454	473
454	541
454	557
454	589
454	621
454	625
454	704
455	185
455	533
455	678
455	819
455	826
455	851
455	868
455	905
456	27
456	49
456	61
456	86
456	104
456	195
456	408
456	955
457	249
457	774
457	880
457	907
457	920
457	924
457	932
457	941
458	372
458	640
458	645
458	650
458	689
458	697
458	705
458	738
459	84
459	87
459	188
459	245
459	505
459	609
459	623
459	686
460	289
460	427
460	541
460	557
460	589
460	616
460	621
460	704
461	976
461	978
461	980
461	981
461	982
461	984
461	985
461	995
462	315
462	447
462	512
462	517
462	520
462	555
462	579
462	585
463	471
463	554
463	592
463	751
463	768
463	770
463	797
463	812
464	368
464	375
464	381
464	395
464	538
464	550
464	616
464	661
465	101
465	256
465	560
465	599
465	601
465	643
465	720
465	778
466	135
466	800
466	808
466	810
466	829
466	840
466	843
466	971
467	4
467	202
467	210
467	290
467	569
467	574
467	641
467	784
468	9
468	38
468	125
468	211
468	399
468	407
468	528
468	832
469	68
469	174
469	240
469	275
469	292
469	301
469	325
469	594
470	56
470	184
470	338
470	514
470	562
470	600
470	677
470	714
471	345
471	430
471	463
471	587
471	592
471	768
471	770
471	812
472	603
472	742
472	767
472	788
472	793
472	803
472	828
472	877
473	427
473	454
473	541
473	557
473	589
473	621
473	625
473	704
474	53
474	79
474	185
474	207
474	217
474	310
474	320
474	351
475	804
475	806
475	865
475	884
475	899
475	928
475	933
475	959
476	225
476	548
476	642
476	646
476	647
476	659
476	669
476	694
477	161
477	233
477	565
477	573
477	649
477	660
477	692
477	727
478	121
478	157
478	178
478	300
478	417
478	431
478	481
478	540
479	869
479	904
479	910
479	915
479	927
479	964
479	965
479	975
480	35
480	177
480	261
480	303
480	355
480	451
480	687
480	735
481	121
481	178
481	300
481	417
481	431
481	478
481	540
481	846
482	681
482	859
482	906
482	938
482	945
482	954
482	960
482	962
483	83
483	252
483	412
483	499
483	598
483	630
483	668
483	773
484	230
484	918
484	919
484	925
484	929
484	934
484	939
484	946
485	192
485	263
485	394
485	684
485	747
485	820
485	825
485	882
486	206
486	360
486	383
486	670
486	721
486	743
486	794
486	845
487	37
487	323
487	326
487	386
487	424
487	712
487	717
487	725
488	392
488	433
488	440
488	443
488	501
488	535
488	690
488	745
489	47
489	78
489	95
489	155
489	197
489	246
489	364
489	864
490	14
490	26
490	269
490	306
490	344
490	605
490	618
490	624
491	177
491	261
491	303
491	397
491	451
491	612
491	687
491	735
492	373
492	967
492	983
492	986
492	987
492	989
492	992
492	996
493	207
493	212
493	703
493	815
493	854
493	860
493	885
493	937
494	62
494	353
494	615
494	640
494	645
494	697
494	705
494	738
495	315
495	447
495	512
495	517
495	520
495	555
495	558
495	579
496	251
496	586
496	710
496	733
496	748
496	754
496	767
496	838
497	842
497	844
497	898
497	909
497	921
497	923
497	942
497	995
498	373
498	396
498	674
498	675
498	732
498	734
498	795
498	799
499	55
499	120
499	252
499	363
499	412
499	483
499	630
499	773
500	143
500	254
500	267
500	308
500	437
500	449
500	567
500	577
501	8
501	327
501	392
501	433
501	488
501	619
501	690
501	745
502	85
502	110
502	214
502	243
502	513
502	523
502	568
502	581
502	611
503	75
503	326
503	376
503	386
503	424
503	504
503	712
503	717
503	725
504	64
504	94
504	189
504	216
504	346
504	421
504	503
504	542
504	626
505	84
505	87
505	188
505	237
505	259
505	459
505	609
505	623
505	686
506	229
506	571
506	595
506	614
506	696
506	798
506	807
506	818
506	872
507	742
507	759
507	793
507	796
507	803
507	816
507	828
507	833
507	877
508	90
508	452
508	596
508	665
508	731
508	763
508	778
508	809
508	841
509	13
509	414
509	571
509	604
509	614
509	696
509	798
509	807
509	818
510	42
510	235
510	339
510	390
510	415
510	519
510	570
510	580
510	745
511	28
511	529
511	613
511	654
511	764
511	769
511	791
511	792
511	929
512	315
512	416
512	462
512	495
512	517
512	555
512	558
512	585
512	605
513	110
513	214
513	243
513	502
513	523
513	568
513	581
513	611
513	873
514	56
514	112
514	184
514	338
514	470
514	562
514	600
514	677
514	714
515	52
515	103
515	257
515	382
515	572
515	633
515	693
515	762
515	849
516	48
516	432
516	534
516	537
516	559
516	665
516	741
516	752
516	766
517	416
517	462
517	495
517	512
517	520
517	555
517	558
517	579
517	585
518	227
518	256
518	313
518	560
518	599
518	601
518	643
518	720
518	757
519	42
519	235
519	339
519	390
519	415
519	510
519	549
519	570
519	741
520	315
520	416
520	447
520	462
520	495
520	517
520	558
520	579
520	585
521	935
521	951
521	953
521	968
521	972
521	973
521	977
521	998
521	999
522	423
522	869
522	904
522	910
522	915
522	927
522	964
522	965
522	975
523	85
523	110
523	214
523	243
523	502
523	513
523	568
523	581
523	611
524	378
524	691
524	787
524	827
524	831
524	860
524	885
524	896
524	937
525	742
525	788
525	793
525	796
525	803
525	816
525	828
525	833
525	877
526	830
526	859
526	867
526	906
526	938
526	945
526	954
526	960
526	962
527	935
527	951
527	953
527	968
527	972
527	973
527	977
527	998
527	999
528	9
528	38
528	125
528	211
528	374
528	399
528	407
528	468
528	824
529	204
529	336
529	428
529	511
529	654
529	764
529	769
529	791
529	792
530	122
530	139
530	350
530	564
530	661
530	679
530	699
530	719
530	730
531	931
531	943
531	952
531	955
531	956
531	969
531	994
531	997
531	1000
532	39
532	127
532	169
532	282
532	286
532	362
532	400
532	575
532	591
533	222
533	268
533	330
533	455
533	595
533	819
533	826
533	851
533	868
534	3
534	48
534	516
534	537
534	665
534	667
534	741
534	752
534	766
535	40
535	392
535	440
535	443
535	488
535	619
535	690
535	745
535	793
536	225
536	272
536	548
536	642
536	646
536	647
536	669
536	694
536	748
537	3
537	393
537	516
537	534
537	559
537	667
537	741
537	752
537	766
538	54
538	75
538	258
538	375
538	381
538	395
538	464
538	550
538	616
539	190
539	241
539	610
539	702
539	765
539	771
539	839
539	858
539	977
540	121
540	157
540	178
540	300
540	313
540	417
540	431
540	478
540	481
541	289
541	454
541	460
541	473
541	557
541	589
541	621
541	625
541	704
542	64
542	117
542	189
542	216
542	299
542	346
542	421
542	504
542	626
543	817
543	869
543	904
543	910
543	915
543	927
543	964
543	965
543	975
544	11
544	148
544	238
544	260
544	293
544	444
544	576
544	657
544	822
545	811
545	848
545	878
545	890
545	892
545	894
545	916
545	930
545	958
546	307
546	317
546	565
546	573
546	649
546	660
546	692
546	727
546	938
547	43
547	760
547	786
547	800
547	810
547	829
547	840
547	843
547	911
548	272
548	476
548	536
548	642
548	646
548	647
548	659
548	669
548	694
549	60
549	235
549	339
549	390
549	394
549	415
549	519
549	570
549	580
550	54
550	258
550	368
550	375
550	381
550	395
550	464
550	538
550	616
551	244
551	438
551	644
551	710
551	733
551	748
551	754
551	767
551	838
552	5
552	114
552	561
552	636
552	744
552	862
552	871
552	872
552	895
553	453
553	701
553	823
553	852
553	853
553	866
553	883
553	900
553	962
554	369
554	463
554	627
554	638
554	718
554	739
554	755
554	756
554	777
555	315
555	447
555	462
555	495
555	512
555	517
555	558
555	579
555	585
556	656
556	683
556	700
556	709
556	736
556	737
556	740
556	781
557	249
557	454
557	460
557	473
557	541
557	589
557	621
557	625
557	704
558	315
558	416
558	447
558	495
558	512
558	517
558	520
558	555
558	579
559	403
559	516
559	537
559	665
559	667
559	741
559	752
559	766
559	920
560	227
560	256
560	313
560	465
560	518
560	599
560	643
560	720
560	757
561	203
561	247
561	281
561	411
561	552
561	862
561	871
561	872
561	895
562	96
562	112
562	162
562	184
562	470
562	514
562	600
562	677
562	714
563	123
563	453
563	823
563	836
563	852
563	853
563	883
563	900
563	994
564	82
564	144
564	435
564	530
564	661
564	679
564	699
564	719
564	730
565	233
565	307
565	317
565	477
565	546
565	649
565	660
565	692
565	727
566	372
566	615
566	640
566	645
566	650
566	689
566	697
566	705
566	738
567	143
567	254
567	267
567	308
567	437
567	449
567	500
567	577
567	849
568	85
568	110
568	214
568	243
568	502
568	513
568	523
568	581
568	611
569	4
569	210
569	265
569	467
569	574
569	622
569	641
569	706
569	784
570	42
570	60
570	339
570	390
570	415
570	510
570	519
570	549
570	580
571	13
571	414
571	506
571	509
571	614
571	696
571	798
571	807
571	818
572	52
572	309
572	341
572	382
572	515
572	633
572	688
572	693
572	849
573	161
573	307
573	317
573	477
573	546
573	649
573	660
573	692
573	727
574	4
574	81
574	265
574	290
574	467
574	569
574	622
574	706
574	784
575	39
575	127
575	282
575	286
575	362
575	400
575	532
575	591
575	881
576	11
576	45
576	148
576	238
576	260
576	444
576	544
576	657
576	815
577	143
577	254
577	267
577	308
577	437
577	449
577	500
577	567
577	954
578	385
578	817
578	869
578	904
578	915
578	927
578	964
578	965
578	975
579	416
579	447
579	462
579	495
579	517
579	520
579	555
579	558
579	585
580	42
580	60
580	235
580	339
580	390
580	415
580	510
580	549
580	570
581	85
581	110
581	214
581	243
581	502
581	513
581	523
581	568
581	611
582	281
582	411
582	636
582	744
582	851
582	862
582	871
582	872
582	895
583	1
583	2
583	15
583	215
583	367
583	716
583	726
583	775
583	780
584	345
584	806
584	824
584	865
584	873
584	928
584	933
584	948
584	959
585	416
585	447
585	462
585	512
585	517
585	520
585	555
585	579
585	980
586	409
586	438
586	496
586	644
586	710
586	748
586	754
586	767
586	838
587	24
587	98
587	176
587	270
587	356
587	406
587	434
587	471
587	651
588	14
588	26
588	269
588	306
588	344
588	366
588	605
588	624
588	937
589	249
589	427
589	454
589	460
589	473
589	541
589	557
589	625
589	704
590	817
590	869
590	904
590	910
590	927
590	964
590	965
590	975
590	993
591	39
591	127
591	169
591	282
591	286
591	362
591	400
591	532
591	575
592	160
592	200
592	279
592	463
592	471
592	751
592	768
592	770
592	812
593	431
593	648
593	682
593	728
593	783
593	785
593	802
593	850
593	891
594	68
594	102
594	136
594	174
594	240
594	275
594	292
594	301
594	469
595	414
595	506
595	533
595	604
595	614
595	696
595	798
595	807
595	818
596	90
596	358
596	508
596	662
596	731
596	763
596	778
596	809
596	841
597	936
597	957
597	966
597	974
597	979
597	988
597	990
597	991
597	993
598	83
598	252
598	278
598	363
598	412
598	483
598	630
598	773
598	784
599	91
599	101
599	227
599	465
599	518
599	560
599	601
599	720
599	757
599	808
600	56
600	96
600	162
600	184
600	338
600	470
600	514
600	562
600	677
600	714
601	91
601	227
601	256
601	313
601	465
601	518
601	599
601	643
601	720
601	757
602	29
602	253
602	387
602	666
602	698
602	747
602	820
602	825
602	882
602	893
603	404
603	472
603	742
603	759
603	788
603	796
603	803
603	828
603	833
603	877
604	13
604	229
604	231
604	509
604	595
604	696
604	798
604	807
604	809
604	818
605	14
605	26
605	269
605	344
605	366
605	490
605	512
605	588
605	618
605	624
606	180
606	288
606	359
606	377
606	429
606	432
606	442
606	663
606	685
606	691
607	145
607	170
607	439
607	682
607	728
607	783
607	785
607	802
607	850
607	891
608	77
608	410
608	658
608	724
608	749
608	750
608	758
608	874
608	888
608	897
609	84
609	87
609	188
609	237
609	245
609	259
609	459
609	505
609	623
609	686
610	138
610	182
610	241
610	539
610	702
610	715
610	765
610	771
610	839
610	858
611	85
611	110
611	214
611	243
611	502
611	513
611	523
611	568
611	581
611	974
612	35
612	177
612	303
612	355
612	397
612	425
612	451
612	491
612	687
612	735
613	28
613	204
613	323
613	336
613	428
613	511
613	764
613	769
613	791
613	792
614	229
614	231
614	414
614	506
614	509
614	571
614	595
614	798
614	807
614	818
615	494
615	566
615	640
615	645
615	650
615	689
615	697
615	705
615	721
615	738
616	54
616	258
616	368
616	375
616	381
616	395
616	460
616	464
616	538
616	550
617	790
617	830
617	859
617	903
617	906
617	938
617	945
617	954
617	960
617	962
618	26
618	133
618	213
618	269
618	306
618	344
618	490
618	605
618	624
618	708
619	8
619	40
619	392
619	433
619	440
619	443
619	501
619	535
619	690
619	745
620	208
620	439
620	673
620	682
620	728
620	783
620	785
620	802
620	850
620	891
621	249
621	289
621	427
621	454
621	460
621	473
621	541
621	557
621	625
621	704
622	202
622	210
622	265
622	290
622	569
622	574
622	641
622	706
622	784
622	941
623	84
623	87
623	188
623	237
623	245
623	259
623	459
623	505
623	609
623	686
624	14
624	133
624	269
624	306
624	366
624	490
624	588
624	605
624	618
624	885
625	249
625	289
625	427
625	454
625	473
625	541
625	557
625	589
625	621
625	704
626	64
626	94
626	117
626	189
626	216
626	346
626	421
626	504
626	542
626	967
627	113
627	369
627	554
627	631
627	638
627	718
627	722
627	755
627	756
627	777
628	835
628	848
628	867
628	870
628	878
628	890
628	892
628	894
628	930
628	958
629	383
629	842
629	844
629	847
629	864
629	898
629	909
629	921
629	923
629	942
630	55
630	83
630	120
630	252
630	412
630	483
630	499
630	598
630	668
630	773
631	92
631	627
631	638
631	718
631	722
631	739
631	755
631	756
631	777
631	863
632	107
632	436
632	708
632	774
632	880
632	907
632	920
632	924
632	932
632	941
633	52
633	123
633	220
633	257
633	341
633	382
633	515
633	572
633	762
633	849
634	59
634	126
634	129
634	154
634	674
634	675
634	732
634	734
634	795
634	799
635	17
635	57
635	69
635	124
635	280
635	332
635	333
635	352
635	446
635	680
636	5
636	114
636	247
636	552
636	582
636	744
636	862
636	871
636	872
636	895
637	219
637	242
637	701
637	823
637	836
637	852
637	853
637	866
637	883
637	900
638	554
638	627
638	631
638	718
638	722
638	739
638	755
638	756
638	777
638	922
639	255
639	291
639	664
639	708
639	880
639	907
639	920
639	924
639	932
639	941
640	372
640	458
640	494
640	566
640	615
640	650
640	689
640	697
640	705
640	738
641	4
641	81
641	202
641	210
641	290
641	467
641	569
641	622
641	706
641	784
642	224
642	225
642	272
642	476
642	536
642	548
642	647
642	659
642	669
642	694
643	101
643	227
643	313
643	465
643	518
643	560
643	601
643	720
643	757
643	948
644	244
644	318
644	551
644	586
644	710
644	733
644	748
644	754
644	767
644	838
645	372
645	458
645	494
645	566
645	615
645	650
645	689
645	697
645	705
645	738
646	224
646	225
646	272
646	476
646	536
646	548
646	647
646	659
646	669
646	694
647	224
647	476
647	536
647	548
647	642
647	646
647	659
647	669
647	694
647	728
648	170
648	439
648	593
648	673
648	728
648	783
648	785
648	802
648	850
648	891
649	161
649	233
649	317
649	477
649	546
649	565
649	573
649	660
649	692
649	727
650	62
650	372
650	458
650	566
650	615
650	640
650	645
650	689
650	697
650	705
651	24
651	74
651	98
651	106
651	270
651	283
651	356
651	406
651	434
651	587
652	195
652	337
652	410
652	658
652	724
652	749
652	750
652	874
652	888
652	897
653	384
653	676
653	760
653	786
653	808
653	810
653	813
653	829
653	840
653	843
654	238
654	323
654	336
654	428
654	511
654	529
654	764
654	769
654	791
654	792
655	811
655	835
655	848
655	855
655	867
655	870
655	890
655	916
655	930
655	958
656	398
656	556
656	683
656	700
656	709
656	736
656	737
656	740
656	781
657	11
657	45
657	148
657	238
657	260
657	293
657	444
657	544
657	576
657	913
658	77
658	410
658	608
658	652
658	724
658	749
658	758
658	874
658	888
658	897
659	225
659	272
659	476
659	548
659	642
659	646
659	647
659	669
659	694
659	855
660	233
660	307
660	317
660	477
660	546
660	565
660	573
660	649
660	692
660	727
661	144
661	350
661	435
661	464
661	530
661	564
661	679
661	699
661	719
661	730
662	93
662	358
662	405
662	452
662	596
662	731
662	763
662	778
662	809
662	841
663	180
663	187
663	288
663	377
663	429
663	442
663	606
663	685
663	691
663	953
664	639
664	774
664	782
664	861
664	880
664	907
664	920
664	924
664	932
664	941
665	3
665	403
665	508
665	516
665	534
665	559
665	667
665	741
665	752
665	766
666	253
666	387
666	415
666	602
666	684
666	698
666	747
666	825
666	882
666	893
667	3
667	237
667	403
667	534
667	537
667	559
667	665
667	741
667	752
667	766
668	55
668	83
668	120
668	252
668	278
668	363
668	412
668	483
668	630
668	773
669	224
669	225
669	476
669	536
669	548
669	642
669	646
669	647
669	659
669	694
670	138
670	322
670	353
670	383
670	405
670	419
670	445
670	486
670	721
670	743
670	845
671	228
671	756
671	790
671	859
671	903
671	906
671	938
671	945
671	954
671	960
671	962
672	732
672	908
672	931
672	943
672	952
672	955
672	956
672	969
672	994
672	997
672	1000
673	145
673	208
673	620
673	648
673	682
673	728
673	749
673	783
673	785
673	850
673	891
674	129
674	154
674	373
674	396
674	498
674	634
674	675
674	732
674	734
674	795
674	799
675	59
675	126
675	154
675	373
675	498
675	634
675	674
675	732
675	734
675	795
675	799
676	26
676	384
676	653
676	760
676	786
676	800
676	808
676	810
676	829
676	840
676	843
677	56
677	96
677	112
677	162
677	184
677	338
677	470
677	514
677	562
677	600
677	714
678	183
678	231
678	232
678	268
678	330
678	391
678	455
678	819
678	826
678	851
678	868
679	82
679	139
679	350
679	435
679	530
679	564
679	661
679	699
679	719
679	730
679	989
680	17
680	57
680	69
680	124
680	280
680	291
680	332
680	333
680	352
680	446
680	635
681	482
681	790
681	830
681	859
681	903
681	906
681	938
681	945
681	954
681	960
681	962
682	208
682	215
682	593
682	607
682	620
682	673
682	728
682	785
682	802
682	850
682	891
683	31
683	262
683	398
683	556
683	656
683	700
683	709
683	736
683	737
683	740
683	781
684	29
684	387
684	401
684	485
684	666
684	698
684	747
684	820
684	825
684	882
684	893
685	180
685	187
685	288
685	359
685	377
685	429
685	432
685	442
685	606
685	663
685	691
686	84
686	87
686	145
686	188
686	237
686	245
686	259
686	459
686	505
686	609
686	623
687	35
687	261
687	303
687	355
687	397
687	425
687	451
687	480
687	491
687	612
687	735
688	103
688	173
688	220
688	257
688	309
688	341
688	382
688	572
688	693
688	762
688	849
689	62
689	372
689	458
689	566
689	615
689	640
689	645
689	650
689	697
689	705
689	738
690	8
690	40
690	392
690	433
690	440
690	443
690	488
690	501
690	535
690	619
690	745
691	180
691	187
691	288
691	359
691	377
691	432
691	442
691	524
691	606
691	663
691	685
692	161
692	225
692	307
692	317
692	477
692	546
692	565
692	573
692	649
692	660
692	727
693	103
693	220
693	236
693	257
693	309
693	382
693	515
693	572
693	688
693	762
693	849
694	224
694	272
694	476
694	536
694	548
694	642
694	646
694	647
694	659
694	669
694	935
695	423
695	817
695	852
695	869
695	904
695	910
695	915
695	927
695	964
695	965
695	975
696	229
696	231
696	506
696	509
696	571
696	595
696	604
696	798
696	807
696	818
696	854
697	372
697	458
697	494
697	566
697	615
697	640
697	645
697	650
697	689
697	705
697	738
698	253
698	263
698	401
698	602
698	666
698	684
698	747
698	820
698	825
698	882
698	893
699	82
699	139
699	144
699	350
699	435
699	530
699	564
699	661
699	679
699	719
699	730
700	31
700	262
700	398
700	556
700	656
700	683
700	709
700	736
700	737
700	740
700	781
701	166
701	242
701	553
701	637
701	823
701	836
701	852
701	853
701	866
701	883
701	900
702	63
702	72
702	190
702	302
702	334
702	539
702	610
702	715
702	765
702	771
702	858
703	493
703	815
703	831
703	834
703	837
703	854
703	860
703	885
703	896
703	917
703	937
704	249
704	289
704	427
704	454
704	460
704	473
704	541
704	557
704	589
704	621
704	625
705	62
705	458
705	494
705	566
705	615
705	640
705	645
705	650
705	689
705	697
705	738
706	4
706	81
706	202
706	210
706	252
706	265
706	569
706	574
706	622
706	641
706	784
707	396
707	917
707	957
707	966
707	970
707	974
707	979
707	988
707	990
707	991
707	993
708	618
708	632
708	639
708	774
708	782
708	880
708	907
708	920
708	924
708	932
708	941
709	71
709	262
709	398
709	556
709	656
709	683
709	700
709	736
709	737
709	740
709	781
710	318
710	438
710	496
710	551
710	586
710	644
710	733
710	748
710	754
710	767
710	838
711	818
711	936
711	957
711	966
711	970
711	974
711	979
711	988
711	990
711	991
711	993
712	37
712	156
712	326
712	376
712	386
712	424
712	487
712	503
712	717
712	725
712	789
713	912
713	940
713	944
713	949
713	967
713	983
713	986
713	987
713	989
713	992
713	996
714	56
714	96
714	112
714	162
714	184
714	338
714	470
714	514
714	562
714	600
714	677
715	63
715	182
715	241
715	302
715	334
715	610
715	702
715	765
715	771
715	839
715	858
716	15
716	41
716	215
716	251
716	273
716	367
716	583
716	726
716	775
716	780
716	821
717	37
717	75
717	156
717	326
717	376
717	386
717	424
717	487
717	503
717	712
717	725
718	99
718	369
718	554
718	627
718	631
718	638
718	722
718	739
718	755
718	756
718	777
718	816
719	82
719	122
719	139
719	144
719	435
719	530
719	564
719	661
719	679
719	699
719	730
719	814
720	91
720	101
720	227
720	256
720	313
720	465
720	518
720	560
720	599
720	601
720	643
720	757
721	138
721	353
721	360
721	383
721	419
721	445
721	486
721	615
721	670
721	743
721	794
721	845
722	92
722	99
722	369
722	627
722	631
722	638
722	718
722	739
722	755
722	756
722	777
722	942
723	908
723	914
723	931
723	943
723	952
723	955
723	956
723	969
723	994
723	997
723	998
723	1000
724	77
724	115
724	146
724	608
724	652
724	658
724	749
724	750
724	758
724	874
724	888
724	897
725	37
725	75
725	156
725	326
725	376
725	386
725	424
725	441
725	487
725	503
725	712
725	717
726	1
726	2
726	41
726	215
726	251
726	273
726	367
726	583
726	716
726	730
726	775
726	780
727	161
727	233
727	307
727	317
727	477
727	546
727	565
727	573
727	649
727	660
727	692
727	984
728	593
728	607
728	620
728	647
728	648
728	673
728	682
728	783
728	785
728	802
728	850
728	891
729	738
729	856
729	857
729	889
729	913
729	918
729	919
729	925
729	929
729	934
729	939
729	946
730	82
730	122
730	144
730	350
730	435
730	530
730	564
730	661
730	679
730	699
730	719
730	726
731	102
731	218
731	250
731	358
731	452
731	508
731	596
731	662
731	763
731	778
731	809
731	841
732	59
732	126
732	154
732	396
732	498
732	634
732	672
732	674
732	675
732	734
732	795
732	799
733	244
733	409
733	438
733	496
733	551
733	644
733	710
733	748
733	754
733	767
733	838
733	916
734	59
734	126
734	129
734	373
734	396
734	498
734	634
734	674
734	675
734	732
734	795
734	799
735	35
735	177
735	261
735	303
735	355
735	397
735	425
735	451
735	480
735	491
735	612
735	687
736	31
736	71
736	262
736	398
736	556
736	656
736	683
736	700
736	709
736	737
736	740
736	781
737	31
737	71
737	262
737	398
737	556
737	656
737	683
737	700
737	709
737	736
737	740
737	781
738	62
738	372
738	458
738	494
738	566
738	615
738	640
738	645
738	689
738	697
738	705
738	729
739	92
739	99
739	554
739	631
739	638
739	718
739	722
739	755
739	756
739	777
739	858
739	876
740	31
740	71
740	262
740	398
740	556
740	656
740	683
740	700
740	709
740	736
740	737
740	781
741	48
741	393
741	403
741	516
741	519
741	534
741	537
741	559
741	665
741	667
741	752
741	766
742	139
742	472
742	507
742	525
742	603
742	759
742	793
742	796
742	803
742	816
742	828
742	877
743	322
743	353
743	360
743	402
743	405
743	419
743	445
743	486
743	670
743	721
743	794
743	845
744	5
744	6
744	203
744	247
744	411
744	552
744	582
744	636
744	862
744	871
744	872
744	895
745	8
745	40
745	392
745	433
745	440
745	443
745	488
745	501
745	510
745	535
745	619
745	690
746	876
746	917
746	936
746	957
746	966
746	970
746	974
746	979
746	988
746	990
746	991
746	993
747	335
747	387
747	401
747	485
747	602
747	666
747	684
747	698
747	820
747	825
747	882
747	893
748	318
748	409
748	496
748	536
748	551
748	586
748	644
748	710
748	733
748	754
748	767
748	838
749	115
749	223
749	608
749	652
749	658
749	673
749	724
749	750
749	758
749	874
749	888
749	897
750	146
750	305
750	337
750	410
750	608
750	652
750	724
750	749
750	758
750	874
750	888
750	897
751	160
751	279
751	354
751	388
751	430
751	463
751	592
751	768
751	770
751	797
751	812
751	904
752	48
752	393
752	403
752	516
752	534
752	537
752	559
752	665
752	667
752	741
752	766
752	797
753	789
753	856
753	857
753	889
753	913
753	918
753	919
753	925
753	929
753	934
753	939
753	946
754	244
754	318
754	438
754	496
754	551
754	586
754	644
754	710
754	733
754	748
754	767
754	838
755	92
755	99
755	369
755	554
755	627
755	631
755	638
755	718
755	722
755	739
755	756
755	777
756	99
756	369
756	554
756	627
756	631
756	638
756	671
756	718
756	722
756	739
756	755
756	777
757	91
757	101
757	227
757	256
757	313
757	376
757	518
757	560
757	599
757	601
757	643
757	720
758	115
758	223
758	337
758	410
758	608
758	658
758	724
758	749
758	750
758	874
758	888
758	897
759	404
759	507
759	603
759	742
759	788
759	793
759	796
759	803
759	816
759	828
759	833
759	877
760	43
760	384
760	547
760	653
760	676
760	786
760	800
760	808
760	810
760	829
760	840
760	843
761	804
761	806
761	813
761	822
761	865
761	873
761	884
761	899
761	928
761	933
761	948
761	959
762	52
762	103
762	257
762	308
762	309
762	341
762	382
762	515
762	633
762	688
762	693
762	849
763	90
763	93
763	218
763	250
763	452
763	508
763	596
763	662
763	731
763	778
763	809
763	841
764	28
764	204
764	323
764	336
764	428
764	511
764	529
764	613
764	654
764	769
764	791
764	792
765	63
765	190
765	241
765	302
765	334
765	539
765	610
765	702
765	715
765	771
765	839
765	858
766	3
766	48
766	393
766	403
766	516
766	534
766	537
766	559
766	665
766	667
766	741
766	752
767	409
767	438
767	472
767	496
767	551
767	586
767	644
767	710
767	733
767	748
767	754
767	838
768	160
768	200
768	345
768	388
768	430
768	463
768	471
768	592
768	751
768	770
768	772
768	797
768	812
769	28
769	204
769	323
769	336
769	428
769	511
769	529
769	613
769	654
769	764
769	791
769	792
769	972
770	200
770	279
770	345
770	354
770	388
770	430
770	463
770	471
770	592
770	751
770	768
770	797
770	986
771	63
771	72
771	182
771	241
771	302
771	334
771	539
771	610
771	702
771	715
771	765
771	839
771	858
772	768
772	926
772	961
772	963
772	971
772	976
772	978
772	980
772	981
772	982
772	984
772	985
772	995
773	55
773	83
773	120
773	172
773	252
773	278
773	363
773	412
773	483
773	499
773	598
773	630
773	668
774	349
774	457
774	632
774	664
774	708
774	782
774	845
774	880
774	907
774	920
774	924
774	932
774	941
775	1
775	2
775	15
775	41
775	215
775	251
775	273
775	367
775	583
775	716
775	726
775	780
775	874
776	832
776	875
776	935
776	947
776	950
776	951
776	953
776	968
776	972
776	973
776	977
776	998
776	999
777	20
777	92
777	99
777	369
777	554
777	627
777	631
777	638
777	718
777	722
777	739
777	755
777	756
778	90
778	93
778	218
778	250
778	358
778	465
778	508
778	596
778	662
778	731
778	763
778	809
778	841
779	841
779	876
779	886
779	917
779	936
779	966
779	970
779	974
779	979
779	988
779	990
779	991
779	993
780	1
780	2
780	15
780	41
780	82
780	215
780	251
780	273
780	367
780	583
780	716
780	726
780	775
781	31
781	71
781	209
781	262
781	398
781	556
781	656
781	683
781	700
781	709
781	736
781	737
781	740
782	131
782	349
782	436
782	664
782	708
782	774
782	880
782	907
782	920
782	924
782	932
782	941
782	945
783	145
783	208
783	439
783	593
783	607
783	620
783	648
783	673
783	728
783	785
783	802
783	850
783	891
784	4
784	81
784	202
784	210
784	265
784	290
784	467
784	569
784	574
784	598
784	622
784	641
784	706
785	439
785	593
785	607
785	620
785	648
785	673
785	682
785	728
785	783
785	802
785	850
785	891
785	918
786	58
786	384
786	547
786	653
786	676
786	760
786	800
786	808
786	810
786	829
786	840
786	843
786	902
787	18
787	212
787	524
787	815
787	827
787	831
787	834
787	837
787	854
787	860
787	885
787	896
787	937
788	196
788	364
788	472
788	525
788	603
788	759
788	793
788	796
788	803
788	816
788	828
788	833
788	877
789	712
789	753
789	856
789	857
789	889
789	913
789	918
789	919
789	925
789	929
789	934
789	939
789	946
790	617
790	671
790	681
790	795
790	830
790	859
790	903
790	906
790	938
790	945
790	954
790	960
790	962
791	28
791	204
791	255
791	323
791	336
791	428
791	511
791	529
791	613
791	654
791	764
791	769
791	792
792	28
792	204
792	323
792	336
792	428
792	511
792	529
792	613
792	654
792	764
792	769
792	791
792	901
793	196
793	472
793	507
793	525
793	535
793	742
793	759
793	788
793	803
793	816
793	828
793	833
793	877
794	138
794	322
794	360
794	383
794	402
794	405
794	419
794	445
794	486
794	721
794	743
794	798
794	845
795	59
795	129
795	154
795	373
795	396
795	498
795	634
795	674
795	675
795	732
795	734
795	790
795	799
796	196
796	404
796	507
796	525
796	603
796	742
796	759
796	788
796	803
796	816
796	828
796	833
796	877
797	160
797	200
797	279
797	345
797	354
797	388
797	430
797	463
797	751
797	752
797	768
797	770
797	812
798	13
798	231
798	414
798	506
798	509
798	571
798	595
798	604
798	614
798	696
798	794
798	807
798	818
799	59
799	126
799	129
799	154
799	373
799	396
799	498
799	634
799	674
799	675
799	732
799	734
799	795
800	58
800	135
800	466
800	547
800	676
800	760
800	786
800	808
800	810
800	829
800	840
800	843
800	947
801	899
801	901
801	926
801	961
801	963
801	971
801	976
801	978
801	980
801	981
801	982
801	984
801	985
801	995
802	145
802	170
802	208
802	439
802	593
802	607
802	620
802	648
802	682
802	728
802	783
802	785
802	850
802	891
803	404
803	472
803	507
803	525
803	603
803	742
803	759
803	788
803	793
803	796
803	816
803	828
803	833
803	877
804	340
804	475
804	761
804	806
804	813
804	822
804	824
804	873
804	884
804	899
804	928
804	933
804	948
804	959
805	901
805	922
805	926
805	961
805	963
805	971
805	976
805	978
805	980
805	981
805	982
805	984
805	985
805	995
806	475
806	584
806	761
806	804
806	813
806	822
806	865
806	873
806	884
806	899
806	928
806	933
806	948
806	959
807	13
807	229
807	231
807	414
807	506
807	509
807	571
807	595
807	604
807	614
807	696
807	798
807	818
807	973
808	43
808	135
808	384
808	466
808	599
808	653
808	676
808	760
808	786
808	800
808	810
808	829
808	840
808	843
809	90
809	93
809	218
809	250
809	358
809	452
809	508
809	596
809	604
809	662
809	731
809	763
809	778
809	841
810	58
810	135
810	384
810	466
810	547
810	653
810	676
810	760
810	786
810	800
810	808
810	829
810	840
810	843
811	329
811	545
811	655
811	855
811	867
811	870
811	878
811	890
811	892
811	894
811	916
811	930
811	958
811	969
812	160
812	200
812	279
812	345
812	354
812	388
812	430
812	463
812	471
812	592
812	751
812	768
812	797
812	927
813	266
813	653
813	761
813	804
813	806
813	822
813	824
813	873
813	884
813	899
813	928
813	933
813	948
813	959
814	719
814	842
814	844
814	847
814	864
814	898
814	909
814	921
814	923
814	942
815	304
815	493
815	576
815	703
815	787
815	827
815	831
815	834
815	837
815	854
815	860
815	885
815	896
815	937
816	196
816	404
816	507
816	525
816	718
816	742
816	759
816	788
816	793
816	796
816	803
816	828
816	833
816	877
817	365
817	385
817	543
817	578
817	590
817	695
817	869
817	904
817	910
817	915
817	927
817	964
817	965
817	975
818	13
818	229
818	231
818	414
818	506
818	509
818	571
818	595
818	604
818	614
818	696
818	711
818	798
818	807
819	153
819	183
819	185
819	222
819	232
819	268
819	330
819	391
819	455
819	533
819	678
819	826
819	851
819	868
820	29
820	192
820	253
820	387
820	394
820	401
820	485
820	602
820	684
820	698
820	747
820	825
820	882
820	893
821	716
821	879
821	911
821	912
821	940
821	944
821	949
821	967
821	983
821	986
821	987
821	989
821	992
821	996
822	544
822	761
822	804
822	806
822	813
822	824
822	865
822	873
822	884
822	899
822	928
822	933
822	948
822	959
823	105
823	219
823	271
823	453
823	553
823	563
823	637
823	701
823	836
823	852
823	853
823	866
823	883
823	900
824	340
824	528
824	584
824	804
824	813
824	822
824	865
824	873
824	884
824	899
824	928
824	933
824	948
824	959
825	29
825	192
825	263
825	394
825	401
825	485
825	602
825	666
825	684
825	698
825	747
825	820
825	882
825	893
826	153
826	183
826	185
826	222
826	232
826	268
826	330
826	391
826	455
826	533
826	678
826	819
826	851
826	868
827	143
827	304
827	378
827	524
827	787
827	815
827	831
827	834
827	837
827	854
827	860
827	885
827	896
827	937
828	404
828	472
828	507
828	525
828	603
828	742
828	759
828	788
828	793
828	796
828	803
828	816
828	833
828	877
829	43
829	58
829	384
829	466
829	547
829	653
829	676
829	760
829	786
829	800
829	808
829	810
829	840
829	843
830	228
830	448
830	526
830	617
830	681
830	790
830	859
830	903
830	906
830	938
830	945
830	954
830	960
830	962
831	212
831	524
831	703
831	787
831	815
831	827
831	834
831	837
831	854
831	860
831	885
831	896
831	937
831	961
832	468
832	776
832	875
832	935
832	947
832	950
832	951
832	953
832	968
832	972
832	973
832	977
832	998
832	999
833	196
833	292
833	404
833	507
833	525
833	603
833	759
833	788
833	793
833	796
833	803
833	816
833	828
833	877
834	18
834	378
834	703
834	787
834	815
834	827
834	831
834	837
834	854
834	860
834	882
834	885
834	896
834	937
835	628
835	655
835	848
835	855
835	867
835	870
835	878
835	890
835	892
835	894
835	909
835	916
835	930
835	958
836	219
836	230
836	242
836	271
836	453
836	563
836	637
836	701
836	823
836	852
836	853
836	866
836	883
836	900
837	18
837	304
837	378
837	703
837	787
837	815
837	827
837	831
837	834
837	854
837	860
837	885
837	896
837	937
838	244
838	318
838	409
838	438
838	496
838	551
838	586
838	644
838	710
838	733
838	748
838	754
838	767
838	897
839	63
839	72
839	182
839	190
839	241
839	302
839	334
839	539
839	610
839	715
839	765
839	771
839	858
839	988
840	43
840	58
840	135
840	466
840	547
840	653
840	676
840	760
840	786
840	800
840	808
840	810
840	829
840	843
841	90
841	93
841	218
841	250
841	358
841	452
841	508
841	596
841	662
841	731
841	763
841	778
841	779
841	809
842	19
842	276
842	379
842	497
842	629
842	814
842	844
842	847
842	864
842	898
842	909
842	921
842	923
842	942
843	43
843	58
843	135
843	384
843	466
843	547
843	653
843	676
843	760
843	786
843	800
843	808
843	810
843	829
843	840
844	19
844	348
844	379
844	426
844	497
844	629
844	814
844	842
844	847
844	864
844	898
844	909
844	921
844	923
844	942
845	138
845	322
845	353
845	360
845	383
845	402
845	405
845	419
845	445
845	486
845	670
845	721
845	743
845	774
845	794
846	481
846	876
846	886
846	917
846	936
846	957
846	966
846	970
846	974
846	979
846	988
846	990
846	991
846	993
847	348
847	378
847	426
847	629
847	814
847	842
847	844
847	864
847	898
847	909
847	921
847	923
847	942
848	329
848	545
848	628
848	655
848	835
848	855
848	867
848	870
848	878
848	890
848	892
848	894
848	916
848	930
848	958
849	52
849	103
849	123
849	220
849	257
849	309
849	341
849	382
849	515
849	567
849	572
849	633
849	688
849	693
849	762
850	170
850	208
850	366
850	439
850	593
850	607
850	620
850	648
850	673
850	682
850	728
850	783
850	785
850	802
850	891
851	153
851	183
851	185
851	222
851	232
851	268
851	330
851	391
851	455
851	533
851	582
851	678
851	819
851	826
851	868
852	166
852	219
852	230
852	271
852	553
852	563
852	637
852	695
852	701
852	823
852	836
852	853
852	866
852	883
852	900
853	166
853	219
853	230
853	242
853	453
853	553
853	563
853	637
853	701
853	823
853	836
853	852
853	866
853	883
853	900
854	304
854	378
854	493
854	696
854	703
854	787
854	815
854	827
854	831
854	834
854	837
854	860
854	885
854	896
854	937
855	130
855	655
855	659
855	811
855	835
855	848
855	867
855	870
855	878
855	890
855	892
855	894
855	916
855	930
855	958
856	264
856	729
856	753
856	789
856	857
856	889
856	913
856	918
856	919
856	925
856	929
856	934
856	939
856	946
857	729
857	753
857	789
857	856
857	889
857	913
857	918
857	919
857	925
857	929
857	934
857	939
857	946
858	63
858	72
858	182
858	190
858	241
858	302
858	334
858	539
858	610
858	702
858	715
858	739
858	765
858	771
858	839
859	228
859	482
859	526
859	617
859	671
859	681
859	790
859	830
859	903
859	906
859	938
859	945
859	954
859	960
859	962
860	212
860	304
860	493
860	524
860	703
860	787
860	815
860	827
860	831
860	834
860	837
860	854
860	885
860	896
860	937
861	664
861	863
861	908
861	914
861	931
861	943
861	952
861	955
861	956
861	969
861	994
861	997
861	1000
862	6
862	114
862	203
862	247
862	281
862	411
862	552
862	561
862	582
862	636
862	744
862	871
862	872
862	895
862	906
863	631
863	861
863	908
863	914
863	931
863	943
863	952
863	955
863	956
863	969
863	994
863	997
863	1000
864	25
864	276
864	379
864	426
864	489
864	629
864	814
864	842
864	844
864	847
864	898
864	909
864	921
864	923
864	942
865	12
865	475
865	584
865	761
865	806
865	822
865	824
865	873
865	884
865	899
865	907
865	928
865	933
865	948
865	959
866	10
866	166
866	230
866	242
866	271
866	453
866	553
866	637
866	701
866	823
866	836
866	852
866	853
866	883
866	900
867	526
867	628
867	655
867	811
867	835
867	848
867	855
867	870
867	878
867	890
867	892
867	894
867	916
867	930
867	958
868	153
868	183
868	185
868	222
868	232
868	268
868	330
868	391
868	455
868	533
868	678
868	819
868	826
868	851
868	992
869	385
869	479
869	522
869	543
869	578
869	590
869	695
869	817
869	904
869	910
869	915
869	927
869	964
869	965
869	975
870	329
870	628
870	655
870	811
870	835
870	848
870	855
870	867
870	878
870	890
870	892
870	894
870	916
870	930
870	958
871	5
871	6
871	114
871	203
871	247
871	281
871	411
871	552
871	561
871	582
871	636
871	744
871	862
871	872
871	895
872	5
872	6
872	114
872	247
872	281
872	411
872	506
872	552
872	561
872	582
872	636
872	744
872	862
872	871
872	895
873	12
873	513
873	584
873	761
873	804
873	806
873	813
873	822
873	824
873	865
873	884
873	899
873	933
873	948
873	959
874	77
874	115
874	146
874	223
874	337
874	410
874	608
874	652
874	658
874	724
874	749
874	750
874	758
874	775
874	888
874	897
875	776
875	832
875	935
875	947
875	950
875	951
875	953
875	968
875	972
875	973
875	977
875	998
875	999
876	739
876	746
876	779
876	846
876	886
876	917
876	936
876	957
876	966
876	970
876	974
876	979
876	988
876	990
876	991
876	993
877	196
877	381
877	404
877	472
877	507
877	525
877	603
877	742
877	759
877	788
877	793
877	796
877	803
877	816
877	828
877	833
878	130
878	545
878	628
878	811
878	835
878	848
878	855
878	867
878	870
878	887
878	890
878	892
878	894
878	916
878	930
878	958
879	821
879	902
879	905
879	911
879	912
879	940
879	944
879	949
879	967
879	983
879	986
879	987
879	989
879	992
879	996
880	131
880	255
880	263
880	436
880	457
880	632
880	639
880	664
880	708
880	774
880	782
880	907
880	920
880	924
880	932
880	941
881	575
881	887
881	901
881	922
881	926
881	961
881	963
881	971
881	976
881	978
881	980
881	981
881	982
881	984
881	985
881	995
882	29
882	192
882	253
882	263
882	387
882	401
882	485
882	602
882	666
882	684
882	698
882	747
882	820
882	825
882	834
882	893
883	219
883	230
883	242
883	271
883	344
883	453
883	553
883	563
883	637
883	701
883	823
883	836
883	852
883	853
883	866
883	900
884	266
884	475
884	761
884	804
884	806
884	813
884	822
884	824
884	865
884	873
884	899
884	928
884	933
884	948
884	959
884	968
885	18
885	378
885	493
885	524
885	624
885	703
885	787
885	815
885	827
885	831
885	834
885	837
885	854
885	860
885	896
885	937
886	779
886	846
886	876
886	917
886	936
886	957
886	958
886	966
886	970
886	974
886	979
886	988
886	990
886	991
886	993
887	234
887	878
887	881
887	922
887	926
887	961
887	963
887	971
887	976
887	978
887	980
887	981
887	982
887	984
887	985
887	995
888	77
888	115
888	146
888	223
888	239
888	337
888	410
888	608
888	652
888	658
888	724
888	749
888	750
888	758
888	874
888	897
889	198
889	729
889	753
889	789
889	856
889	857
889	913
889	918
889	919
889	925
889	929
889	934
889	939
889	946
890	9
890	545
890	628
890	655
890	811
890	835
890	848
890	855
890	867
890	870
890	878
890	892
890	894
890	916
890	930
890	958
891	145
891	170
891	208
891	354
891	439
891	593
891	607
891	620
891	648
891	673
891	682
891	728
891	783
891	785
891	802
891	850
892	329
892	545
892	628
892	811
892	835
892	848
892	855
892	867
892	870
892	878
892	890
892	894
892	916
892	930
892	957
892	958
893	29
893	192
893	253
893	263
893	387
893	394
893	401
893	602
893	666
893	684
893	698
893	747
893	820
893	825
893	882
893	951
894	130
894	545
894	628
894	811
894	835
894	848
894	855
894	867
894	870
894	878
894	890
894	892
894	916
894	930
894	958
894	960
895	5
895	6
895	114
895	203
895	247
895	281
895	411
895	552
895	561
895	582
895	636
895	744
895	862
895	871
895	872
895	970
896	18
896	212
896	304
896	524
896	703
896	787
896	815
896	827
896	831
896	834
896	837
896	854
896	860
896	885
896	937
896	981
897	77
897	115
897	146
897	223
897	337
897	410
897	608
897	652
897	658
897	724
897	749
897	750
897	758
897	838
897	874
897	888
898	19
898	25
898	276
898	348
898	379
898	426
898	497
898	629
898	814
898	842
898	844
898	847
898	864
898	909
898	921
898	923
898	942
899	266
899	340
899	475
899	761
899	801
899	804
899	806
899	813
899	822
899	824
899	865
899	873
899	884
899	928
899	933
899	948
899	959
900	166
900	177
900	219
900	230
900	242
900	271
900	453
900	553
900	563
900	637
900	701
900	823
900	836
900	852
900	853
900	866
900	883
901	792
901	801
901	805
901	881
901	922
901	926
901	961
901	963
901	971
901	976
901	978
901	980
901	981
901	982
901	984
901	985
901	995
902	786
902	879
902	905
902	911
902	912
902	940
902	944
902	949
902	967
902	983
902	986
902	987
902	989
902	992
902	996
903	62
903	168
903	201
903	228
903	448
903	617
903	671
903	681
903	790
903	830
903	859
903	906
903	938
903	945
903	954
903	960
903	962
904	385
904	423
904	479
904	522
904	543
904	578
904	590
904	695
904	751
904	817
904	869
904	910
904	915
904	927
904	964
904	965
904	975
905	455
905	879
905	902
905	911
905	912
905	940
905	944
905	949
905	967
905	983
905	986
905	987
905	989
905	992
905	996
906	201
906	448
906	482
906	526
906	617
906	671
906	681
906	790
906	830
906	859
906	862
906	903
906	938
906	945
906	954
906	960
906	962
907	107
907	255
907	349
907	436
907	457
907	632
907	639
907	664
907	708
907	774
907	782
907	865
907	880
907	920
907	924
907	932
907	941
908	672
908	723
908	861
908	863
908	914
908	923
908	931
908	943
908	952
908	955
908	956
908	969
908	994
908	997
908	1000
909	25
909	276
909	348
909	379
909	426
909	497
909	629
909	814
909	835
909	842
909	844
909	847
909	864
909	898
909	921
909	923
909	942
910	132
910	170
910	365
910	423
910	479
910	522
910	543
910	590
910	695
910	817
910	869
910	904
910	915
910	927
910	964
910	965
910	975
911	547
911	821
911	879
911	902
911	905
911	912
911	940
911	944
911	949
911	967
911	983
911	986
911	987
911	989
911	992
911	996
912	713
912	821
912	879
912	902
912	905
912	911
912	940
912	944
912	949
912	959
912	967
912	983
912	986
912	987
912	989
912	992
912	996
913	657
913	729
913	753
913	789
913	856
913	857
913	889
913	918
913	919
913	925
913	929
913	934
913	939
913	946
914	723
914	861
914	863
914	908
914	928
914	931
914	943
914	952
914	955
914	956
914	969
914	994
914	997
914	1000
915	56
915	132
915	365
915	385
915	479
915	522
915	543
915	578
915	695
915	817
915	869
915	904
915	910
915	927
915	964
915	965
915	975
916	130
916	329
916	545
916	655
916	733
916	811
916	835
916	848
916	855
916	867
916	870
916	878
916	890
916	892
916	894
916	930
916	958
917	703
917	707
917	746
917	779
917	846
917	876
917	886
917	936
917	957
917	966
917	970
917	974
917	979
917	988
917	990
917	991
917	993
918	287
918	484
918	729
918	753
918	785
918	789
918	856
918	857
918	889
918	913
918	919
918	925
918	929
918	934
918	939
918	946
919	105
919	199
919	287
919	484
919	729
919	753
919	789
919	856
919	857
919	889
919	913
919	918
919	925
919	929
919	934
919	939
919	946
920	107
920	131
920	349
920	436
920	457
920	559
920	632
920	639
920	664
920	708
920	774
920	782
920	880
920	907
920	924
920	932
920	941
921	19
921	25
921	276
921	348
921	379
921	426
921	497
921	629
921	814
921	842
921	844
921	847
921	864
921	898
921	909
921	923
921	942
922	638
922	805
922	881
922	887
922	901
922	926
922	961
922	963
922	971
922	976
922	978
922	980
922	981
922	982
922	984
922	985
922	995
923	19
923	25
923	276
923	379
923	426
923	497
923	629
923	814
923	842
923	844
923	847
923	864
923	898
923	908
923	909
923	921
923	942
924	107
924	131
924	255
924	349
924	436
924	457
924	632
924	639
924	664
924	708
924	774
924	782
924	880
924	907
924	920
924	932
924	941
925	105
925	199
925	287
925	484
925	729
925	753
925	789
925	856
925	857
925	889
925	913
925	918
925	919
925	929
925	934
925	939
925	946
926	772
926	801
926	805
926	881
926	887
926	901
926	922
926	961
926	963
926	971
926	976
926	978
926	980
926	981
926	982
926	984
926	985
926	995
927	132
927	365
927	423
927	479
927	522
927	543
927	578
927	590
927	695
927	812
927	817
927	869
927	904
927	910
927	915
927	964
927	965
927	975
928	12
928	266
928	340
928	475
928	584
928	761
928	804
928	806
928	813
928	822
928	824
928	865
928	884
928	899
928	914
928	933
928	948
928	959
929	199
929	287
929	484
929	511
929	729
929	753
929	789
929	856
929	857
929	889
929	913
929	918
929	919
929	925
929	934
929	939
929	946
930	130
930	133
930	329
930	545
930	628
930	655
930	811
930	835
930	848
930	855
930	867
930	870
930	878
930	890
930	892
930	894
930	916
930	958
931	51
931	134
931	441
931	531
931	672
931	723
931	861
931	863
931	908
931	914
931	943
931	952
931	955
931	956
931	969
931	994
931	997
931	1000
932	107
932	131
932	255
932	349
932	436
932	457
932	632
932	639
932	664
932	708
932	774
932	782
932	880
932	907
932	920
932	924
932	941
932	1000
933	12
933	266
933	340
933	475
933	584
933	761
933	804
933	806
933	813
933	822
933	824
933	865
933	873
933	884
933	899
933	928
933	948
933	959
934	105
934	199
934	218
934	287
934	484
934	729
934	753
934	789
934	856
934	857
934	889
934	913
934	918
934	919
934	925
934	929
934	939
934	946
935	319
935	357
935	521
935	527
935	694
935	776
935	832
935	875
935	947
935	950
935	951
935	953
935	968
935	972
935	973
935	977
935	998
935	999
936	80
936	597
936	711
936	746
936	779
936	846
936	876
936	886
936	917
936	957
936	966
936	970
936	974
936	979
936	988
936	990
936	991
936	993
937	18
937	212
937	304
937	378
937	493
937	524
937	588
937	703
937	787
937	815
937	827
937	831
937	834
937	837
937	854
937	860
937	885
937	896
938	168
938	201
938	448
938	482
938	526
938	546
938	617
938	671
938	681
938	790
938	830
938	859
938	903
938	906
938	945
938	954
938	960
938	962
939	105
939	199
939	287
939	348
939	484
939	729
939	753
939	789
939	856
939	857
939	889
939	913
939	918
939	919
939	925
939	929
939	934
939	946
940	182
940	713
940	821
940	879
940	902
940	905
940	911
940	912
940	944
940	949
940	967
940	983
940	986
940	987
940	989
940	992
940	996
941	107
941	131
941	255
941	349
941	436
941	457
941	622
941	632
941	639
941	664
941	708
941	774
941	782
941	880
941	907
941	920
941	924
941	932
942	19
942	25
942	276
942	348
942	379
942	426
942	497
942	629
942	722
942	814
942	842
942	844
942	847
942	864
942	898
942	909
942	921
942	923
943	134
943	167
943	441
943	531
943	672
943	723
943	861
943	863
943	908
943	914
943	931
943	952
943	955
943	956
943	969
943	994
943	997
943	1000
944	713
944	821
944	879
944	902
944	905
944	911
944	912
944	940
944	949
944	967
944	983
944	986
944	987
944	989
944	992
944	996
945	168
945	201
945	448
945	482
945	526
945	617
945	671
945	681
945	782
945	790
945	830
945	859
945	903
945	906
945	938
945	954
945	960
945	962
946	105
946	199
946	223
946	287
946	484
946	729
946	753
946	789
946	856
946	857
946	889
946	913
946	918
946	919
946	925
946	929
946	934
946	939
947	776
947	800
947	832
947	875
947	935
947	950
947	951
947	953
947	968
947	972
947	973
947	977
947	998
947	999
948	12
948	266
948	340
948	584
948	643
948	761
948	804
948	806
948	813
948	822
948	824
948	865
948	873
948	884
948	899
948	928
948	933
948	959
949	713
949	821
949	879
949	902
949	905
949	911
949	912
949	940
949	944
949	963
949	967
949	983
949	986
949	987
949	989
949	992
949	996
950	358
950	776
950	832
950	875
950	935
950	947
950	951
950	953
950	968
950	972
950	973
950	977
950	998
950	999
951	137
951	521
951	527
951	776
951	832
951	875
951	893
951	935
951	947
951	950
951	953
951	968
951	972
951	973
951	977
951	998
951	999
952	74
952	239
952	441
952	531
952	672
952	723
952	861
952	863
952	908
952	914
952	931
952	943
952	955
952	956
952	969
952	994
952	997
952	1000
953	324
953	357
953	521
953	527
953	663
953	776
953	832
953	875
953	935
953	947
953	950
953	951
953	968
953	972
953	973
953	977
953	998
953	999
954	168
954	228
954	448
954	482
954	526
954	577
954	617
954	671
954	681
954	790
954	830
954	859
954	903
954	906
954	938
954	945
954	960
954	962
955	51
955	456
955	531
955	672
955	723
955	861
955	863
955	908
955	914
955	931
955	943
955	952
955	956
955	969
955	994
955	997
955	1000
956	2
956	51
956	239
956	531
956	672
956	723
956	861
956	863
956	908
956	914
956	931
956	943
956	952
956	955
956	969
956	994
956	997
956	1000
957	597
957	707
957	711
957	746
957	846
957	876
957	886
957	892
957	917
957	936
957	966
957	970
957	974
957	979
957	988
957	990
957	991
957	993
958	130
958	329
958	545
958	628
958	655
958	811
958	835
958	848
958	855
958	867
958	870
958	878
958	886
958	890
958	892
958	894
958	916
958	930
959	12
959	266
959	340
959	475
959	584
959	761
959	804
959	806
959	813
959	822
959	824
959	865
959	873
959	884
959	899
959	912
959	928
959	933
959	948
960	168
960	201
960	228
960	448
960	482
960	526
960	617
960	671
960	681
960	790
960	830
960	859
960	894
960	903
960	906
960	938
960	945
960	954
960	962
961	772
961	801
961	805
961	831
961	881
961	887
961	901
961	922
961	926
961	963
961	971
961	976
961	978
961	980
961	981
961	982
961	984
961	985
961	995
962	168
962	201
962	228
962	448
962	482
962	526
962	553
962	617
962	671
962	681
962	790
962	830
962	859
962	903
962	906
962	938
962	945
962	954
962	960
963	772
963	801
963	805
963	881
963	887
963	901
963	922
963	926
963	949
963	961
963	971
963	976
963	978
963	980
963	981
963	982
963	984
963	985
963	995
964	122
964	132
964	365
964	385
964	423
964	479
964	522
964	543
964	578
964	590
964	695
964	817
964	869
964	904
964	910
964	915
964	927
964	965
964	975
965	132
965	365
965	385
965	418
965	423
965	479
965	522
965	543
965	578
965	590
965	695
965	817
965	869
965	904
965	910
965	915
965	927
965	964
965	975
966	597
966	707
966	711
966	746
966	779
966	846
966	876
966	886
966	917
966	936
966	957
966	970
966	974
966	979
966	988
966	990
966	991
966	993
966	997
967	316
967	492
967	626
967	713
967	821
967	879
967	902
967	905
967	911
967	912
967	940
967	944
967	949
967	983
967	986
967	987
967	989
967	992
967	996
968	137
968	319
968	324
968	521
968	527
968	776
968	832
968	875
968	884
968	935
968	947
968	950
968	951
968	953
968	972
968	973
968	977
968	998
968	999
969	134
969	239
969	441
969	531
969	672
969	723
969	811
969	861
969	863
969	908
969	914
969	931
969	943
969	952
969	955
969	956
969	994
969	997
969	1000
970	80
970	707
970	711
970	746
970	779
970	846
970	876
970	886
970	895
970	917
970	936
970	957
970	966
970	974
970	979
970	988
970	990
970	991
970	993
971	466
971	772
971	801
971	805
971	881
971	887
971	901
971	922
971	926
971	961
971	963
971	976
971	978
971	980
971	981
971	982
971	984
971	985
971	995
972	319
972	324
972	357
972	521
972	527
972	769
972	776
972	832
972	875
972	935
972	947
972	950
972	951
972	953
972	968
972	973
972	977
972	998
972	999
973	137
973	319
973	357
973	521
973	527
973	776
973	807
973	832
973	875
973	935
973	947
973	950
973	951
973	953
973	968
973	972
973	977
973	998
973	999
974	597
974	611
974	707
974	711
974	746
974	779
974	846
974	876
974	886
974	917
974	936
974	957
974	966
974	970
974	979
974	988
974	990
974	991
974	993
975	132
975	365
975	385
975	423
975	446
975	479
975	522
975	543
975	578
975	590
975	695
975	817
975	869
975	904
975	910
975	915
975	927
975	964
975	965
976	243
976	461
976	772
976	801
976	805
976	881
976	887
976	901
976	922
976	926
976	961
976	963
976	971
976	978
976	980
976	981
976	982
976	984
976	985
976	995
977	137
977	319
977	324
977	357
977	521
977	527
977	539
977	776
977	832
977	875
977	935
977	947
977	950
977	951
977	953
977	968
977	972
977	973
977	998
977	999
978	85
978	461
978	772
978	801
978	805
978	881
978	887
978	901
978	922
978	926
978	961
978	963
978	971
978	976
978	980
978	981
978	982
978	984
978	985
978	995
979	71
979	80
979	597
979	707
979	711
979	746
979	779
979	846
979	876
979	886
979	917
979	936
979	957
979	966
979	970
979	974
979	988
979	990
979	991
979	993
980	461
980	585
980	772
980	801
980	805
980	881
980	887
980	901
980	922
980	926
980	961
980	963
980	971
980	976
980	978
980	981
980	982
980	984
980	985
980	995
981	461
981	772
981	801
981	805
981	881
981	887
981	896
981	901
981	922
981	926
981	961
981	963
981	971
981	976
981	978
981	980
981	982
981	984
981	985
981	995
982	166
982	461
982	772
982	801
982	805
982	881
982	887
982	901
982	922
982	926
982	961
982	963
982	971
982	976
982	978
982	980
982	981
982	984
982	985
982	995
983	171
983	316
983	346
983	492
983	713
983	821
983	879
983	902
983	905
983	911
983	912
983	940
983	944
983	949
983	967
983	986
983	987
983	989
983	992
983	996
984	461
984	727
984	772
984	801
984	805
984	881
984	887
984	901
984	922
984	926
984	961
984	963
984	971
984	976
984	978
984	980
984	981
984	982
984	985
984	995
985	224
985	461
985	772
985	801
985	805
985	881
985	887
985	901
985	922
985	926
985	961
985	963
985	971
985	976
985	978
985	980
985	981
985	982
985	984
985	995
986	171
986	316
986	492
986	713
986	770
986	821
986	879
986	902
986	905
986	911
986	912
986	940
986	944
986	949
986	967
986	983
986	987
986	989
986	992
986	996
987	23
987	171
987	316
987	492
987	713
987	821
987	879
987	902
987	905
987	911
987	912
987	940
987	944
987	949
987	967
987	983
987	986
987	989
987	992
987	996
988	80
988	597
988	707
988	711
988	746
988	779
988	839
988	846
988	876
988	886
988	917
988	936
988	957
988	966
988	970
988	974
988	979
988	990
988	991
988	993
989	171
989	316
989	492
989	679
989	713
989	821
989	879
989	902
989	905
989	911
989	912
989	940
989	944
989	949
989	967
989	983
989	986
989	987
989	992
989	996
990	80
990	92
990	597
990	707
990	711
990	746
990	779
990	846
990	876
990	886
990	917
990	936
990	957
990	966
990	970
990	974
990	979
990	988
990	991
990	993
991	80
991	259
991	597
991	707
991	711
991	746
991	779
991	846
991	876
991	886
991	917
991	936
991	957
991	966
991	970
991	974
991	979
991	988
991	990
991	993
992	171
992	316
992	492
992	713
992	821
992	868
992	879
992	902
992	905
992	911
992	912
992	940
992	944
992	949
992	967
992	983
992	986
992	987
992	989
992	996
993	151
993	590
993	597
993	707
993	711
993	746
993	779
993	846
993	876
993	886
993	917
993	936
993	957
993	966
993	970
993	974
993	979
993	988
993	990
993	991
994	51
994	134
994	239
994	441
994	531
994	563
994	672
994	723
994	861
994	863
994	908
994	914
994	931
994	943
994	952
994	955
994	956
994	969
994	997
994	1000
995	461
995	497
995	772
995	801
995	805
995	881
995	887
995	901
995	922
995	926
995	961
995	963
995	971
995	976
995	978
995	980
995	981
995	982
995	984
995	985
996	21
996	171
996	316
996	492
996	713
996	821
996	879
996	902
996	905
996	911
996	912
996	940
996	944
996	949
996	967
996	983
996	986
996	987
996	989
996	992
997	51
997	134
997	239
997	441
997	531
997	672
997	723
997	861
997	863
997	908
997	914
997	931
997	943
997	952
997	955
997	956
997	966
997	969
997	994
997	1000
998	137
998	319
998	324
998	357
998	521
998	527
998	723
998	776
998	832
998	875
998	935
998	947
998	950
998	951
998	953
998	968
998	972
998	973
998	977
998	999
999	137
999	319
999	324
999	357
999	380
999	521
999	527
999	776
999	832
999	875
999	935
999	947
999	950
999	951
999	953
999	968
999	972
999	973
999	977
999	998
1000	51
1000	134
1000	239
1000	441
1000	531
1000	672
1000	723
1000	861
1000	863
1000	908
1000	914
1000	931
1000	932
1000	943
1000	952
1000	955
1000	956
1000	969
1000	994
1000	997
