1	38
2	2
3	55
4	2
5	2
6	54
7	2
8	25
9	8
10	6
11	2
12	2
13	53
14	46
15	49
16	2
17	2
18	2
19	2
20	54
21	2
22	2
23	60
24	2
25	21
26	2
27	19
28	49
29	15
30	2
31	54
32	59
33	2
34	20
35	48
36	2
37	14
38	63
39	19
40	42
41	43
42	55
43	49
44	59
45	63
46	2
47	16
48	2
49	2
50	19
51	29
52	54
53	13
54	55
55	2
56	60
57	37
58	44
59	22
60	49
61	2
62	61
63	2
64	27
65	2
66	42
67	20
68	2
69	25
70	2
71	2
72	2
73	49
74	49
75	8
76	37
77	2
78	32
79	14
80	19
81	12
82	14
83	2
84	27
85	47
86	50
87	2
88	2
89	36
90	2
91	43
92	56
93	3
94	36
95	25
96	61
97	19
98	21
99	2
100	2
101	14
102	62
103	22
104	2
105	24
106	28
107	49
108	2
109	45
110	50
111	2
112	15
113	2
114	42
115	59
116	2
117	19
118	28
119	38
120	25
121	14
122	4
123	2
124	23
125	30
126	38
127	32
128	2
129	2
130	17
131	55
132	2
133	57
134	2
135	24
136	65
137	64
138	2
139	2
140	13
141	2
142	2
143	2
144	32
145	2
146	2
147	2
148	2
149	30
150	41
151	2
152	2
153	49
154	40
155	38
156	35
157	23
158	2
159	19
160	18
161	45
162	2
163	42
164	2
165	42
166	61
167	58
168	2
169	2
170	4
171	4
172	2
173	2
174	64
175	51
176	2
177	2
178	2
179	21
180	2
181	44
182	65
183	2
184	17
185	2
186	45
187	2
188	33
189	2
190	2
191	4
192	12
193	57
194	46
195	2
196	14
197	51
198	2
199	26
200	2
201	2
202	13
203	62
204	11
205	57
206	2
207	24
208	39
209	36
210	2
211	46
212	58
213	54
214	24
215	2
216	41
217	45
218	38
219	2
220	27
221	38
222	51
223	2
224	2
225	30
226	50
227	27
228	41
229	56
230	12
231	2
232	63
233	2
234	48
235	54
236	4
237	20
238	37
239	54
240	2
241	20
242	63
243	33
244	8
245	56
246	55
247	23
248	42
249	18
250	18
251	39
252	33
253	7
254	29
255	2
256	48
257	52
258	2
259	3
260	29
261	2
262	22
263	17
264	13
265	2
266	38
267	21
268	28
269	37
270	19
271	13
272	18
273	40
274	18
275	46
276	27
277	43
278	20
279	50
280	20
281	25
282	49
283	39
284	8
285	2
286	42
287	30
288	27
289	2
290	64
291	30
292	3
293	2
294	13
295	2
296	2
297	45
298	8
299	11
300	48
301	32
302	2
303	22
304	43
305	2
306	32
307	2
308	2
309	38
310	11
311	3
312	39
313	2
314	32
315	2
316	53
317	22
318	43
319	2
320	18
321	32
322	2
323	2
324	2
325	25
326	40
327	53
328	54
329	62
330	23
331	44
332	15
333	2
334	13
335	2
336	41
337	45
338	57
339	50
340	42
341	12
342	36
343	43
344	2
345	61
346	19
347	8
348	25
349	44
350	35
351	45
352	2
353	2
354	37
355	16
356	2
357	18
358	40
359	29
360	2
361	2
362	25
363	54
364	29
365	18
366	19
367	43
368	6
369	20
370	2
371	5
372	2
373	51
374	44
375	41
376	12
377	16
378	19
379	4
380	29
381	30
382	57
383	6
384	22
385	49
386	7
387	20
388	52
389	26
390	12
391	30
392	2
393	40
394	19
395	13
396	2
397	15
398	21
399	2
400	25
401	36
402	24
403	21
404	2
405	15
406	39
407	2
408	2
409	12
410	2
411	31
412	59
413	13
414	2
415	44
416	54
417	30
418	7
419	48
420	22
421	16
422	2
423	2
424	58
425	63
426	37
427	27
428	2
429	50
430	51
431	7
432	2
433	23
434	2
435	47
436	55
437	55
438	33
439	39
440	13
441	51
442	50
443	25
444	57
445	7
446	3
447	29
448	2
449	35
450	44
451	58
452	3
453	18
454	13
455	37
456	41
457	52
458	40
459	49
460	4
461	5
462	24
463	60
464	33
465	14
466	15
467	25
468	14
469	52
470	55
471	28
472	25
473	8
474	12
475	37
476	4
477	42
478	18
479	35
480	10
481	29
482	2
483	65
484	14
485	19
486	2
487	32
488	2
489	2
490	32
491	40
492	54
493	43
494	33
495	24
496	31
497	43
498	50
499	17
500	53
501	8
502	40
503	2
504	22
505	7
506	17
507	24
508	44
509	2
510	59
511	3
512	25
513	10
514	2
515	10
516	27
517	45
518	3
519	1
520	39
521	14
522	46
523	25
524	15
525	42
526	2
527	49
528	8
529	37
530	8
531	21
532	40
533	43
534	12
535	27
536	57
537	6
538	34
539	50
540	49
541	19
542	49
543	24
544	32
545	44
546	26
547	4
548	22
549	2
550	8
551	1
552	2
553	58
554	41
555	40
556	2
557	2
558	2
559	2
560	32
561	2
562	12
563	19
564	25
565	50
566	2
567	50
568	2
569	26
570	55
571	10
572	30
573	49
574	36
575	33
576	34
577	16
578	38
579	2
580	18
581	2
582	6
583	36
584	3
585	15
586	31
587	2
588	20
589	19
590	48
591	2
592	63
593	55
594	2
595	26
596	45
597	2
598	22
599	47
600	55
601	22
602	31
603	50
604	22
605	4
606	20
607	2
608	10
609	40
610	45
611	49
612	57
613	16
614	49
615	2
616	2
617	2
618	45
619	28
620	40
621	2
622	20
623	55
624	33
625	10
626	2
627	2
628	2
629	13
630	41
631	2
632	64
633	43
634	32
635	16
636	51
637	27
638	44
639	55
640	2
641	40
642	47
643	48
644	4
645	28
646	24
647	2
648	16
649	27
650	2
651	33
652	30
653	64
654	28
655	31
656	27
657	38
658	24
659	51
660	3
661	30
662	51
663	2
664	15
665	2
666	2
667	3
668	2
669	52
670	65
671	4
672	43
673	23
674	2
675	33
676	23
677	12
678	43
679	2
680	35
681	38
682	49
683	28
684	16
685	16
686	16
687	3
688	36
689	49
690	21
691	2
692	31
693	8
694	36
695	44
696	48
697	64
698	49
699	8
700	33
701	4
702	22
703	2
704	2
705	2
706	47
707	19
708	64
709	57
710	25
711	51
712	44
713	2
714	32
715	16
716	37
717	28
718	3
719	39
720	23
721	63
722	5
723	44
724	25
725	2
726	4
727	30
728	6
729	33
730	35
731	42
732	39
733	31
734	57
735	30
736	20
737	30
738	42
739	42
740	2
741	37
742	50
743	6
744	21
745	2
746	10
747	2
748	28
749	39
750	6
751	0
752	47
753	37
754	25
755	64
756	11
757	2
758	2
759	24
760	20
761	2
762	32
763	2
764	35
765	11
766	2
767	42
768	2
769	7
770	50
771	33
772	39
773	12
774	15
775	37
776	15
777	24
778	31
779	37
780	34
781	2
782	34
783	38
784	16
785	33
786	2
787	24
788	0
789	12
790	38
791	26
792	37
793	16
794	42
795	12
796	22
797	6
798	19
799	50
800	37
801	42
802	33
803	21
804	38
805	19
806	24
807	38
808	29
809	25
810	2
811	12
812	50
813	2
814	20
815	11
816	11
817	29
818	12
819	6
820	2
821	1
822	59
823	0
824	20
825	25
826	19
827	16
828	21
829	11
830	34
831	22
832	7
833	11
834	38
835	26
836	22
837	2
838	2
839	20
840	19
841	7
842	28
843	21
844	28
845	9
846	11
847	11
848	28
849	2
850	2
851	25
852	26
853	37
854	9
855	19
856	31
857	34
858	25
859	29
860	16
861	31
862	21
863	6
864	2
865	1
866	7
867	7
868	28
869	28
870	16
871	10
872	31
873	11
874	2
875	10
876	21
877	20
878	22
879	10
880	35
881	10
882	34
883	21
884	11
885	25
886	59
887	1
888	28
889	21
890	25
891	10
892	34
893	10
894	2
895	26
896	10
897	25
898	7
899	2
900	25
901	10
902	2
903	0
904	1
905	59
906	26
907	25
908	25
909	21
910	29
911	2
912	5
913	34
914	2
915	29
916	5
917	2
918	5
919	26
920	26
921	29
922	21
923	5
924	26
925	29
926	26
927	0
928	29
929	29
930	11
931	7
932	26
933	29
934	1
935	34
936	26
937	2
938	1
939	34
940	11
941	1
942	7
943	7
944	34
945	2
946	11
947	11
948	11
949	29
950	1
951	9
952	1
953	5
954	0
955	5
956	1
957	1
958	1
959	1
960	5
961	1
962	0
963	1
964	5
965	9
966	5
967	0
968	5
969	5
970	5
971	5
972	0
973	0
974	5
975	0
976	0
977	9
978	0
979	9
980	9
981	9
982	0
983	9
984	0
985	9
986	9
987	9
988	0
989	9
990	9
991	0
992	9
993	0
994	9
995	0
996	9
997	9
998	9
999	9
1000	9
