1	13
2	35
3	13
4	27
5	34
6	30
7	36
8	26
9	27
10	13
11	5
12	21
13	23
14	13
15	22
16	35
17	10
18	13
19	24
20	6
21	13
22	15
23	27
24	14
25	19
26	19
27	18
28	6
29	6
30	13
31	18
32	22
33	13
34	31
35	35
36	13
37	21
38	13
39	23
40	35
41	13
42	13
43	6
44	34
45	17
46	9
47	34
48	13
49	5
50	13
51	15
52	6
53	24
54	13
55	13
56	14
57	35
58	13
59	35
60	6
61	11
62	6
63	6
64	6
65	6
66	31
67	6
68	32
69	23
70	31
71	23
72	22
73	6
74	35
75	11
76	6
77	23
78	20
79	30
80	21
81	15
82	24
83	19
84	13
85	15
86	13
87	30
88	6
89	35
90	34
91	6
92	0
93	6
94	6
95	27
96	6
97	3
98	34
99	14
100	13
101	35
102	6
103	11
104	6
105	15
106	13
107	35
108	13
109	20
110	5
111	6
112	24
113	13
114	29
115	14
116	13
117	35
118	13
119	0
120	13
121	6
122	19
123	5
124	30
125	6
126	5
127	20
128	7
129	27
130	23
131	34
132	34
133	6
134	6
135	26
136	19
137	23
138	6
139	13
140	6
141	6
142	6
143	23
144	13
145	2
146	13
147	16
148	29
149	15
150	5
151	10
152	13
153	15
154	32
155	13
156	18
157	13
158	22
159	26
160	13
161	29
162	30
163	29
164	31
165	10
166	23
167	5
168	18
169	5
170	13
171	6
172	6
173	36
174	21
175	6
176	22
177	6
178	13
179	19
180	14
181	6
182	10
183	30
184	6
185	27
186	34
187	2
188	23
189	6
190	6
191	22
192	6
193	6
194	18
195	34
196	13
197	0
198	20
199	6
200	9
201	34
202	23
203	0
204	5
205	23
206	13
207	16
208	22
209	6
210	13
211	34
212	9
213	5
214	22
215	17
216	13
217	14
218	9
219	5
220	9
221	13
222	18
223	0
224	6
225	36
226	6
227	0
228	30
229	34
230	17
231	31
232	34
233	6
234	3
235	0
236	6
237	11
238	19
239	16
240	29
241	6
242	6
243	9
244	1
245	2
246	19
247	18
248	14
249	6
250	5
251	17
252	36
253	21
254	32
255	15
256	13
257	6
258	26
259	17
260	34
261	31
262	17
263	14
264	6
265	2
266	16
267	6
268	27
269	24
270	29
271	13
272	9
273	9
274	15
275	27
276	6
277	16
278	14
279	21
280	22
281	18
282	9
283	7
284	22
285	11
286	9
287	6
288	27
289	24
290	34
291	27
292	13
293	30
294	24
295	6
296	13
297	3
298	5
299	20
300	6
301	6
302	26
303	25
304	14
305	13
306	26
307	29
308	32
309	34
310	31
311	19
312	10
313	2
314	33
315	30
316	27
317	18
318	20
319	0
320	31
321	14
322	30
323	19
324	32
325	6
326	34
327	32
328	6
329	6
330	13
331	34
332	34
333	34
334	11
335	1
336	24
337	1
338	14
339	15
340	27
341	13
342	18
343	9
344	7
345	13
346	13
347	26
348	10
349	34
350	30
351	6
352	30
353	24
354	16
355	17
356	1
357	14
358	34
359	13
360	2
361	9
362	14
363	6
364	1
365	9
366	24
367	11
368	33
369	18
370	0
371	15
372	20
373	7
374	30
375	30
376	11
377	15
378	24
379	29
380	15
381	27
382	22
383	13
384	24
385	15
386	2
387	7
388	16
389	3
390	6
391	13
392	6
393	17
394	22
395	24
396	6
397	20
398	20
399	6
400	27
401	15
402	15
403	22
404	17
405	33
406	18
407	16
408	9
409	34
410	34
411	20
412	27
413	32
414	5
415	1
416	19
417	22
418	17
419	26
420	20
421	16
422	1
423	2
424	7
425	6
426	6
427	6
428	17
429	13
430	7
431	24
432	9
433	5
434	22
435	36
436	36
437	2
438	9
439	20
440	6
441	0
442	18
443	24
444	5
445	3
446	6
447	29
448	13
449	16
450	30
451	19
452	34
453	19
454	6
455	7
456	26
457	3
458	36
459	11
460	29
461	19
462	26
463	16
464	34
465	24
466	2
467	36
468	30
469	2
470	7
471	33
472	26
473	11
474	19
475	6
476	13
477	6
478	34
479	11
480	18
481	7
482	29
483	31
484	11
485	1
486	33
487	6
488	10
489	32
490	29
491	0
492	2
493	2
494	20
495	26
496	17
497	33
498	6
499	16
500	15
501	29
502	20
503	16
504	7
505	10
506	2
507	6
508	9
509	2
510	18
511	26
512	18
513	11
514	7
515	0
516	2
517	18
518	1
519	29
520	6
521	16
522	28
523	20
524	29
525	26
526	2
527	1
528	26
529	33
530	25
531	22
532	32
533	19
534	19
535	1
536	25
537	13
538	20
539	6
540	20
541	6
542	0
543	9
544	22
545	26
546	3
547	10
548	13
549	20
550	17
551	6
552	33
553	0
554	6
555	5
556	0
557	11
558	13
559	7
560	17
561	34
562	26
563	28
564	1
565	6
566	22
567	21
568	2
569	16
570	13
571	0
572	17
573	34
574	26
575	22
576	17
577	34
578	6
579	25
580	2
581	34
582	3
583	16
584	33
585	25
586	28
587	6
588	7
589	17
590	6
591	22
592	11
593	13
594	33
595	13
596	29
597	26
598	11
599	29
600	16
601	34
602	3
603	19
604	26
605	29
606	34
607	36
608	28
609	0
610	7
611	6
612	19
613	7
614	31
615	17
616	29
617	6
618	26
619	6
620	13
621	2
622	33
623	5
624	25
625	2
626	29
627	5
628	6
629	6
630	29
631	5
632	17
633	5
634	34
635	9
636	29
637	16
638	3
639	29
640	8
641	18
642	22
643	17
644	34
645	19
646	17
647	33
648	2
649	11
650	28
651	13
652	7
653	25
654	11
655	1
656	7
657	18
658	19
659	7
660	13
661	28
662	33
663	5
664	0
665	33
666	0
667	34
668	34
669	34
670	19
671	29
672	16
673	33
674	2
675	13
676	0
677	28
678	25
679	34
680	11
681	7
682	25
683	16
684	6
685	33
686	21
687	31
688	28
689	31
690	9
691	29
692	5
693	16
694	29
695	17
696	2
697	28
698	9
699	19
700	11
701	16
702	32
703	1
704	1
705	11
706	6
707	29
708	25
709	1
710	0
711	5
712	5
713	11
714	7
715	25
716	31
717	9
718	10
719	7
720	17
721	7
722	5
723	7
724	11
725	29
726	9
727	33
728	2
729	18
730	9
731	7
732	0
733	1
734	18
735	11
736	3
737	11
738	7
739	31
740	18
741	25
742	16
743	29
744	0
745	18
746	18
747	13
748	33
749	9
750	2
751	11
752	29
753	31
754	11
755	33
756	17
757	10
758	5
759	17
760	2
761	33
762	11
763	17
764	17
765	10
766	33
767	8
768	2
769	28
770	9
771	28
772	0
773	4
774	9
775	1
776	33
777	25
778	7
779	32
780	11
781	0
782	1
783	11
784	17
785	13
786	0
787	2
788	25
789	21
790	18
791	21
792	9
793	0
794	13
795	25
796	0
797	18
798	10
799	8
800	18
801	28
802	17
803	5
804	18
805	0
806	2
807	1
808	1
809	18
810	16
811	33
812	33
813	0
814	5
815	2
816	18
817	4
818	8
819	9
820	7
821	1
822	13
823	2
824	8
825	16
826	29
827	13
828	33
829	33
830	7
831	18
832	1
833	7
834	29
835	5
836	33
837	5
838	13
839	7
840	9
841	9
842	8
843	8
844	7
845	29
846	10
847	4
848	8
849	13
850	4
851	33
852	8
853	9
854	0
855	8
856	10
857	9
858	16
859	13
860	33
861	2
862	28
863	0
864	2
865	0
866	25
867	1
868	28
869	1
870	28
871	10
872	33
873	4
874	8
875	28
876	13
877	2
878	13
879	16
880	13
881	28
882	2
883	9
884	1
885	9
886	9
887	16
888	10
889	33
890	8
891	28
892	28
893	1
894	16
895	28
896	28
897	16
898	1
899	8
900	16
901	16
902	8
903	1
904	2
905	10
906	16
907	2
908	4
909	1
910	10
911	16
912	33
913	28
914	16
915	16
916	1
917	2
918	28
919	16
920	28
921	8
922	33
923	1
924	1
925	2
926	2
927	2
928	33
929	28
930	33
931	28
932	8
933	2
934	4
935	8
936	2
937	8
938	33
939	33
940	4
941	4
942	2
943	33
944	4
945	4
946	8
947	33
948	4
949	28
950	8
951	28
952	28
953	33
954	8
955	28
956	8
957	4
958	8
959	8
960	28
961	4
962	8
963	28
964	2
965	8
966	2
967	4
968	2
969	4
970	28
971	4
972	4
973	8
974	28
975	2
976	12
977	8
978	12
979	8
980	12
981	8
982	8
983	8
984	12
985	8
986	12
987	8
988	12
989	12
990	8
991	8
992	12
993	8
994	12
995	8
996	12
997	12
998	12
999	12
1000	12
