1	22
2	24
3	15
4	4
5	25
6	4
7	21
8	0
9	24
10	27
11	3
12	28
13	13
14	21
15	19
16	17
17	4
18	23
19	26
20	29
21	11
22	12
23	10
24	7
25	25
26	24
27	25
28	8
29	9
30	1
31	9
32	6
33	15
34	1
35	6
36	20
37	17
38	19
39	20
40	5
41	4
42	6
43	10
44	1
45	25
46	11
47	5
48	7
49	26
50	25
51	26
52	2
53	6
54	22
55	23
56	15
57	20
58	3
59	23
60	26
61	9
62	1
63	24
64	3
65	5
66	30
67	26
68	10
69	27
70	25
71	15
72	25
73	17
74	20
75	2
76	16
77	21
78	25
79	26
80	7
81	4
82	25
83	21
84	21
85	2
86	15
87	14
88	15
89	25
90	18
91	6
92	20
93	14
94	22
95	16
96	4
97	8
98	20
99	20
100	11
101	7
102	18
103	21
104	10
105	9
106	5
107	13
108	4
109	28
110	16
111	19
112	24
113	30
114	17
115	4
116	30
117	2
118	28
119	13
120	9
121	0
122	15
123	0
124	8
125	1
126	7
127	26
128	1
129	22
130	7
131	4
132	4
133	9
134	11
135	18
136	4
137	1
138	10
139	17
140	4
141	6
142	20
143	30
144	20
145	16
146	12
147	21
148	9
149	28
150	18
151	25
152	26
153	10
154	24
155	13
156	22
157	24
158	5
159	23
160	23
161	28
162	26
163	23
164	29
165	5
166	22
167	11
168	9
169	12
170	7
171	6
172	2
173	4
174	0
175	25
176	21
177	12
178	1
179	22
180	7
181	27
182	26
183	20
184	7
185	26
186	10
187	23
188	16
189	22
190	13
191	3
192	6
193	20
194	4
195	2
196	13
197	24
198	6
199	25
200	9
201	20
202	15
203	27
204	11
205	28
206	21
207	26
208	19
209	10
210	5
211	5
212	25
213	7
214	20
215	17
216	27
217	18
218	16
219	16
220	14
221	30
222	21
223	9
224	10
225	22
226	24
227	3
228	6
229	28
230	30
231	10
232	15
233	23
234	8
235	27
236	4
237	8
238	5
239	17
240	26
241	4
242	1
243	1
244	13
245	16
246	25
247	4
248	30
249	14
250	16
251	21
252	6
253	5
254	30
255	2
256	18
257	28
258	17
259	24
260	27
261	25
262	21
263	8
264	26
265	21
266	16
267	21
268	26
269	11
270	10
271	15
272	0
273	13
274	17
275	4
276	21
277	26
278	0
279	10
280	7
281	4
282	19
283	13
284	8
285	25
286	18
287	25
288	12
289	1
290	19
291	13
292	22
293	9
294	10
295	9
296	11
297	15
298	8
299	21
300	17
301	28
302	16
303	5
304	18
305	21
306	17
307	1
308	20
309	26
310	28
311	21
312	6
313	27
314	25
315	18
316	9
317	30
318	12
319	15
320	22
321	29
322	25
323	21
324	19
325	4
326	11
327	21
328	27
329	29
330	7
331	25
332	27
333	12
334	18
335	10
336	27
337	19
338	13
339	19
340	4
341	5
342	6
343	7
344	0
345	7
346	2
347	3
348	6
349	1
350	1
351	22
352	5
353	25
354	5
355	22
356	9
357	21
358	3
359	17
360	6
361	18
362	23
363	18
364	17
365	22
366	20
367	17
368	29
369	29
370	29
371	27
372	16
373	2
374	16
375	13
376	26
377	6
378	21
379	15
380	7
381	6
382	5
383	13
384	25
385	3
386	22
387	23
388	14
389	15
390	11
391	2
392	10
393	13
394	23
395	28
396	22
397	5
398	28
399	4
400	19
401	10
402	4
403	27
404	1
405	24
406	18
407	25
408	10
409	0
410	21
411	23
412	7
413	29
414	11
415	0
416	5
417	25
418	21
419	20
420	0
421	17
422	15
423	13
424	20
425	19
426	23
427	14
428	13
429	30
430	5
431	1
432	18
433	0
434	27
435	26
436	15
437	16
438	6
439	26
440	10
441	9
442	12
443	10
444	11
445	7
446	9
447	10
448	14
449	13
450	6
451	5
452	12
453	5
454	23
455	8
456	7
457	19
458	23
459	13
460	5
461	25
462	26
463	9
464	4
465	6
466	8
467	21
468	10
469	1
470	0
471	19
472	17
473	28
474	10
475	7
476	28
477	20
478	20
479	22
480	2
481	15
482	12
483	15
484	21
485	23
486	5
487	2
488	4
489	9
490	29
491	23
492	5
493	27
494	8
495	26
496	7
497	23
498	26
499	25
500	4
501	28
502	20
503	20
504	29
505	8
506	29
507	23
508	27
509	21
510	23
511	20
512	23
513	29
514	2
515	21
516	28
517	29
518	28
519	15
520	21
521	14
522	8
523	3
524	8
525	16
526	25
527	7
528	16
529	27
530	0
531	6
532	22
533	23
534	26
535	26
536	7
537	24
538	3
539	22
540	15
541	14
542	21
543	16
544	7
545	6
546	27
547	25
548	4
549	29
550	29
551	2
552	4
553	30
554	16
555	28
556	2
557	28
558	8
559	28
560	17
561	21
562	15
563	19
564	14
565	4
566	28
567	20
568	18
569	9
570	25
571	9
572	4
573	15
574	28
575	16
576	9
577	7
578	27
579	17
580	16
581	13
582	14
583	27
584	25
585	15
586	22
587	5
588	28
589	15
590	17
591	23
592	24
593	23
594	25
595	2
596	15
597	13
598	15
599	26
600	0
601	20
602	22
603	24
604	22
605	29
606	28
607	19
608	5
609	20
610	14
611	7
612	28
613	17
614	20
615	7
616	19
617	27
618	23
619	0
620	3
621	11
622	21
623	30
624	13
625	23
626	10
627	28
628	3
629	3
630	13
631	14
632	23
633	26
634	13
635	30
636	26
637	22
638	1
639	0
640	11
641	12
642	26
643	12
644	15
645	28
646	29
647	15
648	16
649	8
650	15
651	20
652	4
653	17
654	28
655	16
656	1
657	13
658	28
659	14
660	0
661	25
662	30
663	6
664	0
665	2
666	29
667	0
668	10
669	26
670	18
671	18
672	6
673	19
674	8
675	21
676	14
677	18
678	20
679	24
680	20
681	18
682	7
683	5
684	26
685	7
686	0
687	3
688	16
689	14
690	23
691	23
692	15
693	28
694	25
695	26
696	12
697	26
698	9
699	12
700	21
701	16
702	25
703	25
704	3
705	26
706	21
707	11
708	18
709	10
710	16
711	11
712	15
713	10
714	0
715	14
716	13
717	0
718	12
719	11
720	11
721	14
722	17
723	5
724	16
725	28
726	11
727	27
728	21
729	16
730	24
731	13
732	28
733	6
734	15
735	20
736	6
737	15
738	21
739	7
740	21
741	11
742	2
743	24
744	27
745	5
746	4
747	0
748	7
749	20
750	3
751	12
752	2
753	21
754	27
755	29
756	17
757	2
758	14
759	15
760	2
761	22
762	15
763	13
764	22
765	30
766	25
767	6
768	20
769	22
770	4
771	10
772	15
773	4
774	24
775	25
776	12
777	3
778	4
779	2
780	11
781	5
782	11
783	30
784	14
785	26
786	17
787	30
788	23
789	8
790	10
791	5
792	27
793	26
794	10
795	0
796	6
797	13
798	7
799	16
800	28
801	29
802	21
803	13
804	18
805	13
806	17
807	23
808	6
809	11
810	1
811	8
812	0
813	0
814	26
815	8
816	9
817	10
818	9
819	1
820	24
821	22
822	23
823	13
824	12
825	22
826	12
827	2
828	21
829	29
830	2
831	21
832	12
833	28
834	11
835	30
836	26
837	21
838	16
839	20
840	16
841	23
842	16
843	13
844	27
845	24
846	20
847	16
848	14
849	18
850	4
851	11
852	30
853	17
854	10
855	18
856	10
857	6
858	26
859	30
860	25
861	26
862	8
863	7
864	23
865	30
866	24
867	2
868	17
869	16
870	2
871	26
872	6
873	24
874	4
875	7
876	16
877	21
878	6
879	28
880	4
881	9
882	4
883	13
884	30
885	4
886	10
887	21
888	26
889	25
890	9
891	11
892	30
893	10
894	9
895	28
896	24
897	30
898	4
899	30
900	16
901	9
902	7
903	22
904	22
905	0
906	2
907	23
908	7
909	7
910	11
911	22
912	9
913	7
914	10
915	6
916	18
917	11
918	6
919	23
920	17
921	0
922	4
923	23
924	6
925	0
926	23
927	7
928	22
929	6
930	27
931	21
932	11
933	25
934	6
935	27
936	2
937	25
938	30
939	9
940	21
941	10
942	6
943	0
944	26
945	6
946	23
947	22
948	23
949	6
950	25
951	11
952	10
953	30
954	16
955	23
956	22
957	11
958	17
959	10
960	17
961	7
962	27
963	22
964	27
965	11
966	6
967	2
968	4
969	16
970	7
971	4
972	13
973	6
974	13
975	27
976	0
977	25
978	25
979	21
980	9
981	11
982	23
983	7
984	13
985	27
986	23
987	10
988	6
989	2
990	13
991	11
992	4
993	7
994	10
995	10
996	22
997	13
998	6
999	21
1000	16
