1	15
2	5
3	15
4	25
5	1
6	5
7	21
8	11
9	11
10	9
11	6
12	22
13	31
14	5
15	28
16	5
17	23
18	15
19	7
20	0
21	0
22	25
23	28
24	26
25	6
26	2
27	5
28	3
29	7
30	8
31	21
32	20
33	23
34	31
35	19
36	31
37	14
38	16
39	5
40	22
41	0
42	6
43	2
44	29
45	2
46	22
47	10
48	22
49	29
50	21
51	16
52	24
53	20
54	20
55	17
56	9
57	21
58	17
59	28
60	31
61	20
62	5
63	10
64	12
65	23
66	11
67	12
68	21
69	21
70	21
71	18
72	19
73	19
74	26
75	11
76	18
77	28
78	14
79	23
80	14
81	23
82	21
83	13
84	24
85	23
86	0
87	15
88	27
89	10
90	5
91	3
92	23
93	4
94	31
95	16
96	21
97	5
98	24
99	5
100	9
101	19
102	20
103	12
104	7
105	29
106	28
107	11
108	22
109	0
110	9
111	27
112	6
113	5
114	14
115	0
116	4
117	6
118	9
119	0
120	20
121	8
122	8
123	21
124	25
125	10
126	29
127	1
128	16
129	29
130	1
131	0
132	20
133	27
134	28
135	0
136	4
137	23
138	28
139	5
140	11
141	24
142	7
143	10
144	25
145	11
146	17
147	11
148	26
149	23
150	21
151	29
152	3
153	11
154	9
155	15
156	15
157	11
158	16
159	23
160	11
161	20
162	7
163	27
164	0
165	3
166	4
167	10
168	18
169	9
170	7
171	24
172	19
173	4
174	5
175	31
176	23
177	10
178	30
179	22
180	3
181	5
182	9
183	22
184	7
185	29
186	12
187	7
188	9
189	5
190	24
191	25
192	14
193	26
194	17
195	7
196	24
197	13
198	21
199	2
200	17
201	23
202	15
203	13
204	19
205	5
206	2
207	18
208	7
209	8
210	17
211	0
212	28
213	18
214	24
215	21
216	5
217	23
218	16
219	26
220	22
221	20
222	25
223	27
224	24
225	29
226	27
227	12
228	2
229	30
230	17
231	21
232	23
233	5
234	2
235	12
236	29
237	2
238	30
239	13
240	21
241	18
242	14
243	8
244	24
245	27
246	11
247	18
248	24
249	13
250	14
251	28
252	21
253	0
254	18
255	1
256	3
257	29
258	24
259	3
260	16
261	25
262	6
263	25
264	11
265	9
266	5
267	5
268	21
269	15
270	24
271	7
272	13
273	7
274	0
275	1
276	16
277	27
278	26
279	0
280	27
281	22
282	19
283	22
284	5
285	25
286	21
287	9
288	2
289	8
290	0
291	15
292	14
293	0
294	9
295	20
296	1
297	13
298	4
299	19
300	28
301	25
302	12
303	24
304	26
305	24
306	5
307	18
308	28
309	30
310	25
311	15
312	31
313	10
314	2
315	7
316	10
317	20
318	25
319	15
320	9
321	7
322	0
323	18
324	6
325	5
326	0
327	11
328	28
329	7
330	23
331	3
332	22
333	16
334	9
335	31
336	24
337	25
338	29
339	14
340	2
341	5
342	6
343	7
344	1
345	2
346	3
347	4
348	3
349	1
350	0
351	11
352	27
353	9
354	0
355	27
356	5
357	6
358	7
359	30
360	31
361	18
362	13
363	25
364	24
365	27
366	21
367	24
368	0
369	12
370	12
371	22
372	25
373	0
374	16
375	16
376	6
377	3
378	23
379	1
380	15
381	27
382	0
383	12
384	18
385	23
386	21
387	25
388	26
389	17
390	21
391	25
392	10
393	20
394	30
395	16
396	18
397	16
398	17
399	1
400	9
401	0
402	2
403	27
404	22
405	24
406	24
407	18
408	23
409	26
410	3
411	26
412	24
413	28
414	22
415	1
416	23
417	19
418	13
419	7
420	17
421	17
422	17
423	23
424	23
425	18
426	9
427	16
428	6
429	16
430	18
431	0
432	29
433	2
434	20
435	10
436	9
437	3
438	0
439	4
440	0
441	21
442	24
443	24
444	14
445	21
446	15
447	11
448	21
449	14
450	21
451	13
452	2
453	21
454	31
455	11
456	26
457	0
458	9
459	30
460	11
461	0
462	27
463	5
464	17
465	10
466	23
467	29
468	30
469	6
470	11
471	26
472	22
473	17
474	18
475	25
476	9
477	27
478	12
479	21
480	20
481	18
482	15
483	29
484	20
485	8
486	26
487	16
488	27
489	23
490	5
491	1
492	0
493	0
494	30
495	5
496	3
497	22
498	14
499	16
500	16
501	7
502	18
503	5
504	31
505	27
506	12
507	0
508	12
509	16
510	22
511	3
512	11
513	17
514	22
515	21
516	8
517	11
518	5
519	24
520	19
521	5
522	20
523	7
524	3
525	9
526	27
527	20
528	28
529	7
530	16
531	25
532	29
533	11
534	15
535	1
536	18
537	25
538	31
539	3
540	0
541	27
542	9
543	25
544	10
545	30
546	0
547	0
548	16
549	21
550	7
551	30
552	21
553	9
554	10
555	23
556	19
557	13
558	1
559	3
560	0
561	25
562	20
563	12
564	12
565	22
566	9
567	13
568	5
569	13
570	1
571	25
572	6
573	0
574	23
575	22
576	19
577	0
578	14
579	25
580	22
581	21
582	6
583	17
584	30
585	7
586	3
587	22
588	27
589	0
590	1
591	21
592	20
593	5
594	28
595	6
596	22
597	8
598	23
599	5
600	21
601	5
602	23
603	9
604	20
605	6
606	27
607	15
608	20
609	29
610	31
611	17
612	23
613	20
614	7
615	18
616	16
617	8
618	18
619	27
620	20
621	29
622	11
623	21
624	4
625	16
626	15
627	11
628	17
629	15
630	27
631	12
632	28
633	24
634	5
635	0
636	0
637	25
638	12
639	27
640	22
641	18
642	2
643	5
644	11
645	22
646	27
647	11
648	8
649	1
650	28
651	18
652	7
653	4
654	18
655	11
656	23
657	8
658	22
659	30
660	15
661	28
662	23
663	22
664	2
665	1
666	3
667	14
668	1
669	4
670	3
671	0
672	16
673	21
674	26
675	0
676	25
677	23
678	12
679	15
680	2
681	7
682	21
683	28
684	11
685	1
686	20
687	24
688	27
689	14
690	15
691	6
692	8
693	20
694	22
695	20
696	4
697	30
698	7
699	22
700	18
701	16
702	28
703	13
704	15
705	18
706	22
707	8
708	14
709	3
710	7
711	11
712	16
713	10
714	15
715	11
716	14
717	10
718	12
719	13
720	20
721	17
722	4
723	27
724	29
725	22
726	3
727	16
728	31
729	4
730	9
731	1
732	10
733	11
734	1
735	9
736	23
737	7
738	27
739	18
740	18
741	4
742	25
743	26
744	7
745	16
746	13
747	30
748	25
749	1
750	0
751	24
752	22
753	11
754	10
755	22
756	17
757	31
758	31
759	27
760	17
761	8
762	8
763	22
764	29
765	22
766	11
767	11
768	9
769	13
770	18
771	18
772	16
773	0
774	16
775	6
776	31
777	11
778	14
779	31
780	22
781	8
782	4
783	30
784	28
785	25
786	17
787	16
788	25
789	31
790	20
791	30
792	31
793	9
794	16
795	17
796	23
797	12
798	17
799	18
800	11
801	15
802	31
803	8
804	25
805	21
806	28
807	12
808	31
809	12
810	8
811	9
812	10
813	11
814	10
815	12
816	12
817	13
818	12
819	29
820	22
821	16
822	23
823	3
824	12
825	3
826	0
827	17
828	25
829	22
830	4
831	31
832	6
833	31
834	22
835	22
836	15
837	22
838	18
839	9
840	14
841	8
842	28
843	6
844	25
845	14
846	20
847	2
848	22
849	17
850	9
851	31
852	4
853	4
854	31
855	20
856	25
857	10
858	25
859	3
860	4
861	2
862	16
863	28
864	28
865	17
866	25
867	23
868	17
869	10
870	11
871	29
872	31
873	3
874	22
875	17
876	16
877	6
878	25
879	30
880	17
881	8
882	15
883	6
884	28
885	0
886	6
887	18
888	17
889	14
890	28
891	3
892	6
893	14
894	30
895	18
896	14
897	6
898	25
899	6
900	17
901	30
902	20
903	6
904	0
905	30
906	25
907	28
908	8
909	25
910	8
911	18
912	17
913	30
914	1
915	31
916	16
917	8
918	17
919	17
920	25
921	30
922	0
923	11
924	31
925	18
926	30
927	25
928	14
929	20
930	18
931	14
932	30
933	12
934	11
935	17
936	25
937	17
938	3
939	31
940	30
941	6
942	3
943	20
944	0
945	25
946	25
947	31
948	20
949	12
950	3
951	8
952	8
953	15
954	8
955	12
956	20
957	3
958	12
959	30
960	25
961	31
962	17
963	31
964	12
965	6
966	15
967	20
968	11
969	25
970	31
971	3
972	6
973	31
974	3
975	3
976	12
977	20
978	20
979	17
980	12
981	25
982	18
983	18
984	3
985	6
986	3
987	12
988	20
989	12
990	3
991	31
992	31
993	25
994	18
995	18
996	20
997	11
998	25
999	12
1000	11
