1	13
2	21
3	4
4	18
5	24
6	26
7	9
8	20
9	4
10	0
11	20
12	11
13	19
14	2
15	28
16	3
17	15
18	8
19	16
20	4
21	3
22	11
23	18
24	13
25	16
26	27
27	29
28	18
29	5
30	16
31	15
32	3
33	29
34	19
35	10
36	1
37	17
38	3
39	17
40	25
41	29
42	10
43	8
44	1
45	11
46	10
47	6
48	16
49	11
50	18
51	20
52	23
53	16
54	26
55	20
56	30
57	0
58	5
59	1
60	2
61	19
62	22
63	7
64	21
65	5
66	30
67	14
68	9
69	23
70	3
71	7
72	2
73	20
74	24
75	5
76	5
77	0
78	19
79	16
80	14
81	28
82	28
83	13
84	8
85	1
86	27
87	16
88	27
89	18
90	15
91	20
92	26
93	18
94	11
95	22
96	3
97	6
98	5
99	11
100	9
101	27
102	0
103	16
104	7
105	19
106	28
107	26
108	18
109	3
110	9
111	18
112	14
113	13
114	19
115	11
116	19
117	30
118	28
119	22
120	25
121	20
122	16
123	30
124	5
125	25
126	28
127	7
128	26
129	26
130	10
131	15
132	28
133	28
134	2
135	14
136	10
137	28
138	20
139	13
140	1
141	27
142	23
143	1
144	10
145	7
146	5
147	3
148	2
149	16
150	1
151	9
152	15
153	16
154	11
155	3
156	1
157	15
158	9
159	4
160	10
161	20
162	8
163	9
164	11
165	11
166	12
167	27
168	8
169	24
170	4
171	25
172	20
173	26
174	28
175	19
176	26
177	6
178	15
179	21
180	21
181	16
182	25
183	21
184	15
185	15
186	4
187	23
188	1
189	18
190	24
191	0
192	1
193	20
194	26
195	10
196	7
197	15
198	1
199	16
200	28
201	18
202	24
203	0
204	8
205	18
206	8
207	13
208	28
209	15
210	25
211	10
212	23
213	26
214	7
215	17
216	15
217	11
218	16
219	4
220	27
221	19
222	8
223	3
224	8
225	1
226	15
227	11
228	0
229	9
230	28
231	4
232	20
233	26
234	11
235	20
236	21
237	8
238	3
239	2
240	7
241	28
242	11
243	18
244	16
245	2
246	9
247	26
248	16
249	11
250	18
251	16
252	6
253	1
254	27
255	20
256	8
257	19
258	30
259	29
260	25
261	29
262	3
263	22
264	5
265	0
266	18
267	19
268	11
269	4
270	8
271	4
272	20
273	19
274	16
275	11
276	17
277	8
278	13
279	1
280	6
281	11
282	5
283	0
284	3
285	5
286	28
287	29
288	23
289	5
290	7
291	8
292	16
293	23
294	22
295	0
296	19
297	15
298	21
299	15
300	10
301	30
302	10
303	22
304	28
305	20
306	8
307	20
308	20
309	29
310	7
311	3
312	18
313	4
314	0
315	7
316	26
317	10
318	5
319	26
320	1
321	5
322	23
323	4
324	16
325	30
326	13
327	20
328	21
329	15
330	26
331	20
332	10
333	19
334	2
335	17
336	9
337	27
338	25
339	16
340	6
341	7
342	8
343	1
344	2
345	25
346	4
347	5
348	23
349	6
350	28
351	19
352	30
353	20
354	16
355	18
356	29
357	15
358	2
359	23
360	24
361	5
362	1
363	23
364	21
365	17
366	10
367	5
368	21
369	1
370	18
371	4
372	28
373	20
374	8
375	26
376	28
377	20
378	2
379	23
380	4
381	26
382	8
383	13
384	11
385	5
386	17
387	11
388	14
389	14
390	4
391	24
392	16
393	27
394	1
395	1
396	17
397	0
398	16
399	22
400	22
401	2
402	25
403	19
404	22
405	16
406	8
407	16
408	8
409	19
410	22
411	2
412	19
413	29
414	1
415	25
416	18
417	6
418	13
419	8
420	10
421	20
422	19
423	10
424	20
425	17
426	9
427	9
428	17
429	6
430	12
431	15
432	3
433	14
434	0
435	3
436	29
437	2
438	28
439	23
440	0
441	15
442	15
443	11
444	16
445	8
446	2
447	1
448	4
449	5
450	24
451	3
452	23
453	2
454	28
455	1
456	12
457	20
458	0
459	25
460	25
461	30
462	10
463	12
464	10
465	28
466	3
467	10
468	10
469	16
470	26
471	29
472	6
473	20
474	0
475	1
476	4
477	30
478	15
479	18
480	4
481	23
482	15
483	4
484	18
485	9
486	2
487	16
488	30
489	16
490	15
491	24
492	2
493	28
494	15
495	26
496	2
497	24
498	22
499	11
500	11
501	29
502	0
503	24
504	12
505	14
506	10
507	0
508	23
509	18
510	18
511	8
512	21
513	23
514	18
515	0
516	3
517	20
518	7
519	23
520	18
521	15
522	26
523	10
524	15
525	25
526	18
527	18
528	15
529	22
530	9
531	27
532	23
533	4
534	28
535	17
536	10
537	22
538	5
539	29
540	13
541	7
542	27
543	11
544	27
545	14
546	20
547	11
548	11
549	27
550	12
551	7
552	25
553	16
554	2
555	8
556	16
557	30
558	21
559	18
560	16
561	11
562	26
563	27
564	26
565	4
566	19
567	30
568	22
569	18
570	7
571	19
572	29
573	2
574	18
575	20
576	15
577	1
578	30
579	16
580	16
581	25
582	16
583	14
584	23
585	25
586	15
587	1
588	19
589	3
590	16
591	15
592	18
593	14
594	20
595	9
596	22
597	7
598	17
599	18
600	16
601	15
602	18
603	2
604	5
605	8
606	19
607	11
608	21
609	24
610	1
611	8
612	2
613	22
614	23
615	25
616	12
617	22
618	5
619	20
620	12
621	5
622	15
623	4
624	28
625	20
626	1
627	3
628	26
629	1
630	20
631	29
632	3
633	11
634	17
635	5
636	22
637	17
638	2
639	18
640	27
641	23
642	5
643	28
644	10
645	26
646	12
647	27
648	14
649	16
650	3
651	5
652	20
653	5
654	21
655	11
656	26
657	17
658	14
659	19
660	16
661	5
662	12
663	19
664	20
665	22
666	25
667	12
668	0
669	23
670	16
671	16
672	20
673	13
674	27
675	12
676	17
677	0
678	2
679	20
680	1
681	19
682	22
683	17
684	20
685	11
686	18
687	26
688	8
689	14
690	24
691	16
692	4
693	28
694	1
695	13
696	3
697	18
698	25
699	20
700	25
701	2
702	5
703	3
704	9
705	29
706	24
707	30
708	29
709	5
710	11
711	1
712	18
713	17
714	16
715	15
716	2
717	14
718	10
719	13
720	2
721	15
722	12
723	28
724	27
725	28
726	13
727	3
728	5
729	4
730	27
731	21
732	22
733	15
734	24
735	27
736	0
737	14
738	8
739	19
740	7
741	7
742	21
743	29
744	0
745	27
746	29
747	0
748	27
749	14
750	12
751	8
752	14
753	30
754	0
755	13
756	22
757	4
758	19
759	22
760	17
761	5
762	21
763	25
764	27
765	2
766	17
767	4
768	23
769	15
770	27
771	11
772	7
773	27
774	23
775	12
776	23
777	25
778	21
779	7
780	25
781	23
782	8
783	22
784	11
785	28
786	14
787	3
788	29
789	10
790	18
791	30
792	18
793	1
794	14
795	9
796	1
797	8
798	5
799	10
800	4
801	27
802	3
803	29
804	28
805	8
806	13
807	0
808	17
809	3
810	7
811	8
812	9
813	10
814	2
815	12
816	11
817	12
818	15
819	3
820	13
821	15
822	7
823	3
824	18
825	15
826	25
827	7
828	25
829	10
830	0
831	9
832	22
833	18
834	10
835	10
836	22
837	7
838	8
839	8
840	10
841	14
842	12
843	1
844	4
845	14
846	11
847	30
848	14
849	19
850	4
851	19
852	30
853	19
854	14
855	12
856	4
857	19
858	19
859	0
860	30
861	0
862	30
863	4
864	15
865	12
866	3
867	3
868	25
869	4
870	25
871	27
872	15
873	25
874	28
875	28
876	8
877	27
878	7
879	10
880	30
881	30
882	4
883	1
884	4
885	17
886	8
887	7
888	3
889	17
890	1
891	28
892	29
893	8
894	18
895	29
896	27
897	29
898	18
899	30
900	22
901	22
902	17
903	28
904	22
905	12
906	14
907	25
908	28
909	29
910	27
911	28
912	18
913	10
914	0
915	14
916	7
917	18
918	12
919	10
920	7
921	3
922	28
923	3
924	10
925	30
926	17
927	27
928	12
929	28
930	3
931	25
932	12
933	8
934	27
935	10
936	10
937	10
938	17
939	1
940	17
941	22
942	12
943	12
944	22
945	12
946	7
947	22
948	4
949	10
950	1
951	27
952	27
953	22
954	3
955	18
956	18
957	1
958	25
959	22
960	10
961	25
962	8
963	4
964	27
965	28
966	1
967	28
968	12
969	7
970	28
971	14
972	3
973	14
974	27
975	14
976	10
977	28
978	0
979	27
980	8
981	25
982	10
983	14
984	14
985	10
986	7
987	18
988	27
989	28
990	10
991	22
992	27
993	22
994	7
995	10
996	10
997	22
998	3
999	25
1000	22
