1	3
2	13
3	6
4	5
5	19
6	17
7	7
8	4
9	22
10	15
11	9
12	15
13	19
14	18
15	9
16	10
17	20
18	15
19	4
20	21
21	15
22	7
23	25
24	16
25	9
26	13
27	21
28	18
29	13
30	19
31	5
32	17
33	15
34	3
35	6
36	23
37	1
38	24
39	3
40	11
41	19
42	16
43	22
44	22
45	1
46	18
47	6
48	17
49	12
50	12
51	23
52	3
53	17
54	15
55	12
56	19
57	2
58	5
59	13
60	7
61	9
62	16
63	13
64	3
65	11
66	2
67	22
68	26
69	24
70	1
71	25
72	22
73	29
74	22
75	2
76	6
77	7
78	28
79	27
80	20
81	6
82	13
83	27
84	10
85	2
86	11
87	10
88	8
89	17
90	19
91	18
92	22
93	16
94	17
95	3
96	8
97	2
98	21
99	11
100	18
101	8
102	8
103	12
104	17
105	17
106	10
107	24
108	17
109	5
110	2
111	19
112	10
113	23
114	24
115	13
116	28
117	25
118	15
119	28
120	7
121	14
122	16
123	18
124	2
125	28
126	22
127	7
128	27
129	15
130	18
131	11
132	17
133	7
134	0
135	6
136	5
137	15
138	8
139	1
140	0
141	15
142	16
143	10
144	7
145	6
146	17
147	2
148	4
149	2
150	7
151	7
152	18
153	9
154	16
155	1
156	25
157	13
158	6
159	9
160	15
161	16
162	18
163	24
164	18
165	21
166	24
167	2
168	13
169	18
170	8
171	9
172	0
173	22
174	17
175	2
176	0
177	3
178	25
179	29
180	29
181	10
182	5
183	11
184	3
185	25
186	26
187	3
188	9
189	17
190	2
191	18
192	8
193	19
194	10
195	9
196	19
197	20
198	14
199	1
200	1
201	25
202	18
203	12
204	3
205	10
206	16
207	18
208	9
209	28
210	14
211	25
212	13
213	25
214	8
215	22
216	25
217	12
218	1
219	3
220	11
221	14
222	25
223	2
224	13
225	23
226	0
227	13
228	1
229	6
230	7
231	16
232	14
233	6
234	25
235	0
236	5
237	10
238	12
239	9
240	3
241	4
242	26
243	10
244	10
245	1
246	23
247	0
248	20
249	17
250	0
251	22
252	20
253	27
254	6
255	20
256	5
257	5
258	3
259	6
260	6
261	6
262	14
263	19
264	4
265	23
266	14
267	17
268	24
269	0
270	20
271	23
272	6
273	18
274	17
275	24
276	11
277	25
278	11
279	13
280	24
281	20
282	12
283	18
284	27
285	18
286	1
287	1
288	9
289	23
290	23
291	8
292	23
293	9
294	1
295	3
296	21
297	22
298	2
299	10
300	12
301	25
302	10
303	24
304	14
305	13
306	16
307	20
308	29
309	2
310	25
311	9
312	3
313	11
314	12
315	12
316	7
317	15
318	6
319	21
320	1
321	17
322	9
323	26
324	25
325	14
326	5
327	5
328	13
329	17
330	28
331	2
332	6
333	4
334	19
335	27
336	21
337	11
338	18
339	25
340	4
341	5
342	6
343	7
344	0
345	16
346	2
347	3
348	15
349	6
350	17
351	7
352	3
353	22
354	5
355	29
356	26
357	15
358	5
359	15
360	0
361	14
362	25
363	25
364	9
365	25
366	28
367	9
368	25
369	25
370	27
371	17
372	20
373	1
374	29
375	19
376	28
377	26
378	15
379	25
380	29
381	9
382	5
383	1
384	10
385	18
386	0
387	8
388	22
389	14
390	13
391	15
392	19
393	27
394	3
395	21
396	28
397	18
398	26
399	2
400	29
401	20
402	14
403	15
404	23
405	2
406	13
407	1
408	21
409	23
410	25
411	25
412	23
413	3
414	16
415	18
416	3
417	15
418	24
419	27
420	17
421	28
422	13
423	18
424	4
425	23
426	17
427	17
428	24
429	27
430	16
431	2
432	8
433	22
434	13
435	14
436	20
437	11
438	26
439	1
440	17
441	3
442	13
443	25
444	24
445	20
446	25
447	17
448	14
449	10
450	28
451	10
452	18
453	26
454	4
455	16
456	23
457	25
458	9
459	6
460	18
461	10
462	14
463	0
464	0
465	8
466	2
467	10
468	28
469	18
470	18
471	9
472	15
473	17
474	0
475	1
476	23
477	15
478	5
479	22
480	22
481	12
482	2
483	24
484	23
485	22
486	10
487	5
488	2
489	10
490	0
491	24
492	29
493	1
494	23
495	3
496	6
497	22
498	10
499	14
500	9
501	14
502	4
503	18
504	18
505	21
506	15
507	19
508	17
509	14
510	21
511	25
512	26
513	8
514	2
515	0
516	13
517	9
518	8
519	7
520	10
521	10
522	9
523	13
524	10
525	17
526	25
527	0
528	17
529	21
530	2
531	3
532	13
533	16
534	10
535	26
536	14
537	28
538	6
539	0
540	21
541	7
542	0
543	29
544	9
545	11
546	29
547	4
548	28
549	29
550	29
551	15
552	24
553	2
554	28
555	19
556	15
557	22
558	15
559	28
560	18
561	8
562	24
563	14
564	14
565	21
566	25
567	2
568	21
569	18
570	16
571	23
572	10
573	19
574	1
575	2
576	9
577	2
578	28
579	17
580	16
581	17
582	16
583	24
584	0
585	21
586	16
587	22
588	2
589	29
590	23
591	19
592	18
593	2
594	2
595	4
596	3
597	22
598	16
599	8
600	10
601	6
602	6
603	12
604	8
605	23
606	3
607	19
608	16
609	17
610	23
611	12
612	24
613	16
614	10
615	27
616	22
617	24
618	18
619	19
620	5
621	8
622	4
623	17
624	16
625	3
626	29
627	7
628	15
629	22
630	15
631	8
632	15
633	6
634	23
635	0
636	15
637	23
638	6
639	5
640	20
641	2
642	10
643	23
644	24
645	11
646	14
647	0
648	11
649	15
650	22
651	9
652	10
653	6
654	9
655	8
656	8
657	2
658	20
659	18
660	2
661	22
662	17
663	22
664	27
665	20
666	27
667	7
668	10
669	5
670	4
671	22
672	6
673	0
674	23
675	23
676	8
677	17
678	11
679	29
680	8
681	17
682	0
683	28
684	15
685	22
686	0
687	1
688	5
689	14
690	15
691	9
692	18
693	1
694	17
695	13
696	5
697	16
698	8
699	13
700	0
701	24
702	0
703	6
704	24
705	20
706	23
707	15
708	10
709	25
710	13
711	16
712	3
713	15
714	10
715	14
716	13
717	2
718	13
719	8
720	8
721	11
722	1
723	15
724	18
725	16
726	7
727	13
728	23
729	6
730	22
731	11
732	1
733	12
734	24
735	25
736	25
737	16
738	13
739	9
740	12
741	19
742	27
743	16
744	16
745	11
746	14
747	29
748	3
749	28
750	1
751	1
752	28
753	2
754	1
755	8
756	24
757	20
758	29
759	17
760	11
761	16
762	20
763	11
764	29
765	14
766	2
767	18
768	5
769	11
770	8
771	9
772	14
773	2
774	19
775	15
776	19
777	22
778	8
779	18
780	28
781	13
782	28
783	27
784	21
785	9
786	17
787	8
788	10
789	28
790	24
791	7
792	8
793	16
794	29
795	27
796	9
797	28
798	5
799	7
800	16
801	9
802	11
803	27
804	20
805	20
806	16
807	13
808	8
809	7
810	8
811	9
812	2
813	10
814	11
815	2
816	12
817	8
818	10
819	1
820	9
821	22
822	17
823	12
824	5
825	8
826	2
827	15
828	15
829	16
830	24
831	17
832	13
833	15
834	14
835	19
836	14
837	16
838	20
839	10
840	22
841	15
842	1
843	9
844	16
845	24
846	9
847	20
848	15
849	12
850	19
851	14
852	29
853	8
854	8
855	1
856	13
857	8
858	19
859	1
860	8
861	22
862	17
863	22
864	22
865	15
866	18
867	24
868	24
869	12
870	8
871	24
872	9
873	18
874	25
875	16
876	1
877	29
878	17
879	28
880	8
881	28
882	8
883	7
884	16
885	5
886	8
887	12
888	1
889	13
890	8
891	15
892	29
893	2
894	2
895	1
896	19
897	20
898	17
899	13
900	18
901	19
902	17
903	16
904	14
905	13
906	19
907	8
908	17
909	22
910	1
911	17
912	17
913	20
914	28
915	9
916	17
917	9
918	15
919	18
920	9
921	15
922	5
923	24
924	11
925	28
926	1
927	5
928	7
929	16
930	5
931	9
932	13
933	5
934	2
935	2
936	17
937	15
938	24
939	20
940	9
941	1
942	11
943	11
944	16
945	1
946	2
947	9
948	19
949	24
950	19
951	20
952	15
953	14
954	13
955	16
956	15
957	14
958	9
959	24
960	8
961	22
962	8
963	13
964	9
965	17
966	20
967	8
968	20
969	24
970	19
971	8
972	17
973	17
974	20
975	1
976	28
977	19
978	2
979	16
980	24
981	19
982	9
983	28
984	17
985	8
986	16
987	14
988	9
989	5
990	28
991	2
992	28
993	17
994	14
995	1
996	22
997	1
998	14
999	9
1000	1
