1	16 
2	39 
3	33 
4	35 
5	23 
6	32 
7	19 
8	42 
9	6 
10	11 
11	37 
12	26 
13	9 
14	39 
15	4 
16	2 
17	43 
18	36 
19	29 
20	46 
21	17 
22	32 
23	42 
24	8 
25	31 
26	10 
27	16 
28	18 
29	23 
30	11 
31	13 
32	6 
33	31 
34	28 
35	13 
36	19 
37	4 
38	41 
39	24 
40	3 
41	12 
42	6 
43	4 
44	42 
45	8 
46	39 
47	44 
48	6 
49	34 
50	19 
51	32 
52	12 
53	7 
54	19 
55	15 
56	38 
57	6 
58	35 
59	6 
60	3 
61	32 
62	17 
63	4 
64	25 
65	12 
66	36 
67	33 
68	15 
69	32 
70	26 
71	43 
72	19 
73	38 
74	39 
75	42 
76	8 
77	5 
78	30 
79	38 
80	19 
81	22 
82	36 
83	17 
84	38 
85	21 
86	10 
87	37 
88	5 
89	34 
90	38 
91	35 
92	5 
93	25 
94	32 
95	7 
96	31 
97	33 
98	6 
99	6 
100	38 
101	24 
102	32 
103	25 
104	15 
105	18 
106	42 
107	24 
108	40 
109	15 
110	35 
111	36 
112	27 
113	38 
114	36 
115	6 
116	36 
117	8 
118	12 
119	36 
120	5 
121	37 
122	2 
123	45 
124	5 
125	3 
126	20 
127	28 
128	31 
129	15 
130	36 
131	31 
132	27 
133	21 
134	6 
135	2 
136	36 
137	39 
138	4 
139	16 
140	14 
141	15 
142	45 
143	38 
144	42 
145	2 
146	6 
147	43 
148	42 
149	21 
150	36 
151	46 
152	7 
153	32 
154	12 
155	17 
156	20 
157	6 
158	32 
159	22 
160	8 
161	4 
162	9 
163	24 
164	11 
165	5 
166	32 
167	31 
168	41 
169	38 
170	17 
171	43 
172	30 
173	32 
174	13 
175	43 
176	32 
177	10 
178	32 
179	45 
180	3 
181	4 
182	43 
183	7 
184	26 
185	22 
186	11 
187	11 
188	30 
189	39 
190	6 
191	18 
192	24 
193	27 
194	6 
195	22 
196	15 
197	36 
198	32 
199	43 
200	5 
201	31 
202	10 
203	11 
204	7 
205	11 
206	14 
207	1 
208	11 
209	11 
210	7 
211	42 
212	19 
213	19 
214	24 
215	20 
216	39 
217	4 
218	8 
219	18 
220	4 
221	24 
222	5 
223	31 
224	24 
225	37 
226	16 
227	19 
228	12 
229	25 
230	26 
231	17 
232	8 
233	8 
234	11 
235	31 
236	12 
237	7 
238	41 
239	16 
240	10 
241	4 
242	2 
243	5 
244	34 
245	18 
246	25 
247	26 
248	38 
249	39 
250	25 
251	30 
252	20 
253	38 
254	25 
255	37 
256	23 
257	35 
258	21 
259	6 
260	4 
261	1 
262	31 
263	42 
264	5 
265	12 
266	45 
267	21 
268	23 
269	26 
270	14 
271	1 
272	31 
273	42 
274	4 
275	4 
276	6 
277	21 
278	3 
279	6 
280	40 
281	44 
282	31 
283	40 
284	31 
285	8 
286	9 
287	32 
288	36 
289	39 
290	36 
291	12 
292	28 
293	43 
294	20 
295	16 
296	40 
297	38 
298	9 
299	15 
300	37 
301	15 
302	5 
303	8 
304	18 
305	1 
306	40 
307	28 
308	21 
309	43 
310	8 
311	31 
312	8 
313	38 
314	2 
315	6 
316	40 
317	42 
318	4 
319	37 
320	4 
321	32 
322	18 
323	11 
324	36 
325	41 
326	31 
327	10 
328	7 
329	30 
330	13 
331	30 
332	38 
333	13 
334	38 
335	12 
336	32 
337	43 
338	2 
339	17 
340	38 
341	39 
342	40 
343	6 
344	17 
345	11 
346	14 
347	32 
348	16 
349	17 
350	5 
351	25 
352	31 
353	9 
354	31 
355	36 
356	12 
357	27 
358	41 
359	45 
360	36 
361	40 
362	33 
363	15 
364	28 
365	23 
366	41 
367	41 
368	32 
369	8 
370	14 
371	4 
372	44 
373	32 
374	13 
375	39 
376	27 
377	40 
378	34 
379	24 
380	12 
381	3 
382	32 
383	41 
384	21 
385	8 
386	24 
387	46 
388	11 
389	5 
390	39 
391	46 
392	38 
393	26 
394	19 
395	5 
396	6 
397	4 
398	21 
399	9 
400	31 
401	45 
402	18 
403	11 
404	5 
405	38 
406	8 
407	2 
408	42 
409	6 
410	27 
411	8 
412	5 
413	10 
414	12 
415	36 
416	10 
417	19 
418	20 
419	19 
420	43 
421	35 
422	8 
423	1 
424	30 
425	35 
426	3 
427	3 
428	32 
429	6 
430	42 
431	44 
432	42 
433	7 
434	20 
435	12 
436	15 
437	7 
438	29 
439	5 
440	10 
441	40 
442	2 
443	18 
444	6 
445	32 
446	28 
447	25 
448	38 
449	18 
450	5 
451	5 
452	38 
453	16 
454	44 
455	2 
456	28 
457	12 
458	31 
459	31 
460	32 
461	11 
462	6 
463	2 
464	22 
465	38 
466	38 
467	5 
468	30 
469	19 
470	40 
471	38 
472	22 
473	16 
474	42 
475	11 
476	29 
477	35 
478	27 
479	2 
480	46 
481	10 
482	9 
483	17 
484	3 
485	12 
486	30 
487	8 
488	34 
489	38 
490	23 
491	33 
492	2 
493	11 
494	38 
495	15 
496	17 
497	38 
498	36 
499	4 
500	36 
501	19 
502	31 
503	42 
504	30 
505	7 
506	26 
507	2 
508	30 
509	40 
510	40 
511	34 
512	9 
513	2 
514	42 
515	44 
516	45 
517	28 
518	45 
519	2 
520	42 
521	32 
522	39 
523	39 
524	3 
525	8 
526	32 
527	22 
528	39 
529	11 
530	34 
531	32 
532	29 
533	38 
534	31 
535	9 
536	2 
537	13 
538	21 
539	24 
540	38 
541	10 
542	12 
543	23 
544	39 
545	32 
546	39 
547	39 
548	13 
549	3 
550	12 
551	5 
552	42 
553	11 
554	14 
555	32 
556	22 
557	38 
558	23 
559	32 
560	36 
561	19 
562	28 
563	31 
564	38 
565	36 
566	28 
567	39 
568	40 
569	12 
570	19 
571	6 
572	45 
573	38 
574	18 
575	12 
576	6 
577	36 
578	42 
579	26 
580	10 
581	32 
582	28 
583	16 
584	6 
585	3 
586	41 
587	15 
588	29 
589	24 
590	18 
591	31 
592	31 
593	12 
594	42 
595	16 
596	31 
597	19 
598	18 
599	32 
600	12 
601	32 
602	7 
603	39 
604	24 
605	38 
606	11 
607	27 
608	10 
609	42 
610	33 
611	3 
612	35 
613	15 
614	37 
615	26 
616	11 
617	9 
618	8 
619	31 
620	8 
621	36 
622	11 
623	32 
624	8 
625	24 
626	7 
627	39 
628	13 
629	7 
630	11 
631	15 
632	30 
633	11 
634	2 
635	17 
636	11 
637	45 
638	17 
639	12 
640	46 
641	43 
642	12 
643	43 
644	2 
645	19 
646	17 
647	36 
648	6 
649	31 
650	43 
651	38 
652	36 
653	19 
654	11 
655	45 
656	12 
657	29 
658	33 
659	38 
660	2 
661	15 
662	37 
663	26 
664	7 
665	25 
666	11 
667	8 
668	36 
669	4 
670	42 
671	6 
672	42 
673	9 
674	32 
675	18 
676	26 
677	8 
678	46 
679	19 
680	26 
681	11 
682	6 
683	6 
684	22 
685	44 
686	29 
687	44 
688	10 
689	16 
690	42 
691	10 
692	43 
693	11 
694	38 
695	46 
696	39 
697	31 
698	13 
699	11 
700	43 
701	11 
702	42 
703	34 
704	12 
705	31 
706	14 
707	8 
708	36 
709	28 
710	40 
711	19 
712	7 
713	13 
714	38 
715	32 
716	15 
717	42 
718	22 
719	12 
720	38 
721	32 
722	9 
723	17 
724	39 
725	23 
726	13 
727	27 
728	31 
729	3 
730	32 
731	18 
732	42 
733	8 
734	15 
735	31 
736	26 
737	12 
738	12 
739	12 
740	21 
741	13 
742	1 
743	36 
744	31 
745	25 
746	34 
747	19 
748	26 
749	44 
750	42 
751	36 
752	45 
753	43 
754	26 
755	39 
756	38 
757	1 
758	42 
759	43 
760	25 
761	28 
762	43 
763	40 
764	39 
765	26 
766	46 
767	38 
768	31 
769	41 
770	32 
771	38 
772	11 
773	40 
774	5 
775	29 
776	1 
777	43 
778	18 
779	12 
780	30 
781	36 
782	5 
783	42 
784	19 
785	5 
786	38 
787	41 
788	1 
789	12 
790	11 
791	19 
792	6 
793	42 
794	19 
795	1 
796	44 
797	34 
798	32 
799	8 
800	13 
801	2 
802	43 
803	46 
804	32 
805	6 
806	46 
807	8 
808	24 
809	44 
810	45 
811	40 
812	3 
813	2 
814	4 
815	27 
816	37 
817	12 
818	22 
819	18 
820	26 
821	30 
822	42 
823	11 
824	43 
825	37 
826	39 
827	11 
828	15 
829	17 
830	6 
831	31 
832	38 
833	14 
834	32 
835	12 
836	34 
837	33 
838	16 
839	27 
840	38 
841	19 
842	11 
843	2 
844	12 
845	2 
846	16 
847	6 
848	31 
849	41 
850	45 
851	11 
852	39 
853	4 
854	24 
855	42 
856	25 
857	11 
858	32 
859	12 
860	42 
861	12 
862	6 
863	16 
864	11 
865	42 
866	5 
867	9 
868	12 
869	38 
870	11 
871	5 
872	39 
873	31 
874	42 
875	43 
876	16 
877	32 
878	36 
879	36 
880	35 
881	18 
882	30 
883	6 
884	5 
885	42 
886	1 
887	9 
888	33 
889	11 
890	27 
891	24 
892	40 
893	29 
894	11 
895	21 
896	7 
897	25 
898	23 
899	44 
900	6 
901	20 
902	42 
903	19 
904	32 
905	41 
906	10 
907	6 
908	2 
909	39 
910	21 
911	23 
912	4 
913	17 
914	3 
915	36 
916	20 
917	24 
918	2 
919	19 
920	14 
921	4 
922	38 
923	33 
924	18 
925	20 
926	4 
927	18 
928	33 
929	38 
930	24 
931	42 
932	6 
933	10 
934	46 
935	26 
936	32 
937	18 
938	13 
939	23 
940	42 
941	8 
942	40 
943	32 
944	13 
945	42 
946	42 
947	19 
948	42 
949	46 
950	16 
951	42 
952	30 
953	26 
954	30 
955	15 
956	5 
957	15 
958	44 
959	40 
960	42 
961	42 
962	38 
963	23 
964	31 
965	15 
966	42 
967	19 
968	29 
969	43 
970	12 
971	30 
972	7 
973	28 
974	10 
975	38 
976	11 
977	15 
978	18 
979	33 
980	44 
981	25 
982	2 
983	31 
984	32 
985	38 
986	12 
987	32 
988	45 
989	6 
990	39 
991	14 
992	36 
993	35 
994	13 
995	19 
996	5 
997	46 
998	3 
999	42 
1000	30 
