1	7
2	32
3	7
4	7
5	31
6	38
7	24
8	31
9	27
10	39
11	14
12	32
13	30
14	39
15	24
16	20
17	32
18	38
19	30
20	14
21	14
22	21
23	36
24	29
25	10
26	14
27	0
28	35
29	14
30	11
31	35
32	23
33	30
34	14
35	31
36	14
37	36
38	7
39	14
40	17
41	14
42	36
43	10
44	34
45	30
46	30
47	29
48	16
49	14
50	31
51	14
52	11
53	30
54	14
55	14
56	38
57	14
58	14
59	14
60	19
61	11
62	0
63	14
64	27
65	14
66	14
67	11
68	36
69	23
70	11
71	6
72	11
73	7
74	14
75	10
76	0
77	25
78	17
79	14
80	39
81	37
82	23
83	34
84	20
85	14
86	14
87	38
88	14
89	39
90	14
91	14
92	14
93	9
94	6
95	14
96	22
97	7
98	22
99	7
100	14
101	32
102	7
103	14
104	38
105	34
106	14
107	33
108	14
109	35
110	22
111	19
112	12
113	7
114	22
115	19
116	18
117	24
118	26
119	0
120	37
121	0
122	16
123	29
124	14
125	30
126	28
127	20
128	35
129	17
130	14
131	6
132	14
133	14
134	6
135	34
136	16
137	28
138	18
139	9
140	28
141	14
142	20
143	20
144	14
145	37
146	38
147	17
148	32
149	14
150	14
151	22
152	14
153	14
154	14
155	34
156	10
157	14
158	14
159	14
160	6
161	31
162	7
163	36
164	14
165	17
166	6
167	30
168	26
169	11
170	14
171	24
172	35
173	17
174	25
175	14
176	30
177	30
178	21
179	20
180	14
181	39
182	28
183	38
184	21
185	39
186	0
187	9
188	9
189	14
190	16
191	32
192	31
193	17
194	24
195	26
196	25
197	23
198	28
199	7
200	14
201	6
202	26
203	18
204	20
205	32
206	22
207	0
208	7
209	7
210	14
211	20
212	17
213	37
214	37
215	14
216	39
217	27
218	14
219	35
220	14
221	11
222	14
223	35
224	20
225	19
226	27
227	14
228	38
229	14
230	24
231	14
232	14
233	14
234	37
235	12
236	26
237	14
238	39
239	9
240	26
241	20
242	6
243	14
244	23
245	14
246	33
247	17
248	31
249	18
250	23
251	19
252	27
253	14
254	37
255	25
256	14
257	33
258	34
259	0
260	17
261	0
262	10
263	29
264	7
265	29
266	27
267	26
268	22
269	28
270	35
271	28
272	9
273	25
274	14
275	14
276	14
277	10
278	14
279	21
280	39
281	25
282	14
283	18
284	14
285	9
286	6
287	38
288	23
289	14
290	14
291	14
292	26
293	14
294	22
295	31
296	18
297	24
298	29
299	21
300	12
301	14
302	31
303	18
304	11
305	6
306	35
307	32
308	34
309	18
310	14
311	14
312	14
313	34
314	14
315	22
316	22
317	16
318	14
319	19
320	35
321	30
322	7
323	12
324	23
325	21
326	7
327	9
328	10
329	14
330	31
331	14
332	19
333	27
334	25
335	24
336	16
337	27
338	19
339	14
340	14
341	35
342	0
343	33
344	19
345	22
346	14
347	20
348	36
349	24
350	14
351	0
352	10
353	14
354	24
355	23
356	7
357	20
358	32
359	27
360	14
361	21
362	21
363	28
364	30
365	36
366	9
367	14
368	6
369	28
370	16
371	14
372	14
373	34
374	14
375	0
376	38
377	32
378	14
379	29
380	28
381	26
382	14
383	24
384	20
385	21
386	3
387	14
388	11
389	3
390	17
391	11
392	17
393	14
394	3
395	18
396	17
397	25
398	25
399	29
400	14
401	14
402	9
403	33
404	14
405	36
406	29
407	14
408	33
409	16
410	29
411	17
412	34
413	22
414	33
415	13
416	18
417	16
418	26
419	38
420	14
421	25
422	30
423	0
424	14
425	9
426	14
427	22
428	18
429	19
430	14
431	0
432	11
433	29
434	14
435	23
436	14
437	37
438	26
439	14
440	23
441	14
442	23
443	33
444	10
445	32
446	19
447	14
448	0
449	14
450	14
451	29
452	31
453	39
454	21
455	28
456	12
457	36
458	14
459	22
460	21
461	19
462	36
463	24
464	34
465	14
466	24
467	23
468	30
469	14
470	14
471	38
472	0
473	14
474	25
475	14
476	14
477	10
478	37
479	14
480	6
481	19
482	9
483	22
484	7
485	17
486	19
487	20
488	16
489	17
490	20
491	11
492	23
493	13
494	3
495	19
496	13
497	38
498	14
499	4
500	27
501	39
502	31
503	25
504	14
505	12
506	0
507	30
508	14
509	9
510	33
511	33
512	14
513	11
514	9
515	19
516	32
517	20
518	1
519	4
520	0
521	29
522	16
523	22
524	3
525	13
526	4
527	29
528	33
529	33
530	36
531	16
532	36
533	2
534	39
535	17
536	17
537	19
538	10
539	7
540	18
541	37
542	25
543	28
544	11
545	3
546	17
547	26
548	2
549	24
550	16
551	9
552	39
553	24
554	12
555	20
556	21
557	38
558	6
559	6
560	11
561	2
562	4
563	28
564	6
565	24
566	14
567	1
568	1
569	18
570	15
571	36
572	0
573	4
574	6
575	15
576	33
577	9
578	28
579	27
580	3
581	12
582	29
583	2
584	31
585	9
586	7
587	33
588	15
589	30
590	9
591	9
592	38
593	10
594	39
595	22
596	20
597	28
598	19
599	12
600	6
601	29
602	9
603	23
604	26
605	8
606	31
607	27
608	14
609	3
610	13
611	19
612	4
613	10
614	14
615	31
616	18
617	7
618	8
619	27
620	37
621	18
622	1
623	19
624	11
625	38
626	38
627	11
628	7
629	31
630	21
631	0
632	10
633	17
634	37
635	30
636	8
637	15
638	3
639	26
640	26
641	21
642	12
643	17
644	0
645	9
646	23
647	13
648	1
649	38
650	4
651	15
652	8
653	9
654	18
655	21
656	23
657	2
658	23
659	24
660	12
661	9
662	7
663	2
664	0
665	9
666	13
667	7
668	38
669	37
670	29
671	6
672	7
673	10
674	37
675	2
676	25
677	18
678	21
679	9
680	8
681	1
682	13
683	18
684	5
685	4
686	20
687	10
688	27
689	25
690	13
691	1
692	0
693	13
694	27
695	8
696	27
697	6
698	4
699	25
700	9
701	4
702	10
703	8
704	5
705	13
706	4
707	12
708	13
709	38
710	1
711	2
712	4
713	11
714	1
715	12
716	17
717	38
718	37
719	20
720	23
721	21
722	37
723	20
724	13
725	6
726	10
727	9
728	38
729	26
730	4
731	15
732	11
733	11
734	13
735	5
736	0
737	15
738	15
739	37
740	19
741	26
742	12
743	29
744	9
745	15
746	22
747	22
748	24
749	13
750	1
751	12
752	2
753	3
754	13
755	23
756	22
757	0
758	1
759	9
760	15
761	17
762	2
763	7
764	7
765	13
766	4
767	19
768	19
769	26
770	17
771	3
772	23
773	6
774	13
775	15
776	26
777	38
778	13
779	20
780	4
781	37
782	15
783	11
784	8
785	20
786	18
787	26
788	18
789	18
790	9
791	24
792	37
793	7
794	0
795	18
796	24
797	3
798	9
799	11
800	19
801	9
802	8
803	8
804	17
805	18
806	26
807	4
808	22
809	13
810	23
811	12
812	19
813	3
814	7
815	24
816	17
817	17
818	20
819	0
820	12
821	2
822	20
823	2
824	1
825	9
826	8
827	17
828	9
829	11
830	1
831	3
832	8
833	18
834	0
835	13
836	20
837	6
838	1
839	4
840	1
841	11
842	2
843	3
844	8
845	8
846	4
847	26
848	22
849	12
850	12
851	8
852	4
853	18
854	8
855	7
856	2
857	8
858	17
859	20
860	23
861	12
862	8
863	12
864	15
865	1
866	11
867	4
868	7
869	8
870	4
871	15
872	8
873	4
874	1
875	15
876	5
877	9
878	0
879	2
880	17
881	17
882	1
883	19
884	18
885	9
886	3
887	2
888	15
889	20
890	4
891	13
892	2
893	4
894	3
895	11
896	1
897	15
898	1
899	2
900	19
901	0
902	8
903	18
904	17
905	0
906	15
907	4
908	13
909	8
910	3
911	0
912	15
913	3
914	1
915	17
916	9
917	3
918	2
919	4
920	1
921	3
922	2
923	15
924	15
925	19
926	1
927	0
928	9
929	2
930	13
931	2
932	2
933	2
934	9
935	4
936	13
937	5
938	13
939	1
940	3
941	20
942	20
943	8
944	4
945	5
946	2
947	13
948	8
949	15
950	3
951	4
952	13
953	5
954	1
955	2
956	7
957	2
958	13
959	15
960	7
961	5
962	2
963	8
964	4
965	5
966	1
967	1
968	5
969	3
970	13
971	8
972	15
973	2
974	5
975	15
976	13
977	4
978	13
979	4
980	15
981	5
982	8
983	15
984	1
985	8
986	9
987	1
988	8
989	2
990	5
991	1
992	4
993	13
994	4
995	9
996	15
997	5
998	8
999	4
1000	1
