1	34
2	24
3	32
4	6
5	16
6	9
7	30
8	6
9	6
10	6
11	29
12	6
13	11
14	6
15	11
16	31
17	6
18	16
19	6
20	30
21	28
22	16
23	34
24	6
25	33
26	6
27	6
28	30
29	33
30	31
31	9
32	32
33	6
34	21
35	6
36	20
37	30
38	15
39	6
40	23
41	6
42	26
43	26
44	6
45	14
46	6
47	34
48	0
49	6
50	21
51	6
52	1
53	29
54	6
55	16
56	35
57	31
58	33
59	6
60	21
61	16
62	16
63	6
64	16
65	30
66	20
67	35
68	37
69	19
70	6
71	6
72	6
73	6
74	6
75	32
76	6
77	6
78	6
79	20
80	34
81	6
82	20
83	0
84	6
85	14
86	37
87	6
88	37
89	9
90	21
91	6
92	11
93	6
94	31
95	6
96	32
97	9
98	21
99	6
100	6
101	6
102	6
103	6
104	33
105	24
106	6
107	27
108	6
109	6
110	19
111	6
112	23
113	35
114	6
115	16
116	6
117	6
118	9
119	15
120	6
121	27
122	32
123	27
124	6
125	6
126	36
127	6
128	6
129	0
130	6
131	26
132	6
133	6
134	35
135	6
136	21
137	14
138	6
139	9
140	24
141	0
142	33
143	6
144	6
145	6
146	6
147	20
148	0
149	20
150	6
151	36
152	29
153	6
154	1
155	13
156	11
157	11
158	6
159	19
160	6
161	6
162	13
163	6
164	19
165	6
166	6
167	6
168	6
169	9
170	14
171	27
172	6
173	37
174	11
175	34
176	6
177	6
178	20
179	15
180	34
181	6
182	31
183	6
184	15
185	13
186	37
187	6
188	31
189	35
190	34
191	6
192	6
193	20
194	19
195	6
196	6
197	26
198	6
199	28
200	6
201	36
202	6
203	6
204	6
205	6
206	32
207	6
208	34
209	9
210	32
211	23
212	37
213	6
214	6
215	6
216	6
217	20
218	6
219	32
220	13
221	34
222	6
223	6
224	28
225	1
226	21
227	29
228	6
229	6
230	6
231	27
232	6
233	6
234	32
235	6
236	16
237	28
238	29
239	6
240	9
241	11
242	31
243	6
244	27
245	6
246	0
247	6
248	28
249	0
250	6
251	6
252	9
253	18
254	35
255	6
256	6
257	9
258	26
259	9
260	14
261	37
262	27
263	33
264	35
265	11
266	6
267	6
268	6
269	14
270	35
271	27
272	28
273	29
274	6
275	9
276	6
277	6
278	37
279	14
280	6
281	6
282	26
283	14
284	6
285	35
286	30
287	28
288	27
289	6
290	35
291	23
292	34
293	15
294	24
295	37
296	37
297	22
298	34
299	37
300	6
301	6
302	6
303	18
304	30
305	2
306	0
307	18
308	35
309	27
310	13
311	16
312	2
313	6
314	6
315	29
316	14
317	23
318	0
319	9
320	32
321	21
322	33
323	6
324	6
325	36
326	24
327	6
328	16
329	28
330	0
331	6
332	19
333	36
334	23
335	6
336	6
337	36
338	6
339	21
340	9
341	26
342	6
343	28
344	24
345	6
346	6
347	26
348	32
349	6
350	11
351	6
352	33
353	31
354	33
355	30
356	23
357	33
358	23
359	32
360	19
361	13
362	13
363	1
364	13
365	28
366	6
367	18
368	8
369	6
370	6
371	9
372	6
373	0
374	11
375	3
376	6
377	29
378	9
379	2
380	23
381	8
382	2
383	7
384	11
385	34
386	31
387	22
388	6
389	1
390	19
391	26
392	17
393	22
394	6
395	2
396	6
397	13
398	20
399	14
400	30
401	2
402	21
403	13
404	6
405	6
406	6
407	30
408	19
409	30
410	9
411	36
412	31
413	37
414	2
415	21
416	32
417	2
418	14
419	6
420	18
421	30
422	22
423	15
424	30
425	31
426	1
427	6
428	8
429	19
430	19
431	36
432	35
433	7
434	17
435	14
436	14
437	24
438	1
439	24
440	22
441	1
442	2
443	28
444	17
445	7
446	32
447	30
448	11
449	6
450	3
451	2
452	11
453	20
454	32
455	20
456	17
457	19
458	6
459	30
460	28
461	29
462	20
463	15
464	20
465	31
466	9
467	31
468	6
469	36
470	27
471	15
472	11
473	1
474	0
475	29
476	32
477	29
478	7
479	6
480	36
481	13
482	6
483	31
484	9
485	2
486	6
487	2
488	19
489	2
490	32
491	26
492	21
493	7
494	5
495	2
496	11
497	36
498	5
499	23
500	17
501	14
502	8
503	8
504	18
505	14
506	6
507	3
508	15
509	14
510	3
511	6
512	7
513	11
514	21
515	19
516	8
517	27
518	17
519	3
520	35
521	29
522	24
523	2
524	9
525	8
526	5
527	2
528	2
529	36
530	10
531	16
532	34
533	6
534	26
535	30
536	10
537	20
538	22
539	23
540	37
541	3
542	31
543	9
544	17
545	30
546	3
547	26
548	1
549	7
550	3
551	31
552	14
553	14
554	29
555	37
556	24
557	18
558	24
559	5
560	9
561	5
562	15
563	10
564	14
565	27
566	12
567	7
568	17
569	21
570	13
571	37
572	7
573	9
574	23
575	7
576	17
577	34
578	21
579	30
580	24
581	20
582	0
583	17
584	15
585	6
586	0
587	16
588	11
589	27
590	1
591	3
592	2
593	15
594	19
595	16
596	7
597	2
598	22
599	26
600	8
601	16
602	13
603	10
604	9
605	24
606	20
607	26
608	22
609	3
610	30
611	11
612	29
613	8
614	23
615	27
616	7
617	5
618	13
619	10
620	18
621	10
622	10
623	23
624	13
625	10
626	19
627	15
628	4
629	24
630	27
631	37
632	27
633	29
634	17
635	22
636	23
637	9
638	5
639	21
640	9
641	19
642	16
643	7
644	21
645	21
646	4
647	15
648	3
649	30
650	7
651	35
652	30
653	11
654	10
655	25
656	11
657	5
658	5
659	7
660	27
661	31
662	5
663	35
664	4
665	25
666	13
667	32
668	21
669	23
670	10
671	20
672	16
673	4
674	5
675	5
676	24
677	14
678	3
679	22
680	22
681	25
682	19
683	27
684	16
685	13
686	32
687	27
688	25
689	17
690	10
691	4
692	15
693	11
694	5
695	22
696	14
697	32
698	23
699	0
700	4
701	2
702	3
703	16
704	1
705	22
706	35
707	14
708	2
709	32
710	19
711	18
712	27
713	23
714	19
715	5
716	13
717	1
718	1
719	7
720	22
721	9
722	10
723	30
724	18
725	0
726	1
727	3
728	7
729	35
730	10
731	8
732	0
733	17
734	3
735	27
736	15
737	1
738	14
739	3
740	3
741	9
742	1
743	15
744	0
745	2
746	0
747	9
748	17
749	17
750	4
751	23
752	25
753	4
754	3
755	3
756	9
757	13
758	13
759	15
760	8
761	15
762	7
763	30
764	7
765	5
766	18
767	21
768	21
769	11
770	9
771	15
772	2
773	23
774	18
775	3
776	14
777	2
778	31
779	16
780	17
781	9
782	2
783	13
784	8
785	16
786	7
787	16
788	11
789	3
790	12
791	18
792	9
793	20
794	30
795	27
796	32
797	19
798	12
799	32
800	7
801	5
802	0
803	5
804	11
805	5
806	7
807	21
808	8
809	30
810	20
811	12
812	18
813	13
814	12
815	9
816	10
817	7
818	27
819	19
820	15
821	2
822	8
823	30
824	22
825	18
826	23
827	17
828	18
829	18
830	25
831	0
832	3
833	11
834	30
835	7
836	30
837	8
838	13
839	12
840	3
841	2
842	17
843	12
844	18
845	12
846	4
847	10
848	13
849	17
850	18
851	32
852	0
853	18
854	22
855	13
856	14
857	8
858	7
859	13
860	8
861	27
862	3
863	17
864	9
865	25
866	3
867	13
868	16
869	22
870	19
871	22
872	21
873	8
874	4
875	22
876	25
877	10
878	17
879	11
880	7
881	10
882	17
883	7
884	10
885	22
886	12
887	4
888	22
889	12
890	7
891	10
892	10
893	14
894	11
895	25
896	8
897	32
898	12
899	2
900	17
901	10
902	27
903	10
904	12
905	12
906	2
907	30
908	30
909	25
910	14
911	4
912	4
913	25
914	5
915	11
916	18
917	8
918	25
919	18
920	10
921	13
922	8
923	13
924	7
925	7
926	5
927	2
928	10
929	17
930	8
931	2
932	2
933	5
934	17
935	9
936	4
937	9
938	25
939	3
940	7
941	17
942	25
943	5
944	3
945	9
946	25
947	3
948	4
949	3
950	5
951	4
952	18
953	13
954	2
955	5
956	2
957	3
958	4
959	5
960	9
961	3
962	4
963	2
964	17
965	10
966	22
967	4
968	5
969	9
970	25
971	2
972	25
973	25
974	22
975	3
976	2
977	5
978	2
979	10
980	17
981	10
982	7
983	25
984	4
985	10
986	25
987	17
988	4
989	3
990	25
991	25
992	5
993	22
994	7
995	4
996	8
997	25
998	3
999	7
1000	7
