1	12
2	20
3	29
4	12
5	36
6	12
7	12
8	4
9	2
10	12
11	12
12	20
13	12
14	28
15	12
16	12
17	35
18	12
19	17
20	35
21	31
22	12
23	30
24	24
25	12
26	23
27	18
28	16
29	32
30	29
31	12
32	12
33	12
34	34
35	36
36	7
37	12
38	12
39	20
40	30
41	12
42	1
43	2
44	13
45	12
46	15
47	12
48	12
49	35
50	12
51	22
52	2
53	17
54	12
55	24
56	36
57	33
58	12
59	24
60	12
61	28
62	12
63	12
64	29
65	12
66	12
67	23
68	23
69	34
70	29
71	12
72	12
73	38
74	16
75	35
76	12
77	12
78	38
79	31
80	18
81	16
82	12
83	12
84	12
85	12
86	12
87	12
88	35
89	38
90	12
91	12
92	12
93	26
94	36
95	12
96	32
97	24
98	34
99	12
100	24
101	4
102	12
103	37
104	18
105	12
106	18
107	12
108	12
109	23
110	1
111	20
112	37
113	26
114	2
115	16
116	12
117	22
118	17
119	12
120	7
121	28
122	36
123	33
124	36
125	36
126	12
127	12
128	12
129	12
130	23
131	33
132	38
133	12
134	12
135	12
136	18
137	12
138	33
139	32
140	12
141	19
142	12
143	37
144	13
145	30
146	35
147	12
148	28
149	12
150	32
151	12
152	34
153	22
154	2
155	17
156	15
157	26
158	38
159	34
160	2
161	32
162	7
163	12
164	31
165	13
166	12
167	12
168	12
169	16
170	12
171	12
172	12
173	16
174	27
175	12
176	12
177	4
178	12
179	25
180	12
181	12
182	12
183	33
184	28
185	17
186	24
187	1
188	20
189	12
190	30
191	12
192	24
193	22
194	4
195	34
196	31
197	19
198	18
199	12
200	12
201	38
202	9
203	1
204	12
205	12
206	23
207	18
208	19
209	12
210	27
211	22
212	36
213	31
214	12
215	18
216	12
217	34
218	28
219	12
220	1
221	12
222	12
223	16
224	12
225	28
226	9
227	2
228	12
229	30
230	35
231	17
232	12
233	28
234	18
235	31
236	5
237	12
238	7
239	26
240	23
241	31
242	26
243	30
244	12
245	30
246	12
247	4
248	29
249	2
250	16
251	13
252	13
253	1
254	7
255	19
256	12
257	37
258	33
259	12
260	2
261	12
262	12
263	29
264	12
265	34
266	37
267	12
268	38
269	9
270	22
271	16
272	19
273	29
274	12
275	12
276	12
277	1
278	36
279	31
280	19
281	21
282	37
283	12
284	12
285	12
286	18
287	12
288	17
289	32
290	38
291	12
292	21
293	34
294	38
295	26
296	19
297	22
298	12
299	27
300	32
301	32
302	7
303	13
304	23
305	24
306	17
307	13
308	32
309	26
310	27
311	17
312	7
313	35
314	27
315	13
316	7
317	9
318	7
319	21
320	12
321	12
322	26
323	38
324	22
325	4
326	12
327	9
328	24
329	16
330	31
331	19
332	20
333	16
334	12
335	1
336	22
337	27
338	28
339	21
340	11
341	12
342	5
343	29
344	19
345	27
346	28
347	37
348	35
349	12
350	34
351	31
352	1
353	30
354	7
355	22
356	13
357	21
358	5
359	2
360	9
361	1
362	19
363	11
364	5
365	12
366	13
367	23
368	22
369	30
370	12
371	7
372	27
373	4
374	15
375	12
376	25
377	12
378	22
379	34
380	6
381	37
382	4
383	27
384	17
385	22
386	19
387	24
388	12
389	0
390	7
391	6
392	0
393	4
394	38
395	34
396	33
397	4
398	29
399	21
400	9
401	29
402	22
403	19
404	17
405	12
406	17
407	31
408	18
409	37
410	37
411	33
412	29
413	36
414	19
415	2
416	33
417	12
418	20
419	37
420	5
421	15
422	9
423	22
424	25
425	30
426	23
427	26
428	32
429	12
430	15
431	7
432	13
433	12
434	30
435	12
436	19
437	22
438	26
439	15
440	2
441	7
442	2
443	33
444	34
445	5
446	20
447	25
448	18
449	37
450	19
451	27
452	2
453	12
454	21
455	11
456	27
457	25
458	12
459	14
460	35
461	8
462	34
463	20
464	4
465	2
466	12
467	5
468	15
469	32
470	1
471	32
472	11
473	4
474	4
475	20
476	0
477	10
478	33
479	4
480	12
481	12
482	4
483	32
484	20
485	13
486	16
487	25
488	6
489	33
490	6
491	35
492	34
493	8
494	17
495	23
496	7
497	15
498	2
499	5
500	21
501	34
502	12
503	1
504	15
505	19
506	35
507	11
508	12
509	0
510	22
511	12
512	33
513	32
514	13
515	9
516	13
517	25
518	25
519	7
520	8
521	22
522	26
523	11
524	19
525	23
526	27
527	4
528	13
529	11
530	1
531	26
532	12
533	0
534	5
535	12
536	14
537	25
538	12
539	16
540	1
541	8
542	3
543	20
544	20
545	19
546	12
547	36
548	9
549	11
550	0
551	10
552	34
553	16
554	22
555	29
556	14
557	9
558	20
559	12
560	19
561	21
562	21
563	35
564	10
565	6
566	2
567	33
568	20
569	5
570	19
571	14
572	21
573	35
574	0
575	6
576	15
577	23
578	10
579	11
580	18
581	5
582	0
583	24
584	12
585	21
586	26
587	14
588	9
589	19
590	24
591	10
592	1
593	35
594	26
595	10
596	32
597	39
598	19
599	6
600	8
601	10
602	24
603	10
604	7
605	10
606	27
607	9
608	20
609	16
610	36
611	6
612	14
613	11
614	4
615	22
616	25
617	27
618	29
619	19
620	12
621	29
622	21
623	21
624	11
625	8
626	11
627	16
628	6
629	4
630	21
631	9
632	11
633	29
634	7
635	22
636	25
637	5
638	3
639	9
640	8
641	0
642	35
643	6
644	7
645	27
646	16
647	0
648	36
649	22
650	36
651	5
652	9
653	34
654	21
655	15
656	24
657	16
658	5
659	9
660	21
661	15
662	8
663	12
664	39
665	3
666	14
667	0
668	16
669	8
670	8
671	2
672	10
673	10
674	8
675	8
676	13
677	34
678	16
679	20
680	19
681	16
682	1
683	1
684	11
685	3
686	39
687	6
688	22
689	22
690	27
691	36
692	2
693	7
694	5
695	0
696	1
697	2
698	9
699	8
700	11
701	4
702	34
703	24
704	3
705	24
706	0
707	6
708	5
709	8
710	24
711	34
712	36
713	36
714	19
715	15
716	9
717	13
718	19
719	4
720	25
721	6
722	0
723	27
724	15
725	21
726	4
727	27
728	16
729	21
730	10
731	6
732	24
733	27
734	15
735	8
736	13
737	6
738	3
739	10
740	6
741	8
742	13
743	3
744	15
745	36
746	20
747	14
748	15
749	13
750	34
751	8
752	3
753	3
754	10
755	6
756	25
757	6
758	21
759	16
760	14
761	4
762	14
763	19
764	6
765	20
766	19
767	39
768	3
769	0
770	21
771	39
772	11
773	22
774	34
775	25
776	21
777	2
778	39
779	11
780	39
781	2
782	15
783	3
784	8
785	1
786	14
787	20
788	39
789	34
790	16
791	39
792	22
793	8
794	4
795	9
796	16
797	15
798	11
799	14
800	0
801	15
802	16
803	8
804	39
805	1
806	14
807	14
808	11
809	11
810	10
811	3
812	34
813	11
814	14
815	39
816	0
817	14
818	20
819	13
820	8
821	5
822	21
823	0
824	5
825	2
826	11
827	13
828	22
829	1
830	4
831	5
832	34
833	3
834	22
835	19
836	0
837	14
838	22
839	14
840	0
841	34
842	1
843	0
844	9
845	25
846	9
847	10
848	22
849	39
850	4
851	39
852	14
853	3
854	10
855	1
856	3
857	39
858	9
859	10
860	5
861	22
862	10
863	9
864	2
865	4
866	3
867	14
868	19
869	9
870	21
871	16
872	6
873	14
874	6
875	2
876	9
877	16
878	14
879	10
880	3
881	25
882	8
883	0
884	21
885	25
886	21
887	3
888	8
889	6
890	21
891	25
892	8
893	10
894	22
895	2
896	8
897	8
898	10
899	19
900	19
901	3
902	39
903	5
904	39
905	4
906	25
907	5
908	8
909	9
910	39
911	0
912	6
913	10
914	19
915	11
916	8
917	6
918	14
919	9
920	19
921	39
922	3
923	8
924	16
925	11
926	39
927	5
928	5
929	11
930	25
931	14
932	9
933	6
934	25
935	4
936	5
937	5
938	21
939	0
940	16
941	21
942	8
943	4
944	3
945	21
946	5
947	6
948	0
949	14
950	3
951	11
952	21
953	3
954	8
955	6
956	6
957	14
958	3
959	6
960	14
961	8
962	3
963	0
964	0
965	5
966	11
967	0
968	11
969	0
970	39
971	22
972	6
973	8
974	3
975	0
976	39
977	10
978	21
979	21
980	14
981	10
982	8
983	3
984	39
985	14
986	5
987	19
988	11
989	39
990	39
991	19
992	6
993	8
994	19
995	0
996	39
997	8
998	11
999	39
1000	3
