1	29
2	30
3	11
4	37
5	15
6	17
7	11
8	34
9	24
10	28
11	13
12	11
13	30
14	15
15	29
16	10
17	37
18	19
19	3
20	13
21	21
22	33
23	32
24	22
25	5
26	2
27	23
28	30
29	7
30	6
31	34
32	32
33	33
34	6
35	17
36	0
37	14
38	36
39	32
40	32
41	32
42	7
43	27
44	34
45	35
46	0
47	23
48	27
49	33
50	20
51	35
52	18
53	5
54	0
55	31
56	19
57	23
58	33
59	31
60	37
61	20
62	35
63	4
64	34
65	36
66	25
67	1
68	1
69	2
70	17
71	30
72	21
73	32
74	3
75	20
76	21
77	6
78	5
79	27
80	0
81	36
82	4
83	5
84	37
85	10
86	1
87	22
88	32
89	4
90	2
91	33
92	35
93	12
94	7
95	32
96	0
97	3
98	31
99	34
100	12
101	4
102	29
103	4
104	3
105	31
106	20
107	16
108	32
109	32
110	12
111	12
112	16
113	7
114	33
115	32
116	12
117	33
118	26
119	35
120	19
121	12
122	35
123	31
124	23
125	25
126	35
127	17
128	18
129	20
130	30
131	12
132	12
133	30
134	25
135	8
136	19
137	18
138	36
139	12
140	31
141	15
142	18
143	26
144	25
145	29
146	32
147	7
148	32
149	4
150	16
151	18
152	15
153	31
154	34
155	14
156	0
157	30
158	6
159	10
160	35
161	32
162	25
163	36
164	33
165	17
166	36
167	16
168	0
169	28
170	32
171	16
172	11
173	24
174	7
175	8
176	26
177	10
178	15
179	0
180	30
181	14
182	8
183	10
184	29
185	27
186	28
187	29
188	24
189	6
190	10
191	24
192	17
193	29
194	10
195	19
196	23
197	26
198	17
199	11
200	2
201	11
202	28
203	17
204	3
205	4
206	31
207	17
208	26
209	33
210	15
211	24
212	36
213	36
214	11
215	28
216	9
217	35
218	30
219	37
220	4
221	19
222	30
223	9
224	23
225	35
226	13
227	37
228	3
229	31
230	16
231	32
232	27
233	32
234	3
235	32
236	6
237	21
238	3
239	28
240	26
241	28
242	32
243	32
244	1
245	14
246	8
247	24
248	12
249	28
250	32
251	37
252	21
253	13
254	8
255	13
256	23
257	3
258	6
259	33
260	5
261	7
262	23
263	8
264	4
265	29
266	20
267	19
268	21
269	17
270	30
271	2
272	13
273	30
274	5
275	3
276	27
277	6
278	7
279	10
280	5
281	31
282	37
283	4
284	26
285	1
286	37
287	33
288	1
289	33
290	15
291	9
292	23
293	27
294	26
295	18
296	17
297	26
298	19
299	6
300	32
301	35
302	9
303	4
304	18
305	14
306	36
307	19
308	22
309	26
310	15
311	33
312	34
313	18
314	19
315	13
316	37
317	15
318	18
319	37
320	27
321	18
322	14
323	18
324	17
325	37
326	16
327	22
328	34
329	8
330	6
331	25
332	33
333	20
334	22
335	1
336	5
337	19
338	3
339	21
340	4
341	5
342	6
343	0
344	0
345	4
346	2
347	3
348	7
349	7
350	15
351	22
352	26
353	20
354	36
355	7
356	15
357	32
358	28
359	32
360	23
361	0
362	2
363	28
364	23
365	21
366	3
367	17
368	13
369	14
370	26
371	1
372	15
373	22
374	13
375	5
376	9
377	26
378	36
379	14
380	0
381	1
382	23
383	29
384	34
385	26
386	17
387	11
388	17
389	9
390	22
391	17
392	11
393	5
394	16
395	27
396	23
397	29
398	21
399	11
400	24
401	36
402	23
403	29
404	5
405	9
406	8
407	2
408	29
409	27
410	22
411	9
412	12
413	5
414	20
415	25
416	6
417	34
418	7
419	27
420	21
421	37
422	31
423	9
424	0
425	27
426	14
427	25
428	19
429	6
430	29
431	34
432	31
433	34
434	18
435	10
436	31
437	10
438	1
439	21
440	20
441	16
442	25
443	25
444	20
445	5
446	8
447	9
448	2
449	22
450	15
451	12
452	7
453	33
454	34
455	9
456	24
457	25
458	10
459	0
460	2
461	33
462	22
463	1
464	2
465	20
466	12
467	8
468	36
469	14
470	13
471	20
472	29
473	15
474	14
475	4
476	27
477	34
478	36
479	6
480	31
481	19
482	13
483	21
484	23
485	8
486	13
487	23
488	21
489	34
490	31
491	17
492	22
493	5
494	28
495	14
496	10
497	19
498	2
499	12
500	5
501	9
502	9
503	22
504	19
505	13
506	27
507	13
508	24
509	28
510	13
511	20
512	2
513	28
514	29
515	14
516	2
517	1
518	27
519	16
520	0
521	5
522	31
523	23
524	10
525	6
526	16
527	29
528	4
529	18
530	2
531	20
532	11
533	16
534	5
535	4
536	19
537	7
538	25
539	7
540	29
541	8
542	7
543	18
544	25
545	22
546	23
547	25
548	5
549	5
550	22
551	0
552	7
553	9
554	9
555	7
556	24
557	9
558	13
559	2
560	25
561	0
562	12
563	28
564	10
565	21
566	24
567	23
568	13
569	10
570	1
571	16
572	33
573	4
574	13
575	8
576	18
577	1
578	9
579	21
580	28
581	14
582	19
583	16
584	15
585	21
586	33
587	13
588	13
589	8
590	16
591	14
592	7
593	11
594	22
595	16
596	28
597	9
598	21
599	8
600	21
601	23
602	28
603	24
604	16
605	4
606	11
607	18
608	8
609	12
610	19
611	25
612	1
613	25
614	5
615	14
616	12
617	7
618	14
619	24
620	22
621	1
622	29
623	23
624	21
625	15
626	21
627	22
628	18
629	25
630	21
631	0
632	13
633	8
634	16
635	24
636	25
637	24
638	28
639	19
640	7
641	12
642	24
643	0
644	14
645	18
646	28
647	13
648	8
649	14
650	21
651	33
652	9
653	4
654	22
655	10
656	19
657	28
658	8
659	0
660	10
661	25
662	12
663	14
664	19
665	24
666	4
667	16
668	10
669	18
670	21
671	15
672	21
673	9
674	23
675	1
676	21
677	0
678	23
679	8
680	11
681	7
682	17
683	24
684	17
685	1
686	23
687	9
688	17
689	4
690	11
691	24
692	7
693	14
694	25
695	7
696	0
697	10
698	10
699	11
700	4
701	4
702	22
703	10
704	4
705	24
706	23
707	0
708	7
709	16
710	19
711	18
712	17
713	16
714	11
715	15
716	14
717	7
718	13
719	12
720	1
721	15
722	1
723	25
724	8
725	11
726	17
727	8
728	25
729	25
730	21
731	13
732	11
733	0
734	25
735	10
736	0
737	25
738	11
739	14
740	4
741	7
742	12
743	25
744	1
745	5
746	5
747	1
748	1
749	12
750	23
751	15
752	10
753	11
754	4
755	8
756	18
757	14
758	15
759	17
760	18
761	7
762	24
763	9
764	10
765	19
766	23
767	13
768	19
769	11
770	18
771	11
772	1
773	19
774	1
775	24
776	1
777	0
778	9
779	8
780	13
781	19
782	11
783	9
784	23
785	17
786	23
787	13
788	11
789	4
790	23
791	18
792	7
793	24
794	19
795	11
796	10
797	15
798	14
799	17
800	17
801	24
802	0
803	10
804	19
805	11
806	11
807	23
808	13
809	23
810	7
811	0
812	8
813	9
814	0
815	4
816	10
817	11
818	25
819	1
820	0
821	23
822	19
823	15
824	11
825	11
826	13
827	9
828	17
829	0
830	9
831	13
832	11
833	1
834	9
835	23
836	17
837	8
838	8
839	24
840	19
841	8
842	24
843	15
844	19
845	4
846	7
847	15
848	15
849	10
850	8
851	4
852	15
853	24
854	10
855	7
856	19
857	24
858	23
859	24
860	1
861	25
862	1
863	1
864	24
865	8
866	15
867	10
868	24
869	19
870	9
871	7
872	9
873	4
874	9
875	7
876	4
877	17
878	15
879	1
880	11
881	7
882	11
883	11
884	9
885	0
886	0
887	23
888	19
889	13
890	17
891	9
892	0
893	19
894	7
895	23
896	1
897	19
898	8
899	7
900	17
901	15
902	17
903	8
904	9
905	17
906	17
907	1
908	1
909	0
910	11
911	23
912	13
913	1
914	17
915	11
916	9
917	8
918	17
919	15
920	7
921	15
922	15
923	19
924	19
925	11
926	13
927	13
928	17
929	9
930	23
931	15
932	1
933	11
934	1
935	19
936	17
937	0
938	19
939	23
940	7
941	15
942	23
943	15
944	17
945	15
946	1
947	23
948	19
949	9
950	9
951	7
952	15
953	15
954	1
955	7
956	1
957	0
958	11
959	15
960	11
961	9
962	19
963	11
964	1
965	19
966	9
967	15
968	19
969	11
970	1
971	19
972	0
973	23
974	0
975	9
976	1
977	15
978	23
979	7
980	11
981	9
982	9
983	0
984	0
985	7
986	11
987	19
988	0
989	19
990	23
991	9
992	23
993	11
994	0
995	23
996	1
997	19
998	1
999	9
1000	11
