1	26
2	4
3	21
4	22
5	25
6	39
7	8
8	31
9	30
10	6
11	9
12	5
13	39
14	39
15	24
16	33
17	38
18	8
19	34
20	27
21	34
22	26
23	25
24	6
25	0
26	40
27	30
28	32
29	0
30	30
31	28
32	34
33	25
34	25
35	6
36	24
37	30
38	40
39	35
40	24
41	36
42	37
43	39
44	32
45	32
46	5
47	37
48	40
49	15
50	38
51	13
52	16
53	26
54	40
55	37
56	40
57	20
58	12
59	20
60	20
61	10
62	40
63	5
64	24
65	26
66	30
67	21
68	39
69	33
70	28
71	31
72	1
73	5
74	40
75	17
76	24
77	8
78	38
79	40
80	14
81	26
82	9
83	25
84	39
85	33
86	34
87	3
88	32
89	39
90	23
91	26
92	26
93	17
94	38
95	4
96	35
97	40
98	37
99	34
100	39
101	9
102	39
103	22
104	16
105	40
106	15
107	33
108	19
109	31
110	0
111	34
112	12
113	16
114	18
115	1
116	15
117	35
118	30
119	0
120	25
121	8
122	39
123	29
124	34
125	15
126	10
127	31
128	19
129	30
130	2
131	26
132	35
133	0
134	21
135	33
136	6
137	24
138	2
139	12
140	13
141	21
142	2
143	1
144	28
145	31
146	19
147	21
148	21
149	6
150	18
151	12
152	16
153	8
154	19
155	15
156	9
157	26
158	25
159	33
160	16
161	0
162	29
163	1
164	4
165	8
166	30
167	7
168	15
169	37
170	2
171	33
172	26
173	11
174	1
175	26
176	34
177	4
178	31
179	4
180	26
181	26
182	25
183	25
184	24
185	5
186	30
187	2
188	25
189	33
190	29
191	33
192	35
193	34
194	32
195	5
196	25
197	4
198	1
199	29
200	26
201	13
202	7
203	36
204	8
205	0
206	25
207	26
208	35
209	0
210	17
211	25
212	18
213	12
214	25
215	3
216	25
217	23
218	35
219	30
220	25
221	24
222	24
223	26
224	25
225	2
226	9
227	34
228	21
229	32
230	3
231	20
232	29
233	29
234	34
235	8
236	29
237	28
238	29
239	2
240	7
241	33
242	12
243	14
244	4
245	0
246	6
247	8
248	22
249	25
250	37
251	16
252	30
253	38
254	31
255	27
256	25
257	16
258	38
259	32
260	3
261	24
262	3
263	33
264	23
265	25
266	8
267	9
268	23
269	27
270	9
271	36
272	33
273	30
274	7
275	6
276	0
277	12
278	29
279	17
280	4
281	29
282	25
283	37
284	21
285	12
286	26
287	25
288	13
289	21
290	10
291	28
292	27
293	26
294	25
295	26
296	23
297	24
298	21
299	22
300	21
301	25
302	24
303	29
304	29
305	23
306	35
307	35
308	32
309	22
310	10
311	23
312	26
313	1
314	17
315	14
316	28
317	12
318	23
319	7
320	17
321	9
322	36
323	6
324	21
325	5
326	20
327	19
328	26
329	28
330	22
331	11
332	16
333	2
334	16
335	3
336	13
337	22
338	14
339	1
340	5
341	6
342	7
343	8
344	2
345	11
346	4
347	3
348	7
349	23
350	6
351	22
352	9
353	7
354	8
355	12
356	36
357	11
358	4
359	9
360	15
361	32
362	37
363	26
364	16
365	35
366	18
367	18
368	15
369	15
370	30
371	13
372	38
373	30
374	14
375	2
376	38
377	19
378	20
379	11
380	15
381	7
382	32
383	28
384	19
385	9
386	17
387	2
388	9
389	3
390	38
391	23
392	19
393	27
394	23
395	37
396	3
397	26
398	23
399	30
400	31
401	19
402	22
403	38
404	26
405	10
406	2
407	14
408	26
409	0
410	1
411	6
412	32
413	10
414	6
415	30
416	19
417	3
418	7
419	1
420	6
421	4
422	30
423	8
424	18
425	32
426	23
427	38
428	2
429	20
430	6
431	7
432	27
433	30
434	37
435	0
436	22
437	8
438	35
439	37
440	27
441	12
442	37
443	10
444	38
445	37
446	4
447	20
448	0
449	0
450	15
451	23
452	37
453	17
454	17
455	5
456	31
457	18
458	30
459	6
460	30
461	27
462	4
463	27
464	30
465	22
466	22
467	27
468	28
469	19
470	8
471	4
472	32
473	9
474	4
475	38
476	14
477	36
478	35
479	31
480	6
481	2
482	11
483	26
484	18
485	38
486	5
487	1
488	18
489	5
490	14
491	31
492	28
493	7
494	11
495	30
496	16
497	11
498	26
499	15
500	16
501	38
502	31
503	17
504	31
505	15
506	30
507	0
508	9
509	10
510	30
511	9
512	26
513	2
514	5
515	13
516	28
517	27
518	35
519	35
520	20
521	11
522	22
523	22
524	30
525	30
526	1
527	8
528	28
529	11
530	1
531	16
532	37
533	7
534	7
535	35
536	14
537	32
538	6
539	28
540	13
541	36
542	22
543	32
544	14
545	13
546	32
547	18
548	28
549	18
550	0
551	6
552	22
553	7
554	35
555	36
556	5
557	16
558	37
559	31
560	7
561	22
562	15
563	7
564	30
565	27
566	14
567	28
568	15
569	3
570	13
571	18
572	13
573	14
574	36
575	20
576	9
577	30
578	27
579	17
580	17
581	17
582	7
583	31
584	12
585	14
586	20
587	5
588	12
589	28
590	22
591	18
592	1
593	16
594	30
595	28
596	5
597	31
598	10
599	30
600	19
601	36
602	5
603	31
604	20
605	9
606	3
607	28
608	5
609	31
610	36
611	16
612	3
613	14
614	14
615	3
616	10
617	20
618	19
619	27
620	0
621	36
622	7
623	17
624	1
625	16
626	15
627	6
628	30
629	15
630	11
631	6
632	16
633	9
634	19
635	20
636	36
637	27
638	17
639	10
640	30
641	1
642	10
643	1
644	28
645	12
646	13
647	12
648	36
649	30
650	10
651	16
652	20
653	27
654	6
655	13
656	18
657	18
658	0
659	9
660	30
661	1
662	1
663	15
664	13
665	27
666	18
667	1
668	3
669	13
670	0
671	28
672	7
673	20
674	18
675	0
676	12
677	10
678	19
679	5
680	19
681	28
682	9
683	14
684	36
685	18
686	3
687	18
688	13
689	28
690	18
691	19
692	20
693	15
694	5
695	7
696	14
697	17
698	7
699	36
700	6
701	6
702	10
703	36
704	19
705	20
706	27
707	36
708	36
709	13
710	11
711	18
712	5
713	6
714	17
715	16
716	0
717	5
718	15
719	14
720	27
721	6
722	36
723	6
724	14
725	6
726	6
727	9
728	3
729	19
730	16
731	13
732	27
733	7
734	15
735	14
736	27
737	16
738	27
739	12
740	17
741	10
742	28
743	36
744	5
745	17
746	10
747	10
748	11
749	36
750	19
751	19
752	15
753	10
754	7
755	14
756	28
757	20
758	9
759	11
760	19
761	27
762	13
763	13
764	10
765	15
766	17
767	12
768	15
769	11
770	9
771	15
772	6
773	13
774	16
775	11
776	20
777	12
778	17
779	13
780	16
781	28
782	12
783	10
784	20
785	13
786	10
787	14
788	16
789	13
790	3
791	3
792	11
793	9
794	17
795	6
796	20
797	19
798	5
799	13
800	20
801	20
802	12
803	15
804	17
805	16
806	15
807	28
808	12
809	3
810	9
811	10
812	11
813	6
814	13
815	12
816	13
817	3
818	12
819	3
820	5
821	17
822	19
823	6
824	12
825	3
826	10
827	19
828	17
829	20
830	14
831	5
832	9
833	12
834	5
835	5
836	13
837	5
838	17
839	19
840	15
841	9
842	10
843	5
844	15
845	17
846	10
847	10
848	15
849	3
850	17
851	6
852	12
853	11
854	3
855	20
856	17
857	9
858	19
859	12
860	5
861	14
862	17
863	9
864	17
865	19
866	11
867	15
868	15
869	12
870	11
871	3
872	3
873	19
874	3
875	17
876	20
877	9
878	10
879	6
880	11
881	11
882	3
883	10
884	6
885	6
886	19
887	11
888	19
889	15
890	9
891	20
892	11
893	9
894	9
895	20
896	20
897	11
898	19
899	10
900	3
901	20
902	10
903	19
904	10
905	11
906	9
907	3
908	11
909	12
910	6
911	20
912	3
913	3
914	11
915	11
916	9
917	20
918	3
919	10
920	20
921	10
922	10
923	3
924	9
925	11
926	12
927	15
928	6
929	15
930	14
931	15
932	11
933	11
934	20
935	14
936	12
937	14
938	11
939	3
940	12
941	12
942	11
943	11
944	20
945	3
946	20
947	11
948	15
949	3
950	12
951	12
952	12
953	6
954	3
955	14
956	11
957	15
958	12
959	20
960	3
961	20
962	12
963	14
964	11
965	14
966	14
967	3
968	15
969	11
970	11
971	14
972	3
973	14
974	14
975	3
976	11
977	14
978	14
979	3
980	15
981	14
982	14
983	14
984	3
985	3
986	14
987	15
988	15
989	3
990	3
991	3
992	14
993	15
994	15
995	14
996	15
997	14
998	14
999	14
1000	14
