1	33
2	18
3	33
4	2
5	31
6	28
7	30
8	22
9	30
10	33
11	25
12	35
13	17
14	2
15	36
16	36
17	2
18	2
19	2
20	2
21	17
22	2
23	27
24	38
25	22
26	2
27	2
28	2
29	2
30	27
31	35
32	4
33	16
34	2
35	2
36	36
37	32
38	16
39	2
40	2
41	24
42	2
43	2
44	24
45	2
46	25
47	4
48	23
49	30
50	4
51	23
52	2
53	2
54	2
55	11
56	2
57	35
58	31
59	23
60	2
61	2
62	34
63	2
64	2
65	34
66	2
67	2
68	2
69	2
70	38
71	2
72	20
73	2
74	27
75	2
76	30
77	31
78	2
79	16
80	2
81	25
82	38
83	27
84	2
85	2
86	26
87	2
88	22
89	18
90	34
91	28
92	2
93	26
94	35
95	25
96	31
97	2
98	2
99	22
100	18
101	38
102	35
103	2
104	35
105	2
106	2
107	29
108	2
109	28
110	11
111	2
112	2
113	38
114	11
115	2
116	2
117	31
118	17
119	2
120	28
121	18
122	38
123	24
124	2
125	31
126	0
127	2
128	24
129	2
130	17
131	36
132	2
133	17
134	2
135	36
136	4
137	23
138	16
139	2
140	4
141	26
142	2
143	36
144	35
145	2
146	4
147	26
148	11
149	0
150	21
151	2
152	2
153	27
154	38
155	38
156	2
157	2
158	22
159	38
160	31
161	18
162	28
163	35
164	2
165	34
166	22
167	32
168	25
169	31
170	2
171	2
172	36
173	27
174	25
175	2
176	2
177	2
178	2
179	24
180	2
181	2
182	28
183	9
184	11
185	32
186	2
187	18
188	0
189	2
190	30
191	2
192	2
193	13
194	18
195	2
196	35
197	17
198	2
199	17
200	38
201	30
202	25
203	25
204	2
205	17
206	20
207	32
208	11
209	35
210	11
211	2
212	2
213	33
214	16
215	36
216	36
217	2
218	0
219	25
220	2
221	18
222	21
223	2
224	4
225	33
226	24
227	24
228	23
229	20
230	2
231	22
232	34
233	2
234	11
235	2
236	36
237	27
238	22
239	27
240	31
241	2
242	2
243	21
244	2
245	20
246	33
247	0
248	29
249	2
250	29
251	16
252	2
253	24
254	25
255	2
256	34
257	34
258	2
259	2
260	2
261	20
262	11
263	30
264	2
265	2
266	2
267	2
268	17
269	21
270	20
271	32
272	34
273	0
274	2
275	36
276	2
277	17
278	31
279	0
280	29
281	24
282	2
283	23
284	27
285	25
286	34
287	25
288	29
289	29
290	31
291	4
292	29
293	2
294	30
295	4
296	32
297	2
298	9
299	2
300	29
301	9
302	9
303	2
304	2
305	14
306	13
307	2
308	28
309	26
310	29
311	13
312	2
313	2
314	24
315	2
316	34
317	11
318	24
319	33
320	2
321	30
322	33
323	30
324	21
325	16
326	2
327	24
328	9
329	2
330	31
331	33
332	18
333	13
334	34
335	2
336	16
337	21
338	14
339	16
340	23
341	9
342	11
343	27
344	33
345	27
346	2
347	2
348	27
349	12
350	18
351	21
352	33
353	2
354	30
355	34
356	12
357	9
358	2
359	21
360	26
361	2
362	12
363	2
364	19
365	9
366	4
367	29
368	25
369	23
370	34
371	7
372	16
373	23
374	28
375	3
376	24
377	21
378	22
379	25
380	22
381	32
382	2
383	2
384	33
385	12
386	26
387	2
388	33
389	16
390	15
391	23
392	2
393	28
394	2
395	2
396	26
397	7
398	9
399	22
400	20
401	14
402	2
403	3
404	32
405	17
406	19
407	4
408	23
409	14
410	13
411	2
412	4
413	2
414	22
415	12
416	14
417	19
418	29
419	16
420	4
421	26
422	0
423	20
424	20
425	29
426	12
427	2
428	0
429	28
430	14
431	26
432	20
433	32
434	26
435	28
436	14
437	9
438	32
439	17
440	29
441	2
442	20
443	9
444	12
445	2
446	11
447	26
448	21
449	7
450	7
451	6
452	2
453	16
454	29
455	20
456	5
457	32
458	12
459	28
460	26
461	21
462	21
463	2
464	11
465	16
466	33
467	22
468	0
469	20
470	5
471	3
472	5
473	1
474	6
475	12
476	30
477	5
478	9
479	19
480	2
481	13
482	3
483	2
484	11
485	2
486	3
487	15
488	4
489	16
490	13
491	18
492	3
493	11
494	6
495	30
496	16
497	18
498	2
499	26
500	33
501	7
502	2
503	2
504	21
505	2
506	5
507	28
508	21
509	17
510	16
511	32
512	30
513	28
514	2
515	14
516	19
517	21
518	1
519	32
520	2
521	8
522	4
523	2
524	22
525	2
526	0
527	23
528	2
529	8
530	23
531	23
532	18
533	19
534	2
535	23
536	0
537	15
538	21
539	2
540	7
541	28
542	23
543	1
544	14
545	21
546	18
547	23
548	32
549	23
550	1
551	8
552	32
553	19
554	13
555	3
556	19
557	0
558	9
559	22
560	11
561	7
562	17
563	13
564	28
565	32
566	20
567	13
568	3
569	17
570	9
571	15
572	20
573	13
574	14
575	10
576	17
577	17
578	22
579	23
580	12
581	18
582	5
583	20
584	8
585	30
586	7
587	6
588	11
589	9
590	13
591	19
592	21
593	15
594	22
595	5
596	14
597	6
598	0
599	12
600	20
601	20
602	8
603	18
604	16
605	37
606	13
607	10
608	12
609	18
610	5
611	10
612	5
613	18
614	1
615	9
616	4
617	19
618	20
619	0
620	4
621	7
622	5
623	19
624	37
625	3
626	15
627	15
628	19
629	9
630	7
631	12
632	21
633	18
634	16
635	10
636	3
637	5
638	4
639	0
640	20
641	9
642	18
643	1
644	9
645	7
646	1
647	18
648	37
649	4
650	6
651	19
652	19
653	22
654	14
655	12
656	14
657	22
658	12
659	30
660	4
661	14
662	5
663	7
664	8
665	3
666	1
667	1
668	30
669	13
670	16
671	30
672	16
673	23
674	23
675	18
676	16
677	10
678	8
679	30
680	14
681	9
682	7
683	10
684	0
685	30
686	1
687	1
688	20
689	5
690	19
691	0
692	30
693	13
694	5
695	13
696	12
697	19
698	14
699	23
700	1
701	15
702	9
703	8
704	21
705	14
706	12
707	6
708	21
709	15
710	0
711	13
712	5
713	4
714	16
715	16
716	7
717	12
718	19
719	6
720	19
721	0
722	15
723	10
724	9
725	20
726	6
727	6
728	14
729	20
730	13
731	37
732	0
733	5
734	18
735	10
736	15
737	13
738	3
739	20
740	12
741	12
742	12
743	15
744	10
745	10
746	4
747	23
748	9
749	3
750	6
751	9
752	15
753	13
754	18
755	6
756	10
757	37
758	13
759	13
760	16
761	18
762	12
763	3
764	13
765	16
766	20
767	16
768	23
769	14
770	4
771	4
772	14
773	14
774	13
775	37
776	19
777	3
778	6
779	14
780	6
781	6
782	7
783	1
784	12
785	5
786	6
787	5
788	7
789	12
790	6
791	8
792	19
793	5
794	4
795	6
796	12
797	7
798	5
799	10
800	7
801	10
802	10
803	8
804	10
805	15
806	10
807	15
808	5
809	12
810	37
811	19
812	19
813	37
814	37
815	3
816	37
817	3
818	13
819	1
820	19
821	13
822	19
823	13
824	5
825	6
826	18
827	6
828	12
829	3
830	5
831	14
832	14
833	3
834	8
835	14
836	5
837	8
838	7
839	5
840	12
841	9
842	8
843	9
844	7
845	13
846	6
847	9
848	5
849	9
850	6
851	37
852	12
853	15
854	12
855	3
856	37
857	9
858	10
859	5
860	8
861	19
862	7
863	3
864	15
865	13
866	1
867	3
868	37
869	13
870	10
871	14
872	5
873	37
874	9
875	10
876	15
877	37
878	1
879	12
880	1
881	7
882	8
883	6
884	12
885	3
886	9
887	10
888	8
889	7
890	19
891	6
892	10
893	10
894	12
895	13
896	1
897	15
898	37
899	3
900	19
901	12
902	6
903	6
904	8
905	5
906	1
907	9
908	3
909	8
910	6
911	15
912	3
913	12
914	9
915	5
916	15
917	8
918	14
919	1
920	19
921	7
922	6
923	3
924	6
925	14
926	37
927	7
928	5
929	12
930	10
931	5
932	12
933	12
934	19
935	15
936	6
937	3
938	1
939	6
940	1
941	19
942	15
943	15
944	13
945	14
946	1
947	1
948	8
949	7
950	37
951	37
952	14
953	8
954	7
955	7
956	5
957	8
958	5
959	6
960	1
961	7
962	15
963	14
964	8
965	5
966	3
967	3
968	5
969	10
970	37
971	8
972	14
973	10
974	6
975	1
976	12
977	10
978	37
979	10
980	37
981	1
982	1
983	3
984	10
985	37
986	37
987	37
988	5
989	5
990	10
991	10
992	37
993	1
994	5
995	10
996	8
997	37
998	10
999	1
1000	8
