1	0
2	16
3	35
4	0
5	0
6	0
7	32
8	13
9	14
10	10
11	6
12	32
13	25
14	35
15	14
16	10
17	17
18	6
19	33
20	7
21	24
22	28
23	0
24	8
25	0
26	13
27	32
28	0
29	36
30	35
31	0
32	25
33	0
34	26
35	0
36	27
37	22
38	25
39	17
40	36
41	16
42	33
43	0
44	0
45	0
46	35
47	28
48	0
49	29
50	6
51	0
52	23
53	24
54	30
55	36
56	25
57	0
58	25
59	0
60	32
61	29
62	6
63	7
64	0
65	22
66	0
67	13
68	27
69	17
70	0
71	31
72	17
73	14
74	6
75	24
76	0
77	6
78	0
79	0
80	31
81	24
82	21
83	23
84	29
85	36
86	0
87	32
88	13
89	35
90	30
91	27
92	24
93	0
94	25
95	0
96	35
97	0
98	0
99	29
100	28
101	35
102	35
103	17
104	0
105	25
106	26
107	29
108	0
109	0
110	22
111	22
112	24
113	0
114	18
115	0
116	16
117	18
118	16
119	33
120	23
121	35
122	13
123	18
124	13
125	17
126	0
127	28
128	0
129	37
130	0
131	8
132	17
133	37
134	32
135	0
136	0
137	0
138	0
139	0
140	20
141	0
142	6
143	6
144	28
145	0
146	31
147	21
148	6
149	33
150	0
151	0
152	0
153	18
154	6
155	31
156	0
157	35
158	22
159	17
160	16
161	37
162	16
163	31
164	29
165	0
166	37
167	21
168	31
169	32
170	0
171	6
172	0
173	30
174	37
175	13
176	13
177	8
178	27
179	27
180	0
181	0
182	7
183	35
184	6
185	23
186	37
187	0
188	36
189	14
190	36
191	0
192	33
193	0
194	18
195	29
196	0
197	0
198	15
199	25
200	0
201	6
202	33
203	17
204	6
205	32
206	30
207	0
208	13
209	27
210	31
211	26
212	19
213	37
214	6
215	3
216	10
217	0
218	0
219	6
220	30
221	36
222	0
223	29
224	7
225	7
226	19
227	36
228	24
229	21
230	17
231	17
232	32
233	7
234	29
235	24
236	12
237	7
238	0
239	22
240	25
241	0
242	9
243	6
244	6
245	23
246	29
247	0
248	6
249	6
250	6
251	15
252	6
253	24
254	33
255	21
256	0
257	37
258	0
259	24
260	30
261	0
262	24
263	14
264	29
265	27
266	6
267	32
268	10
269	26
270	18
271	10
272	0
273	8
274	0
275	20
276	6
277	13
278	37
279	6
280	0
281	18
282	0
283	20
284	36
285	9
286	25
287	15
288	21
289	15
290	35
291	35
292	7
293	25
294	30
295	27
296	12
297	20
298	29
299	6
300	0
301	8
302	17
303	27
304	31
305	23
306	23
307	26
308	33
309	10
310	16
311	30
312	14
313	33
314	29
315	0
316	37
317	14
318	23
319	0
320	19
321	8
322	15
323	22
324	8
325	27
326	0
327	16
328	37
329	0
330	37
331	27
332	9
333	15
334	12
335	30
336	16
337	15
338	19
339	28
340	26
341	9
342	6
343	26
344	3
345	14
346	6
347	14
348	6
349	16
350	13
351	6
352	36
353	36
354	23
355	8
356	26
357	0
358	9
359	31
360	31
361	33
362	31
363	28
364	37
365	31
366	33
367	33
368	25
369	7
370	20
371	36
372	0
373	16
374	22
375	9
376	20
377	15
378	21
379	18
380	3
381	10
382	37
383	26
384	9
385	8
386	8
387	20
388	31
389	33
390	17
391	36
392	3
393	0
394	25
395	0
396	27
397	3
398	10
399	6
400	10
401	32
402	36
403	18
404	0
405	28
406	3
407	28
408	23
409	37
410	32
411	28
412	7
413	13
414	9
415	0
416	32
417	7
418	31
419	8
420	14
421	18
422	10
423	11
424	0
425	3
426	7
427	21
428	26
429	15
430	0
431	19
432	28
433	25
434	28
435	9
436	24
437	9
438	24
439	17
440	18
441	27
442	8
443	23
444	0
445	0
446	26
447	16
448	13
449	24
450	0
451	22
452	15
453	6
454	6
455	31
456	7
457	14
458	6
459	13
460	15
461	24
462	6
463	3
464	24
465	32
466	18
467	27
468	30
469	31
470	30
471	21
472	27
473	23
474	26
475	6
476	2
477	6
478	19
479	30
480	10
481	3
482	9
483	10
484	8
485	19
486	9
487	7
488	21
489	22
490	21
491	30
492	31
493	12
494	20
495	10
496	25
497	15
498	2
499	11
500	18
501	21
502	28
503	26
504	12
505	12
506	21
507	24
508	30
509	34
510	19
511	19
512	18
513	16
514	23
515	38
516	2
517	21
518	12
519	14
520	30
521	20
522	25
523	21
524	5
525	26
526	8
527	18
528	16
529	5
530	1
531	10
532	10
533	26
534	38
535	11
536	26
537	22
538	16
539	26
540	11
541	3
542	28
543	2
544	23
545	22
546	1
547	8
548	22
549	24
550	31
551	34
552	2
553	8
554	15
555	23
556	28
557	15
558	13
559	34
560	5
561	20
562	4
563	4
564	9
565	22
566	30
567	24
568	23
569	34
570	17
571	25
572	28
573	1
574	14
575	7
576	16
577	8
578	14
579	22
580	31
581	31
582	12
583	21
584	10
585	19
586	18
587	19
588	12
589	4
590	9
591	11
592	28
593	4
594	38
595	15
596	8
597	34
598	20
599	18
600	3
601	15
602	11
603	1
604	9
605	11
606	9
607	8
608	2
609	1
610	19
611	38
612	26
613	28
614	2
615	1
616	22
617	5
618	13
619	22
620	34
621	12
622	17
623	20
624	4
625	15
626	2
627	3
628	5
629	5
630	19
631	20
632	9
633	4
634	22
635	38
636	11
637	18
638	13
639	7
640	12
641	15
642	13
643	19
644	9
645	38
646	21
647	20
648	15
649	14
650	20
651	22
652	19
653	9
654	20
655	21
656	9
657	24
658	13
659	13
660	2
661	11
662	20
663	17
664	9
665	5
666	5
667	34
668	2
669	1
670	3
671	2
672	2
673	38
674	7
675	22
676	14
677	38
678	17
679	28
680	20
681	3
682	8
683	14
684	7
685	12
686	7
687	38
688	8
689	4
690	14
691	22
692	12
693	21
694	34
695	7
696	24
697	9
698	3
699	38
700	5
701	8
702	2
703	7
704	2
705	12
706	12
707	8
708	11
709	34
710	17
711	5
712	3
713	2
714	9
715	38
716	2
717	14
718	14
719	1
720	11
721	13
722	19
723	5
724	7
725	19
726	17
727	24
728	14
729	17
730	19
731	11
732	1
733	3
734	34
735	12
736	4
737	3
738	31
739	12
740	1
741	7
742	9
743	3
744	14
745	20
746	4
747	11
748	11
749	14
750	8
751	20
752	3
753	38
754	20
755	24
756	38
757	17
758	1
759	8
760	12
761	34
762	5
763	13
764	8
765	3
766	12
767	34
768	19
769	7
770	1
771	5
772	4
773	14
774	2
775	5
776	12
777	1
778	7
779	34
780	13
781	38
782	1
783	7
784	38
785	17
786	2
787	20
788	3
789	34
790	20
791	4
792	4
793	3
794	2
795	11
796	7
797	19
798	4
799	7
800	11
801	4
802	7
803	3
804	4
805	2
806	13
807	5
808	17
809	11
810	19
811	13
812	20
813	4
814	38
815	38
816	5
817	2
818	13
819	34
820	17
821	11
822	1
823	20
824	9
825	11
826	19
827	38
828	20
829	8
830	19
831	38
832	3
833	38
834	11
835	34
836	34
837	1
838	11
839	4
840	7
841	5
842	11
843	34
844	8
845	1
846	3
847	38
848	14
849	34
850	12
851	12
852	5
853	19
854	19
855	14
856	14
857	13
858	3
859	3
860	20
861	5
862	38
863	2
864	9
865	14
866	12
867	4
868	3
869	4
870	5
871	5
872	5
873	34
874	2
875	11
876	12
877	12
878	3
879	9
880	7
881	3
882	19
883	1
884	2
885	34
886	11
887	11
888	19
889	11
890	34
891	12
892	4
893	20
894	2
895	4
896	38
897	11
898	20
899	20
900	9
901	12
902	5
903	38
904	5
905	4
906	7
907	34
908	38
909	5
910	34
911	12
912	9
913	1
914	34
915	34
916	34
917	4
918	2
919	1
920	20
921	9
922	2
923	4
924	9
925	2
926	4
927	3
928	1
929	38
930	4
931	12
932	9
933	2
934	1
935	5
936	1
937	20
938	3
939	9
940	12
941	2
942	12
943	1
944	34
945	12
946	4
947	19
948	11
949	34
950	34
951	1
952	2
953	3
954	5
955	38
956	34
957	9
958	3
959	4
960	2
961	38
962	2
963	1
964	1
965	11
966	11
967	3
968	3
969	9
970	34
971	38
972	5
973	5
974	1
975	11
976	1
977	34
978	9
979	4
980	9
981	1
982	9
983	4
984	4
985	11
986	4
987	38
988	11
989	2
990	11
991	38
992	34
993	2
994	34
995	11
996	38
997	11
998	1
999	1
1000	2
