1	2
2	25
3	0
4	25
5	24
6	28
7	25
8	25
9	1
10	25
11	19
12	1
13	20
14	33
15	25
16	10
17	25
18	22
19	0
20	14
21	25
22	29
23	36
24	32
25	25
26	1
27	18
28	35
29	25
30	18
31	26
32	25
33	25
34	25
35	25
36	25
37	25
38	10
39	28
40	33
41	25
42	25
43	36
44	0
45	35
46	36
47	19
48	25
49	25
50	25
51	19
52	32
53	32
54	25
55	20
56	25
57	29
58	36
59	19
60	25
61	25
62	25
63	28
64	31
65	29
66	28
67	34
68	35
69	25
70	25
71	17
72	25
73	22
74	25
75	25
76	19
77	34
78	25
79	14
80	25
81	30
82	1
83	31
84	25
85	14
86	25
87	0
88	30
89	25
90	18
91	33
92	23
93	2
94	25
95	25
96	20
97	25
98	25
99	18
100	25
101	36
102	19
103	14
104	25
105	30
106	34
107	23
108	25
109	30
110	25
111	17
112	26
113	25
114	25
115	25
116	25
117	25
118	34
119	35
120	25
121	24
122	0
123	25
124	25
125	25
126	25
127	25
128	18
129	26
130	22
131	20
132	20
133	2
134	14
135	0
136	1
137	32
138	25
139	25
140	1
141	25
142	25
143	25
144	30
145	25
146	24
147	28
148	25
149	16
150	18
151	35
152	27
153	25
154	16
155	25
156	25
157	0
158	25
159	30
160	31
161	36
162	32
163	17
164	25
165	33
166	31
167	25
168	25
169	28
170	14
171	33
172	23
173	33
174	31
175	23
176	19
177	20
178	31
179	35
180	25
181	25
182	24
183	25
184	10
185	26
186	36
187	29
188	28
189	25
190	33
191	31
192	8
193	2
194	25
195	17
196	18
197	30
198	25
199	10
200	25
201	22
202	28
203	25
204	22
205	16
206	25
207	14
208	26
209	14
210	22
211	36
212	29
213	25
214	25
215	20
216	25
217	25
218	25
219	25
220	25
221	16
222	25
223	34
224	29
225	1
226	14
227	1
228	23
229	31
230	28
231	25
232	24
233	35
234	25
235	20
236	0
237	25
238	25
239	29
240	25
241	0
242	13
243	25
244	35
245	9
246	25
247	32
248	34
249	15
250	0
251	30
252	25
253	27
254	1
255	29
256	22
257	25
258	2
259	1
260	14
261	24
262	34
263	25
264	25
265	27
266	36
267	25
268	25
269	25
270	0
271	25
272	24
273	25
274	10
275	25
276	16
277	31
278	25
279	32
280	25
281	35
282	20
283	8
284	2
285	35
286	25
287	28
288	36
289	8
290	8
291	25
292	28
293	25
294	31
295	8
296	26
297	23
298	9
299	34
300	16
301	22
302	28
303	22
304	14
305	29
306	25
307	31
308	2
309	25
310	32
311	1
312	18
313	10
314	32
315	34
316	31
317	9
318	25
319	33
320	35
321	18
322	15
323	35
324	25
325	23
326	25
327	10
328	24
329	13
330	18
331	25
332	9
333	25
334	30
335	34
336	13
337	16
338	25
339	16
340	20
341	31
342	19
343	0
344	23
345	25
346	27
347	25
348	33
349	25
350	25
351	25
352	25
353	30
354	23
355	33
356	25
357	18
358	1
359	36
360	32
361	32
362	18
363	25
364	29
365	24
366	2
367	34
368	15
369	25
370	27
371	13
372	25
373	33
374	25
375	36
376	34
377	14
378	14
379	19
380	14
381	19
382	27
383	10
384	20
385	9
386	21
387	25
388	25
389	33
390	1
391	36
392	15
393	25
394	21
395	1
396	26
397	27
398	25
399	25
400	16
401	2
402	27
403	2
404	8
405	13
406	31
407	15
408	16
409	31
410	36
411	32
412	8
413	23
414	18
415	32
416	25
417	28
418	14
419	17
420	18
421	20
422	25
423	24
424	29
425	14
426	30
427	27
428	25
429	0
430	23
431	20
432	15
433	16
434	2
435	25
436	14
437	6
438	28
439	1
440	25
441	26
442	16
443	8
444	30
445	15
446	25
447	21
448	24
449	25
450	33
451	19
452	17
453	34
454	25
455	0
456	25
457	21
458	26
459	21
460	8
461	9
462	24
463	24
464	33
465	23
466	25
467	26
468	27
469	5
470	16
471	31
472	24
473	0
474	22
475	0
476	13
477	19
478	6
479	17
480	5
481	17
482	25
483	17
484	10
485	8
486	23
487	14
488	36
489	2
490	13
491	22
492	15
493	9
494	25
495	15
496	9
497	12
498	10
499	26
500	6
501	12
502	25
503	10
504	36
505	25
506	22
507	34
508	6
509	30
510	25
511	0
512	25
513	9
514	25
515	22
516	19
517	25
518	33
519	27
520	34
521	13
522	10
523	13
524	19
525	13
526	2
527	30
528	29
529	18
530	2
531	23
532	16
533	34
534	2
535	30
536	31
537	27
538	18
539	17
540	27
541	10
542	5
543	24
544	33
545	29
546	21
547	13
548	11
549	5
550	19
551	5
552	27
553	14
554	5
555	21
556	22
557	29
558	20
559	9
560	23
561	20
562	25
563	13
564	27
565	27
566	19
567	30
568	8
569	12
570	17
571	25
572	5
573	8
574	31
575	29
576	6
577	9
578	23
579	16
580	14
581	14
582	9
583	13
584	6
585	11
586	27
587	24
588	21
589	31
590	8
591	17
592	27
593	21
594	10
595	11
596	10
597	14
598	29
599	4
600	19
601	15
602	9
603	29
604	2
605	23
606	26
607	19
608	5
609	26
610	1
611	23
612	7
613	5
614	20
615	23
616	10
617	10
618	19
619	14
620	24
621	23
622	16
623	2
624	5
625	26
626	12
627	23
628	17
629	11
630	26
631	26
632	26
633	20
634	2
635	1
636	12
637	8
638	24
639	2
640	17
641	6
642	21
643	2
644	7
645	2
646	8
647	26
648	6
649	22
650	10
651	16
652	24
653	4
654	17
655	13
656	17
657	19
658	14
659	26
660	21
661	23
662	20
663	16
664	22
665	19
666	14
667	1
668	4
669	1
670	15
671	9
672	4
673	24
674	27
675	10
676	6
677	13
678	13
679	12
680	7
681	26
682	17
683	31
684	21
685	17
686	9
687	9
688	27
689	11
690	6
691	9
692	7
693	6
694	22
695	22
696	11
697	7
698	10
699	4
700	22
701	1
702	16
703	23
704	22
705	21
706	5
707	7
708	15
709	12
710	2
711	3
712	7
713	20
714	13
715	16
716	16
717	17
718	16
719	12
720	3
721	23
722	26
723	13
724	23
725	27
726	5
727	8
728	2
729	6
730	3
731	20
732	22
733	20
734	9
735	7
736	5
737	8
738	5
739	2
740	9
741	9
742	6
743	17
744	4
745	31
746	17
747	19
748	4
749	22
750	14
751	5
752	9
753	15
754	15
755	13
756	26
757	17
758	19
759	17
760	12
761	27
762	31
763	21
764	22
765	4
766	11
767	6
768	21
769	23
770	9
771	16
772	5
773	31
774	11
775	15
776	7
777	14
778	27
779	5
780	23
781	2
782	12
783	16
784	11
785	21
786	6
787	21
788	19
789	14
790	11
791	8
792	3
793	27
794	21
795	16
796	12
797	12
798	15
799	21
800	5
801	8
802	2
803	2
804	12
805	6
806	9
807	27
808	12
809	23
810	21
811	4
812	27
813	8
814	8
815	21
816	12
817	6
818	6
819	9
820	13
821	3
822	21
823	9
824	14
825	7
826	2
827	13
828	16
829	5
830	16
831	2
832	15
833	7
834	6
835	16
836	7
837	5
838	7
839	9
840	6
841	9
842	8
843	23
844	3
845	7
846	16
847	2
848	27
849	15
850	4
851	9
852	15
853	6
854	23
855	8
856	13
857	3
858	27
859	8
860	15
861	16
862	8
863	5
864	8
865	9
866	23
867	6
868	27
869	15
870	21
871	6
872	15
873	9
874	23
875	13
876	21
877	27
878	15
879	3
880	5
881	3
882	9
883	6
884	12
885	15
886	13
887	8
888	3
889	11
890	8
891	12
892	12
893	11
894	3
895	4
896	9
897	6
898	6
899	6
900	4
901	15
902	4
903	5
904	11
905	4
906	6
907	7
908	6
909	11
910	21
911	21
912	11
913	6
914	21
915	12
916	5
917	11
918	5
919	13
920	13
921	12
922	21
923	7
924	4
925	12
926	4
927	5
928	4
929	7
930	21
931	4
932	3
933	13
934	8
935	3
936	3
937	3
938	13
939	12
940	7
941	6
942	12
943	11
944	8
945	3
946	12
947	5
948	21
949	7
950	11
951	5
952	11
953	12
954	3
955	6
956	5
957	12
958	4
959	7
960	12
961	3
962	7
963	12
964	11
965	7
966	5
967	11
968	11
969	11
970	3
971	11
972	12
973	4
974	4
975	7
976	3
977	11
978	3
979	3
980	5
981	3
982	5
983	3
984	4
985	7
986	7
987	11
988	7
989	3
990	5
991	4
992	4
993	7
994	7
995	7
996	4
997	3
998	4
999	7
1000	7
