1	36
2	30
3	35
4	34
5	27
6	16
7	20
8	30
9	16
10	23
11	0
12	14
13	26
14	25
15	26
16	32
17	29
18	35
19	32
20	26
21	32
22	26
23	31
24	26
25	26
26	0
27	8
28	14
29	24
30	35
31	21
32	30
33	8
34	12
35	26
36	33
37	26
38	0
39	1
40	26
41	8
42	26
43	24
44	28
45	26
46	26
47	23
48	26
49	27
50	27
51	13
52	1
53	26
54	26
55	27
56	26
57	36
58	35
59	35
60	28
61	8
62	14
63	26
64	35
65	29
66	21
67	33
68	25
69	10
70	26
71	21
72	31
73	26
74	28
75	18
76	0
77	26
78	30
79	16
80	1
81	21
82	22
83	14
84	32
85	26
86	26
87	32
88	26
89	26
90	21
91	26
92	13
93	26
94	18
95	26
96	20
97	26
98	32
99	24
100	26
101	20
102	36
103	21
104	28
105	26
106	26
107	31
108	26
109	29
110	32
111	32
112	20
113	18
114	36
115	19
116	13
117	26
118	28
119	26
120	26
121	21
122	18
123	9
124	16
125	20
126	10
127	26
128	0
129	29
130	24
131	19
132	23
133	0
134	24
135	26
136	26
137	26
138	29
139	33
140	30
141	14
142	14
143	31
144	18
145	26
146	26
147	21
148	33
149	26
150	19
151	32
152	0
153	26
154	26
155	26
156	26
157	34
158	33
159	29
160	32
161	26
162	1
163	26
164	19
165	1
166	26
167	12
168	10
169	10
170	26
171	17
172	26
173	14
174	24
175	33
176	26
177	34
178	26
179	26
180	15
181	26
182	18
183	0
184	1
185	25
186	26
187	16
188	26
189	9
190	18
191	30
192	26
193	31
194	26
195	26
196	26
197	12
198	30
199	8
200	33
201	32
202	26
203	30
204	33
205	31
206	17
207	32
208	24
209	24
210	9
211	23
212	26
213	26
214	25
215	36
216	26
217	13
218	19
219	26
220	18
221	24
222	16
223	36
224	32
225	17
226	14
227	36
228	18
229	32
230	26
231	22
232	8
233	35
234	19
235	1
236	21
237	22
238	8
239	19
240	34
241	26
242	26
243	33
244	26
245	32
246	18
247	26
248	19
249	28
250	9
251	22
252	35
253	13
254	31
255	1
256	36
257	33
258	34
259	21
260	17
261	16
262	35
263	26
264	21
265	22
266	1
267	34
268	32
269	33
270	26
271	19
272	26
273	29
274	29
275	1
276	29
277	36
278	0
279	26
280	26
281	26
282	10
283	26
284	9
285	10
286	15
287	24
288	23
289	35
290	34
291	13
292	26
293	15
294	28
295	26
296	36
297	26
298	18
299	20
300	26
301	26
302	9
303	19
304	26
305	16
306	26
307	16
308	17
309	19
310	26
311	24
312	12
313	28
314	31
315	22
316	29
317	12
318	0
319	15
320	19
321	20
322	32
323	16
324	15
325	12
326	14
327	16
328	34
329	7
330	26
331	36
332	26
333	20
334	26
335	31
336	36
337	26
338	26
339	29
340	1
341	23
342	19
343	16
344	32
345	16
346	23
347	29
348	7
349	35
350	26
351	30
352	10
353	7
354	10
355	35
356	31
357	1
358	26
359	14
360	21
361	10
362	25
363	9
364	10
365	8
366	20
367	34
368	8
369	28
370	25
371	27
372	16
373	22
374	17
375	15
376	22
377	7
378	26
379	17
380	26
381	31
382	16
383	7
384	26
385	24
386	23
387	10
388	1
389	27
390	34
391	20
392	19
393	23
394	25
395	0
396	32
397	29
398	14
399	16
400	8
401	22
402	13
403	27
404	18
405	30
406	7
407	25
408	0
409	26
410	0
411	32
412	26
413	22
414	18
415	28
416	31
417	26
418	26
419	10
420	15
421	18
422	26
423	22
424	26
425	9
426	31
427	12
428	31
429	15
430	10
431	8
432	10
433	17
434	34
435	26
436	24
437	17
438	30
439	8
440	26
441	34
442	26
443	13
444	10
445	24
446	26
447	22
448	26
449	26
450	28
451	27
452	12
453	24
454	26
455	19
456	17
457	26
458	9
459	30
460	7
461	19
462	26
463	19
464	7
465	19
466	34
467	7
468	29
469	7
470	20
471	14
472	17
473	14
474	25
475	21
476	24
477	26
478	14
479	9
480	18
481	15
482	26
483	26
484	26
485	0
486	26
487	25
488	21
489	9
490	13
491	1
492	5
493	26
494	16
495	16
496	21
497	25
498	34
499	18
500	22
501	27
502	26
503	1
504	20
505	22
506	28
507	17
508	17
509	26
510	27
511	19
512	30
513	27
514	29
515	26
516	18
517	8
518	32
519	19
520	10
521	26
522	32
523	24
524	27
525	23
526	30
527	10
528	23
529	23
530	24
531	21
532	3
533	26
534	26
535	19
536	14
537	13
538	15
539	28
540	5
541	28
542	23
543	3
544	28
545	15
546	12
547	28
548	3
549	5
550	14
551	11
552	8
553	22
554	7
555	1
556	20
557	19
558	3
559	25
560	24
561	17
562	27
563	26
564	3
565	21
566	22
567	34
568	10
569	27
570	14
571	24
572	3
573	15
574	8
575	24
576	8
577	9
578	27
579	3
580	19
581	26
582	32
583	10
584	13
585	21
586	16
587	11
588	2
589	10
590	20
591	8
592	7
593	13
594	2
595	1
596	6
597	26
598	2
599	19
600	30
601	5
602	23
603	30
604	29
605	28
606	30
607	12
608	11
609	3
610	17
611	8
612	6
613	5
614	17
615	16
616	23
617	17
618	12
619	20
620	25
621	18
622	20
623	25
624	17
625	9
626	23
627	16
628	25
629	15
630	14
631	17
632	30
633	14
634	27
635	13
636	17
637	18
638	12
639	25
640	23
641	8
642	2
643	10
644	4
645	18
646	32
647	16
648	1
649	19
650	5
651	12
652	21
653	8
654	27
655	2
656	13
657	11
658	8
659	22
660	16
661	8
662	13
663	32
664	1
665	7
666	13
667	20
668	13
669	3
670	15
671	14
672	27
673	28
674	14
675	3
676	13
677	12
678	25
679	21
680	30
681	9
682	10
683	6
684	28
685	10
686	5
687	19
688	9
689	18
690	4
691	8
692	25
693	28
694	11
695	20
696	27
697	17
698	8
699	8
700	5
701	12
702	2
703	20
704	32
705	32
706	1
707	12
708	6
709	21
710	8
711	23
712	27
713	23
714	19
715	21
716	11
717	10
718	16
719	6
720	9
721	4
722	32
723	11
724	11
725	13
726	23
727	23
728	12
729	7
730	16
731	11
732	11
733	10
734	20
735	5
736	13
737	23
738	3
739	21
740	9
741	22
742	18
743	25
744	11
745	22
746	19
747	20
748	7
749	13
750	5
751	1
752	7
753	22
754	6
755	32
756	22
757	7
758	25
759	20
760	5
761	25
762	19
763	23
764	15
765	22
766	7
767	16
768	22
769	25
770	18
771	4
772	9
773	12
774	24
775	20
776	6
777	24
778	8
779	9
780	6
781	1
782	5
783	12
784	16
785	19
786	16
787	3
788	25
789	14
790	4
791	14
792	14
793	16
794	9
795	19
796	10
797	20
798	2
799	16
800	12
801	6
802	9
803	15
804	3
805	12
806	15
807	4
808	16
809	1
810	15
811	4
812	12
813	12
814	15
815	12
816	2
817	15
818	3
819	32
820	9
821	6
822	2
823	8
824	32
825	3
826	2
827	2
828	5
829	3
830	5
831	15
832	9
833	2
834	10
835	4
836	10
837	15
838	7
839	7
840	15
841	7
842	5
843	2
844	6
845	11
846	11
847	19
848	1
849	7
850	16
851	32
852	1
853	1
854	1
855	16
856	10
857	15
858	4
859	2
860	3
861	12
862	1
863	15
864	16
865	15
866	6
867	14
868	4
869	15
870	7
871	8
872	14
873	14
874	6
875	14
876	4
877	9
878	2
879	3
880	14
881	7
882	11
883	4
884	6
885	5
886	15
887	19
888	5
889	12
890	4
891	14
892	3
893	11
894	9
895	9
896	8
897	5
898	8
899	5
900	19
901	7
902	5
903	7
904	9
905	11
906	19
907	9
908	10
909	15
910	6
911	9
912	11
913	7
914	9
915	5
916	10
917	2
918	5
919	4
920	14
921	14
922	11
923	3
924	10
925	4
926	19
927	14
928	3
929	2
930	7
931	4
932	10
933	11
934	3
935	5
936	16
937	11
938	4
939	10
940	3
941	3
942	16
943	11
944	2
945	4
946	4
947	2
948	5
949	3
950	5
951	7
952	11
953	7
954	6
955	2
956	3
957	5
958	7
959	3
960	11
961	6
962	5
963	6
964	5
965	7
966	2
967	4
968	2
969	6
970	5
971	3
972	19
973	6
974	3
975	6
976	5
977	2
978	19
979	6
980	6
981	2
982	19
983	3
984	4
985	4
986	11
987	5
988	11
989	3
990	2
991	3
992	2
993	4
994	2
995	11
996	3
997	11
998	5
999	2
1000	4
