1	14
2	12
3	11
4	4
5	2
6	3
7	5
8	4
9	6
10	4
11	4
12	1
13	14
14	15
15	4
16	13
17	9
18	8
19	1
20	13
21	1
22	8
23	2
24	13
25	2
26	4
27	11
28	5
29	6
30	10
31	4
32	1
33	4
34	10
35	10
36	0
37	13
38	11
39	1
40	2
41	3
42	5
43	13
44	15
45	4
46	12
47	13
48	1
49	2
50	12
51	15
52	2
53	1
54	10
55	3
56	6
57	6
58	7
59	3
60	1
61	5
62	2
63	14
64	12
65	14
66	10
67	0
68	9
69	6
70	8
71	14
72	9
73	8
74	0
75	1
76	14
77	10
78	13
79	11
80	6
81	2
82	15
83	11
84	2
85	11
86	4
87	15
88	10
89	13
90	7
91	0
92	13
93	2
94	0
95	8
96	3
97	4
98	3
99	5
100	10
101	6
102	8
103	4
104	8
105	2
106	15
107	12
108	10
109	12
110	12
111	15
112	6
113	9
114	7
115	6
116	10
117	9
118	11
119	3
120	13
121	11
122	8
123	9
124	0
125	4
126	1
127	11
128	5
129	8
130	1
131	3
132	12
133	11
134	9
135	5
136	2
137	13
138	12
139	5
140	6
141	13
142	6
143	0
144	7
145	15
146	12
147	8
148	0
149	8
150	9
151	3
152	9
153	8
154	2
155	1
156	2
157	11
158	15
159	9
160	2
161	11
162	10
163	7
164	8
165	0
166	4
167	2
168	5
169	10
170	1
171	3
172	7
173	5
174	10
175	6
176	12
177	4
178	10
179	12
180	3
181	10
182	11
183	6
184	11
185	8
186	7
187	8
188	4
189	7
190	7
191	11
192	7
193	13
194	13
195	3
196	0
197	0
198	10
199	4
200	9
201	7
202	14
203	10
204	9
205	0
206	13
207	12
208	13
209	3
210	10
211	11
212	6
213	14
214	2
215	13
216	13
217	7
218	6
219	13
220	1
221	5
222	11
223	10
224	11
225	11
226	13
227	2
228	7
229	7
230	2
231	8
232	10
233	8
234	12
235	10
236	13
237	3
238	9
239	4
240	0
241	4
242	0
243	14
244	10
245	9
246	10
247	6
248	13
249	1
250	5
251	15
252	5
253	9
254	7
255	13
256	9
257	13
258	12
259	13
260	11
261	6
262	0
263	3
264	11
265	0
266	8
267	7
268	11
269	0
270	3
271	0
272	12
273	1
274	8
275	5
276	8
277	5
278	5
279	2
280	10
281	8
282	9
283	13
284	1
285	4
286	13
287	10
288	3
289	0
290	10
291	5
292	14
293	13
294	6
295	2
296	12
297	13
298	13
299	5
300	14
301	5
302	6
303	0
304	7
305	11
306	7
307	6
308	8
309	14
310	9
311	6
312	2
313	10
314	1
315	9
316	14
317	1
318	9
319	2
320	1
321	14
322	12
323	13
324	8
325	3
326	10
327	0
328	9
329	11
330	7
331	9
332	12
333	11
334	6
335	11
336	1
337	0
338	9
339	13
340	3
341	4
342	5
343	6
344	0
345	10
346	1
347	2
348	2
349	14
350	4
351	1
352	11
353	8
354	12
355	8
356	4
357	3
358	5
359	6
360	4
361	15
362	7
363	6
364	12
365	13
366	10
367	2
368	8
369	10
370	3
371	1
372	9
373	3
374	3
375	7
376	2
377	2
378	7
379	13
380	9
381	8
382	0
383	13
384	8
385	1
386	2
387	11
388	15
389	11
390	6
391	5
392	4
393	13
394	14
395	10
396	12
397	14
398	13
399	10
400	13
401	0
402	6
403	2
404	8
405	9
406	6
407	6
408	2
409	14
410	2
411	15
412	10
413	10
414	13
415	12
416	3
417	5
418	14
419	13
420	12
421	2
422	12
423	6
424	3
425	0
426	4
427	4
428	6
429	3
430	8
431	13
432	6
433	6
434	0
435	8
436	10
437	2
438	13
439	14
440	2
441	6
442	8
443	8
444	15
445	7
446	10
447	10
448	11
449	6
450	14
451	14
452	6
453	7
454	7
455	14
456	6
457	7
458	1
459	6
460	12
461	3
462	7
463	3
464	11
465	2
466	10
467	6
468	4
469	7
470	10
471	5
472	2
473	6
474	7
475	11
476	3
477	4
478	4
479	6
480	6
481	4
482	6
483	14
484	8
485	13
486	4
487	5
488	9
489	3
490	15
491	3
492	5
493	1
494	6
495	3
496	14
497	5
498	13
499	13
500	9
501	5
502	6
503	13
504	0
505	1
506	8
507	8
508	3
509	14
510	11
511	15
512	6
513	2
514	12
515	2
516	9
517	2
518	1
519	7
520	8
521	6
522	13
523	11
524	11
525	8
526	0
527	1
528	13
529	13
530	12
531	8
532	13
533	11
534	1
535	8
536	7
537	2
538	14
539	4
540	3
541	4
542	4
543	1
544	13
545	8
546	10
547	3
548	15
549	5
550	13
551	2
552	11
553	1
554	4
555	9
556	11
557	13
558	6
559	2
560	2
561	2
562	9
563	7
564	13
565	15
566	7
567	2
568	9
569	13
570	4
571	1
572	0
573	6
574	4
575	3
576	8
577	10
578	6
579	14
580	4
581	13
582	0
583	0
584	11
585	9
586	12
587	8
588	10
589	9
590	10
591	14
592	7
593	9
594	1
595	2
596	8
597	2
598	10
599	6
600	4
601	14
602	9
603	3
604	8
605	1
606	8
607	9
608	3
609	0
610	5
611	5
612	9
613	2
614	13
615	3
616	9
617	13
618	9
619	2
620	11
621	13
622	7
623	6
624	11
625	11
626	3
627	6
628	1
629	8
630	11
631	2
632	9
633	1
634	1
635	14
636	2
637	6
638	0
639	3
640	12
641	12
642	7
643	6
644	2
645	7
646	11
647	4
648	8
649	11
650	10
651	2
652	11
653	1
654	3
655	8
656	7
657	8
658	14
659	15
660	6
661	8
662	15
663	5
664	9
665	13
666	5
667	0
668	3
669	8
670	6
671	8
672	4
673	10
674	14
675	13
676	9
677	13
678	8
679	13
680	3
681	14
682	15
683	3
684	1
685	3
686	8
687	7
688	9
689	2
690	5
691	6
692	0
693	10
694	7
695	4
696	12
697	5
698	2
699	15
700	14
701	9
702	10
703	6
704	0
705	10
706	1
707	0
708	7
709	4
710	9
711	6
712	7
713	12
714	4
715	8
716	5
717	0
718	8
719	11
720	12
721	13
722	6
723	3
724	1
725	6
726	3
727	3
728	13
729	9
730	8
731	4
732	4
733	8
734	9
735	3
736	2
737	11
738	2
739	10
740	3
741	6
742	0
743	3
744	0
745	12
746	13
747	9
748	6
749	6
750	3
751	9
752	14
753	9
754	10
755	0
756	4
757	6
758	1
759	13
760	12
761	3
762	10
763	3
764	9
765	10
766	13
767	10
768	15
769	6
770	0
771	1
772	3
773	5
774	6
775	13
776	2
777	4
778	11
779	12
780	5
781	6
782	7
783	12
784	6
785	11
786	6
787	3
788	13
789	6
790	10
791	8
792	13
793	0
794	9
795	13
796	8
797	13
798	3
799	8
800	7
801	7
802	13
803	5
804	5
805	2
806	0
807	5
808	8
809	15
810	7
811	8
812	9
813	10
814	4
815	8
816	4
817	3
818	10
819	0
820	6
821	10
822	5
823	0
824	12
825	15
826	9
827	8
828	9
829	6
830	3
831	13
832	13
833	3
834	2
835	8
836	11
837	6
838	13
839	12
840	10
841	10
842	11
843	2
844	3
845	8
846	2
847	5
848	3
849	4
850	6
851	9
852	11
853	5
854	11
855	14
856	6
857	6
858	8
859	6
860	12
861	3
862	6
863	0
864	9
865	4
866	6
867	0
868	3
869	11
870	5
871	10
872	7
873	2
874	7
875	9
876	13
877	6
878	10
879	3
880	4
881	12
882	6
883	3
884	6
885	1
886	6
887	1
888	9
889	3
890	13
891	10
892	15
893	9
894	0
895	11
896	1
897	9
898	13
899	2
900	6
901	14
902	6
903	6
904	9
905	4
906	13
907	6
908	8
909	7
910	9
911	2
912	13
913	0
914	6
915	0
916	6
917	8
918	4
919	11
920	13
921	13
922	13
923	6
924	13
925	10
926	8
927	13
928	2
929	8
930	3
931	8
932	2
933	6
934	6
935	10
936	10
937	6
938	10
939	13
940	10
941	14
942	6
943	2
944	4
945	8
946	4
947	13
948	15
949	15
950	13
951	5
952	6
953	2
954	2
955	11
956	8
957	5
958	10
959	6
960	14
961	8
962	15
963	8
964	6
965	7
966	8
967	6
968	3
969	12
970	8
971	14
972	11
973	3
974	0
975	11
976	3
977	12
978	14
979	6
980	2
981	8
982	4
983	10
984	9
985	2
986	12
987	9
988	2
989	11
990	12
991	6
992	2
993	6
994	3
995	6
996	1
997	6
998	14
999	1
1000	2
