1	9
2	2
3	5
4	14
5	10
6	1
7	2
8	13
9	2
10	2
11	1
12	0
13	16
14	12
15	8
16	16
17	13
18	7
19	17
20	1
21	9
22	7
23	0
24	12
25	0
26	14
27	2
28	1
29	0
30	9
31	6
32	10
33	8
34	18
35	18
36	2
37	0
38	6
39	10
40	16
41	14
42	2
43	8
44	0
45	2
46	10
47	10
48	5
49	5
50	6
51	6
52	15
53	2
54	6
55	17
56	8
57	11
58	15
59	10
60	11
61	18
62	2
63	1
64	10
65	10
66	13
67	14
68	10
69	17
70	13
71	14
72	5
73	6
74	8
75	3
76	1
77	8
78	16
79	11
80	10
81	5
82	12
83	2
84	14
85	7
86	17
87	17
88	3
89	5
90	14
91	11
92	10
93	4
94	2
95	6
96	16
97	8
98	14
99	10
100	0
101	14
102	5
103	10
104	5
105	6
106	10
107	10
108	0
109	9
110	2
111	16
112	10
113	5
114	2
115	14
116	17
117	10
118	1
119	1
120	8
121	15
122	7
123	2
124	14
125	3
126	5
127	16
128	16
129	8
130	18
131	16
132	10
133	10
134	7
135	17
136	8
137	3
138	9
139	10
140	2
141	4
142	5
143	14
144	2
145	14
146	16
147	6
148	10
149	14
150	15
151	2
152	9
153	8
154	8
155	17
156	2
157	2
158	3
159	16
160	6
161	6
162	10
163	3
164	10
165	2
166	14
167	2
168	17
169	13
170	5
171	6
172	9
173	17
174	10
175	14
176	7
177	11
178	3
179	14
180	18
181	5
182	2
183	4
184	9
185	15
186	10
187	9
188	0
189	12
190	5
191	2
192	7
193	1
194	18
195	5
196	15
197	12
198	0
199	0
200	5
201	17
202	8
203	5
204	14
205	4
206	6
207	9
208	8
209	2
210	9
211	0
212	3
213	10
214	5
215	2
216	6
217	2
218	1
219	10
220	0
221	4
222	6
223	7
224	9
225	10
226	7
227	6
228	14
229	9
230	1
231	0
232	17
233	17
234	10
235	13
236	10
237	1
238	14
239	8
240	3
241	4
242	17
243	10
244	8
245	10
246	10
247	6
248	5
249	0
250	11
251	9
252	13
253	9
254	1
255	2
256	2
257	2
258	1
259	6
260	5
261	16
262	10
263	2
264	0
265	11
266	10
267	8
268	10
269	5
270	16
271	9
272	10
273	0
274	9
275	14
276	8
277	17
278	17
279	13
280	0
281	4
282	1
283	5
284	8
285	11
286	10
287	1
288	5
289	1
290	6
291	13
292	6
293	8
294	3
295	14
296	11
297	14
298	2
299	10
300	2
301	17
302	3
303	8
304	3
305	6
306	16
307	7
308	14
309	18
310	1
311	17
312	4
313	17
314	11
315	17
316	9
317	2
318	18
319	0
320	10
321	8
322	2
323	13
324	2
325	14
326	4
327	8
328	1
329	2
330	11
331	14
332	13
333	4
334	12
335	4
336	0
337	14
338	6
339	1
340	4
341	1
342	5
343	2
344	1
345	2
346	0
347	3
348	1
349	14
350	1
351	9
352	2
353	5
354	17
355	9
356	10
357	9
358	14
359	6
360	5
361	10
362	14
363	1
364	14
365	18
366	2
367	3
368	10
369	8
370	13
371	14
372	8
373	3
374	4
375	10
376	10
377	0
378	11
379	9
380	10
381	8
382	0
383	10
384	15
385	0
386	2
387	15
388	14
389	10
390	17
391	8
392	2
393	14
394	9
395	14
396	5
397	0
398	10
399	3
400	5
401	9
402	14
403	0
404	13
405	2
406	6
407	10
408	14
409	8
410	6
411	5
412	1
413	2
414	17
415	11
416	7
417	8
418	17
419	17
420	10
421	10
422	17
423	10
424	9
425	8
426	6
427	10
428	13
429	10
430	2
431	7
432	15
433	1
434	3
435	4
436	14
437	1
438	18
439	1
440	10
441	14
442	1
443	17
444	5
445	6
446	14
447	6
448	1
449	6
450	6
451	6
452	4
453	11
454	1
455	5
456	2
457	4
458	1
459	14
460	17
461	14
462	5
463	9
464	4
465	10
466	8
467	9
468	6
469	5
470	10
471	10
472	2
473	17
474	13
475	17
476	15
477	6
478	5
479	2
480	9
481	4
482	6
483	6
484	2
485	3
486	11
487	11
488	9
489	9
490	1
491	11
492	2
493	7
494	14
495	7
496	14
497	6
498	14
499	14
500	6
501	10
502	6
503	10
504	4
505	3
506	9
507	4
508	8
509	2
510	5
511	14
512	12
513	3
514	0
515	10
516	2
517	3
518	12
519	3
520	0
521	15
522	10
523	11
524	15
525	9
526	13
527	6
528	14
529	16
530	6
531	4
532	9
533	14
534	18
535	8
536	6
537	1
538	2
539	5
540	4
541	13
542	16
543	9
544	4
545	6
546	5
547	10
548	14
549	2
550	11
551	8
552	7
553	4
554	1
555	10
556	12
557	4
558	4
559	6
560	8
561	1
562	18
563	10
564	5
565	10
566	4
567	2
568	17
569	4
570	13
571	4
572	6
573	0
574	14
575	8
576	10
577	1
578	5
579	16
580	9
581	11
582	5
583	6
584	10
585	16
586	0
587	8
588	6
589	11
590	13
591	14
592	11
593	0
594	8
595	4
596	2
597	1
598	10
599	0
600	13
601	15
602	13
603	11
604	17
605	11
606	1
607	14
608	8
609	9
610	10
611	14
612	2
613	10
614	6
615	17
616	6
617	10
618	14
619	13
620	4
621	16
622	3
623	6
624	17
625	10
626	2
627	16
628	18
629	10
630	11
631	17
632	17
633	2
634	8
635	17
636	10
637	4
638	17
639	5
640	7
641	1
642	8
643	6
644	4
645	7
646	5
647	2
648	10
649	8
650	10
651	6
652	1
653	0
654	1
655	8
656	3
657	8
658	10
659	17
660	5
661	5
662	8
663	10
664	1
665	5
666	10
667	10
668	5
669	6
670	10
671	3
672	14
673	8
674	9
675	5
676	3
677	13
678	4
679	12
680	10
681	0
682	2
683	17
684	8
685	10
686	10
687	5
688	9
689	10
690	3
691	16
692	2
693	15
694	10
695	10
696	17
697	14
698	14
699	10
700	1
701	14
702	9
703	1
704	6
705	15
706	2
707	16
708	16
709	2
710	6
711	1
712	10
713	6
714	5
715	13
716	12
717	10
718	11
719	10
720	6
721	14
722	8
723	2
724	0
725	14
726	17
727	6
728	14
729	4
730	14
731	10
732	10
733	16
734	10
735	7
736	0
737	14
738	16
739	0
740	1
741	5
742	6
743	10
744	17
745	10
746	4
747	1
748	8
749	7
750	2
751	13
752	2
753	0
754	14
755	6
756	17
757	17
758	8
759	2
760	10
761	4
762	10
763	6
764	16
765	17
766	4
767	15
768	12
769	10
770	13
771	2
772	5
773	1
774	14
775	8
776	14
777	9
778	14
779	2
780	16
781	13
782	10
783	8
784	14
785	4
786	10
787	2
788	8
789	1
790	17
791	1
792	3
793	14
794	1
795	11
796	14
797	8
798	11
799	9
800	2
801	18
802	0
803	14
804	10
805	17
806	1
807	7
808	14
809	10
810	4
811	3
812	6
813	5
814	7
815	8
816	2
817	9
818	16
819	2
820	6
821	6
822	10
823	9
824	10
825	10
826	11
827	17
828	14
829	14
830	1
831	14
832	3
833	9
834	0
835	5
836	17
837	16
838	1
839	0
840	15
841	10
842	4
843	16
844	5
845	11
846	11
847	13
848	14
849	0
850	17
851	8
852	1
853	6
854	1
855	4
856	15
857	18
858	11
859	8
860	9
861	10
862	14
863	1
864	4
865	10
866	3
867	8
868	4
869	14
870	0
871	18
872	6
873	1
874	0
875	6
876	0
877	17
878	10
879	11
880	15
881	6
882	9
883	10
884	14
885	10
886	16
887	0
888	0
889	6
890	6
891	0
892	2
893	10
894	6
895	6
896	8
897	10
898	10
899	1
900	4
901	10
902	5
903	7
904	8
905	0
906	5
907	4
908	8
909	7
910	17
911	1
912	10
913	18
914	10
915	17
916	1
917	10
918	6
919	3
920	16
921	16
922	16
923	10
924	3
925	8
926	14
927	14
928	5
929	6
930	15
931	14
932	2
933	17
934	8
935	8
936	8
937	8
938	18
939	10
940	7
941	10
942	6
943	2
944	8
945	8
946	6
947	3
948	16
949	3
950	1
951	17
952	10
953	9
954	18
955	14
956	10
957	1
958	17
959	10
960	13
961	8
962	17
963	1
964	14
965	10
966	1
967	4
968	5
969	10
970	11
971	18
972	2
973	9
974	17
975	11
976	6
977	3
978	6
979	14
980	2
981	5
982	14
983	7
984	0
985	6
986	16
987	13
988	16
989	0
990	10
991	0
992	10
993	10
994	11
995	14
996	13
997	10
998	2
999	11
1000	15
