1	29
2	18
3	12
4	15
5	28
6	26
7	7
8	2
9	9
10	2
11	23
12	23
13	2
14	32
15	5
16	12
17	27
18	8
19	14
20	10
21	34
22	10
23	9
24	9
25	6
26	0
27	25
28	18
29	24
30	8
31	23
32	32
33	16
34	23
35	23
36	11
37	24
38	26
39	19
40	25
41	2
42	8
43	24
44	9
45	1
46	17
47	31
48	25
49	23
50	14
51	6
52	23
53	24
54	23
55	3
56	4
57	12
58	32
59	24
60	23
61	11
62	17
63	29
64	1
65	6
66	9
67	32
68	33
69	13
70	16
71	17
72	10
73	7
74	24
75	2
76	18
77	33
78	11
79	31
80	1
81	33
82	6
83	25
84	17
85	6
86	35
87	24
88	29
89	4
90	9
91	23
92	8
93	6
94	33
95	24
96	0
97	23
98	29
99	16
100	16
101	33
102	5
103	2
104	23
105	10
106	8
107	5
108	8
109	24
110	19
111	10
112	2
113	24
114	9
115	11
116	33
117	23
118	18
119	9
120	32
121	35
122	19
123	35
124	14
125	22
126	2
127	30
128	6
129	8
130	23
131	33
132	2
133	8
134	9
135	25
136	35
137	17
138	2
139	33
140	30
141	13
142	10
143	29
144	6
145	12
146	24
147	6
148	26
149	8
150	4
151	28
152	24
153	20
154	30
155	2
156	12
157	6
158	13
159	11
160	29
161	31
162	6
163	15
164	9
165	16
166	8
167	20
168	4
169	19
170	24
171	13
172	19
173	29
174	15
175	18
176	33
177	8
178	14
179	19
180	8
181	12
182	22
183	1
184	24
185	26
186	33
187	6
188	3
189	9
190	30
191	4
192	2
193	25
194	23
195	6
196	29
197	14
198	6
199	28
200	7
201	25
202	35
203	17
204	8
205	24
206	15
207	25
208	12
209	35
210	32
211	30
212	35
213	6
214	30
215	6
216	34
217	18
218	29
219	12
220	31
221	35
222	8
223	23
224	23
225	6
226	18
227	7
228	30
229	29
230	27
231	2
232	22
233	12
234	22
235	20
236	35
237	13
238	9
239	17
240	2
241	2
242	4
243	2
244	26
245	25
246	9
247	8
248	24
249	24
250	23
251	32
252	2
253	27
254	35
255	29
256	24
257	7
258	22
259	7
260	19
261	24
262	25
263	22
264	0
265	2
266	9
267	18
268	2
269	9
270	17
271	25
272	3
273	4
274	6
275	4
276	21
277	15
278	18
279	8
280	32
281	14
282	6
283	26
284	0
285	15
286	25
287	11
288	10
289	6
290	25
291	7
292	22
293	4
294	8
295	24
296	22
297	23
298	1
299	11
300	23
301	30
302	2
303	20
304	24
305	5
306	6
307	25
308	1
309	11
310	9
311	31
312	2
313	35
314	4
315	7
316	32
317	4
318	23
319	11
320	23
321	9
322	26
323	19
324	11
325	12
326	21
327	21
328	30
329	7
330	7
331	12
332	21
333	9
334	16
335	12
336	30
337	6
338	21
339	14
340	4
341	5
342	6
343	5
344	22
345	5
346	2
347	3
348	21
349	3
350	27
351	26
352	0
353	28
354	17
355	19
356	6
357	18
358	34
359	21
360	34
361	11
362	26
363	31
364	12
365	8
366	16
367	1
368	1
369	3
370	14
371	32
372	27
373	0
374	34
375	5
376	34
377	22
378	8
379	2
380	34
381	3
382	9
383	31
384	1
385	16
386	19
387	18
388	0
389	0
390	8
391	8
392	1
393	18
394	21
395	5
396	3
397	30
398	18
399	28
400	3
401	7
402	18
403	31
404	11
405	34
406	22
407	7
408	1
409	8
410	3
411	28
412	32
413	15
414	28
415	10
416	20
417	7
418	20
419	19
420	8
421	12
422	19
423	18
424	5
425	31
426	32
427	21
428	30
429	34
430	28
431	28
432	0
433	20
434	20
435	17
436	17
437	26
438	13
439	20
440	32
441	13
442	14
443	21
444	30
445	12
446	12
447	16
448	8
449	22
450	18
451	31
452	3
453	19
454	15
455	12
456	5
457	3
458	12
459	10
460	15
461	32
462	9
463	5
464	18
465	14
466	27
467	32
468	19
469	12
470	0
471	15
472	3
473	0
474	4
475	30
476	16
477	30
478	8
479	19
480	26
481	7
482	21
483	27
484	27
485	12
486	22
487	6
488	6
489	28
490	26
491	27
492	28
493	31
494	34
495	10
496	18
497	16
498	0
499	11
500	3
501	27
502	21
503	9
504	6
505	6
506	26
507	11
508	8
509	34
510	32
511	7
512	5
513	26
514	9
515	9
516	4
517	25
518	13
519	10
520	8
521	3
522	16
523	21
524	14
525	31
526	17
527	28
528	25
529	3
530	10
531	13
532	26
533	32
534	31
535	8
536	1
537	5
538	25
539	12
540	6
541	17
542	16
543	34
544	13
545	6
546	19
547	9
548	34
549	18
550	1
551	22
552	9
553	7
554	21
555	28
556	9
557	14
558	0
559	16
560	28
561	32
562	27
563	11
564	22
565	27
566	21
567	22
568	22
569	17
570	18
571	16
572	13
573	19
574	17
575	15
576	21
577	27
578	1
579	19
580	13
581	20
582	26
583	34
584	3
585	28
586	27
587	11
588	13
589	9
590	26
591	3
592	10
593	27
594	13
595	0
596	6
597	27
598	11
599	16
600	1
601	8
602	28
603	34
604	34
605	10
606	5
607	15
608	5
609	20
610	14
611	18
612	11
613	21
614	17
615	18
616	34
617	18
618	27
619	20
620	5
621	5
622	21
623	0
624	16
625	14
626	0
627	14
628	21
629	34
630	17
631	15
632	20
633	12
634	20
635	1
636	20
637	12
638	21
639	25
640	1
641	16
642	0
643	0
644	11
645	20
646	34
647	12
648	7
649	13
650	32
651	20
652	19
653	22
654	34
655	34
656	13
657	16
658	27
659	26
660	15
661	3
662	17
663	0
664	11
665	15
666	1
667	8
668	22
669	16
670	3
671	14
672	7
673	11
674	11
675	32
676	21
677	1
678	8
679	0
680	27
681	7
682	9
683	11
684	20
685	8
686	22
687	17
688	31
689	31
690	18
691	20
692	22
693	9
694	0
695	13
696	1
697	34
698	10
699	27
700	22
701	5
702	6
703	16
704	9
705	16
706	14
707	16
708	16
709	34
710	7
711	17
712	1
713	16
714	12
715	15
716	13
717	7
718	14
719	13
720	10
721	5
722	7
723	3
724	19
725	3
726	10
727	10
728	18
729	14
730	31
731	10
732	34
733	15
734	9
735	31
736	0
737	20
738	3
739	13
740	3
741	20
742	20
743	15
744	20
745	13
746	15
747	19
748	34
749	31
750	15
751	3
752	3
753	13
754	20
755	15
756	19
757	6
758	15
759	15
760	0
761	22
762	34
763	20
764	18
765	10
766	5
767	13
768	8
769	11
770	34
771	7
772	19
773	1
774	34
775	10
776	20
777	11
778	13
779	21
780	8
781	7
782	5
783	9
784	15
785	32
786	1
787	13
788	8
789	10
790	21
791	32
792	31
793	13
794	34
795	34
796	5
797	5
798	32
799	20
800	19
801	22
802	16
803	13
804	9
805	15
806	14
807	1
808	16
809	1
810	7
811	8
812	9
813	8
814	10
815	11
816	12
817	0
818	0
819	1
820	32
821	3
822	14
823	11
824	14
825	7
826	18
827	32
828	14
829	1
830	16
831	1
832	21
833	21
834	9
835	31
836	3
837	15
838	1
839	3
840	9
841	21
842	31
843	5
844	31
845	34
846	14
847	3
848	21
849	21
850	21
851	20
852	16
853	3
854	21
855	10
856	13
857	15
858	34
859	11
860	15
861	16
862	5
863	16
864	16
865	3
866	1
867	7
868	7
869	5
870	34
871	10
872	12
873	11
874	18
875	5
876	1
877	21
878	1
879	10
880	11
881	16
882	31
883	12
884	16
885	1
886	7
887	11
888	5
889	11
890	7
891	3
892	31
893	34
894	12
895	5
896	11
897	16
898	31
899	12
900	31
901	12
902	34
903	21
904	5
905	31
906	31
907	16
908	31
909	31
910	14
911	1
912	3
913	1
914	10
915	12
916	16
917	1
918	12
919	34
920	21
921	1
922	31
923	3
924	16
925	34
926	31
927	10
928	3
929	10
930	3
931	12
932	14
933	1
934	10
935	1
936	34
937	16
938	34
939	21
940	1
941	11
942	31
943	14
944	14
945	14
946	10
947	21
948	14
949	1
950	14
951	12
952	1
953	12
954	16
955	10
956	16
957	14
958	21
959	31
960	14
961	14
962	10
963	31
964	34
965	31
966	1
967	31
968	14
969	34
970	10
971	10
972	1
973	16
974	10
975	10
976	3
977	1
978	14
979	10
980	1
981	1
982	3
983	34
984	14
985	3
986	14
987	3
988	14
989	14
990	34
991	10
992	1
993	1
994	3
995	34
996	3
997	34
998	1
999	10
1000	10
