1	25
2	30
3	10
4	33
5	3
6	10
7	8
8	31
9	24
10	26
11	3
12	29
13	18
14	24
15	10
16	23
17	32
18	9
19	20
20	23
21	0
22	8
23	25
24	34
25	34
26	3
27	2
28	8
29	26
30	27
31	12
32	10
33	31
34	26
35	7
36	24
37	23
38	13
39	17
40	20
41	23
42	31
43	3
44	0
45	24
46	25
47	23
48	4
49	25
50	4
51	1
52	23
53	13
54	34
55	27
56	6
57	8
58	27
59	8
60	19
61	21
62	21
63	23
64	20
65	11
66	23
67	10
68	34
69	11
70	23
71	15
72	13
73	24
74	3
75	24
76	33
77	33
78	13
79	3
80	31
81	8
82	30
83	14
84	2
85	31
86	5
87	13
88	3
89	33
90	17
91	0
92	24
93	31
94	6
95	12
96	23
97	25
98	10
99	21
100	31
101	5
102	30
103	0
104	29
105	20
106	31
107	24
108	25
109	3
110	23
111	22
112	32
113	9
114	22
115	12
116	4
117	23
118	28
119	19
120	1
121	25
122	2
123	2
124	7
125	34
126	34
127	26
128	23
129	25
130	34
131	1
132	32
133	28
134	3
135	8
136	8
137	9
138	27
139	24
140	10
141	4
142	7
143	10
144	9
145	32
146	10
147	7
148	9
149	3
150	17
151	29
152	15
153	30
154	26
155	17
156	34
157	6
158	24
159	29
160	19
161	24
162	20
163	17
164	12
165	7
166	10
167	2
168	34
169	34
170	22
171	24
172	11
173	27
174	34
175	34
176	16
177	5
178	9
179	13
180	7
181	27
182	15
183	26
184	14
185	12
186	28
187	21
188	10
189	27
190	19
191	22
192	27
193	3
194	25
195	18
196	26
197	14
198	1
199	32
200	34
201	34
202	9
203	34
204	3
205	19
206	2
207	3
208	7
209	20
210	1
211	13
212	23
213	1
214	30
215	3
216	26
217	11
218	7
219	7
220	28
221	17
222	16
223	28
224	23
225	9
226	16
227	16
228	15
229	20
230	18
231	10
232	26
233	18
234	9
235	16
236	12
237	33
238	28
239	33
240	25
241	29
242	12
243	30
244	23
245	2
246	15
247	25
248	1
249	16
250	5
251	3
252	9
253	22
254	34
255	32
256	32
257	20
258	13
259	6
260	20
261	16
262	27
263	14
264	6
265	19
266	30
267	32
268	21
269	12
270	28
271	0
272	8
273	6
274	1
275	8
276	7
277	2
278	20
279	21
280	3
281	33
282	19
283	7
284	7
285	11
286	8
287	12
288	23
289	13
290	21
291	3
292	23
293	7
294	22
295	21
296	3
297	21
298	15
299	21
300	20
301	29
302	16
303	18
304	34
305	29
306	26
307	26
308	20
309	34
310	28
311	22
312	18
313	14
314	15
315	23
316	24
317	10
318	8
319	29
320	19
321	31
322	33
323	2
324	13
325	20
326	20
327	15
328	6
329	29
330	3
331	33
332	0
333	8
334	1
335	28
336	4
337	8
338	31
339	5
340	5
341	6
342	7
343	8
344	15
345	1
346	3
347	4
348	12
349	3
350	22
351	11
352	3
353	12
354	29
355	11
356	10
357	11
358	33
359	7
360	13
361	29
362	2
363	27
364	13
365	30
366	25
367	13
368	15
369	18
370	30
371	4
372	0
373	32
374	0
375	21
376	3
377	23
378	30
379	18
380	34
381	31
382	22
383	28
384	18
385	34
386	10
387	2
388	10
389	16
390	4
391	0
392	33
393	33
394	26
395	23
396	22
397	24
398	22
399	2
400	34
401	13
402	6
403	16
404	27
405	30
406	4
407	30
408	17
409	11
410	6
411	0
412	3
413	14
414	34
415	2
416	31
417	7
418	7
419	15
420	0
421	1
422	6
423	24
424	30
425	14
426	22
427	16
428	5
429	1
430	32
431	29
432	14
433	2
434	8
435	16
436	2
437	7
438	13
439	22
440	18
441	5
442	11
443	10
444	30
445	27
446	4
447	13
448	30
449	11
450	28
451	17
452	25
453	29
454	21
455	14
456	2
457	20
458	16
459	34
460	28
461	21
462	16
463	2
464	34
465	16
466	19
467	2
468	0
469	34
470	23
471	11
472	24
473	20
474	27
475	15
476	29
477	28
478	1
479	0
480	26
481	15
482	16
483	4
484	21
485	16
486	7
487	15
488	18
489	0
490	1
491	9
492	17
493	21
494	23
495	20
496	17
497	10
498	6
499	14
500	32
501	5
502	31
503	15
504	18
505	8
506	27
507	0
508	23
509	13
510	8
511	20
512	18
513	13
514	6
515	1
516	7
517	21
518	27
519	2
520	7
521	7
522	19
523	29
524	0
525	18
526	2
527	27
528	29
529	13
530	19
531	14
532	14
533	8
534	5
535	14
536	14
537	7
538	8
539	29
540	10
541	22
542	4
543	24
544	19
545	23
546	10
547	0
548	8
549	24
550	30
551	10
552	30
553	29
554	4
555	27
556	7
557	32
558	32
559	0
560	22
561	4
562	6
563	0
564	17
565	22
566	18
567	30
568	24
569	24
570	32
571	30
572	8
573	2
574	29
575	23
576	15
577	17
578	23
579	17
580	9
581	9
582	10
583	20
584	2
585	4
586	18
587	13
588	18
589	30
590	23
591	7
592	10
593	20
594	21
595	2
596	1
597	24
598	2
599	7
600	32
601	9
602	5
603	19
604	30
605	7
606	18
607	18
608	5
609	2
610	8
611	24
612	20
613	5
614	24
615	27
616	5
617	27
618	32
619	19
620	30
621	30
622	24
623	29
624	4
625	16
626	9
627	24
628	31
629	20
630	18
631	30
632	14
633	5
634	7
635	0
636	31
637	5
638	31
639	1
640	0
641	24
642	30
643	16
644	9
645	2
646	20
647	1
648	32
649	15
650	9
651	10
652	16
653	19
654	31
655	18
656	1
657	5
658	1
659	31
660	19
661	13
662	24
663	27
664	15
665	10
666	13
667	4
668	27
669	21
670	0
671	2
672	0
673	21
674	7
675	1
676	31
677	24
678	1
679	2
680	10
681	16
682	9
683	10
684	32
685	21
686	21
687	19
688	30
689	2
690	29
691	5
692	17
693	32
694	16
695	9
696	4
697	14
698	30
699	0
700	29
701	4
702	29
703	19
704	32
705	11
706	8
707	20
708	11
709	9
710	16
711	16
712	13
713	15
714	2
715	0
716	14
717	13
718	5
719	7
720	18
721	16
722	27
723	5
724	20
725	0
726	8
727	18
728	30
729	20
730	15
731	27
732	2
733	14
734	17
735	8
736	29
737	27
738	16
739	31
740	31
741	31
742	4
743	29
744	4
745	17
746	10
747	29
748	16
749	31
750	14
751	21
752	1
753	5
754	5
755	4
756	17
757	30
758	14
759	9
760	8
761	4
762	7
763	29
764	1
765	17
766	27
767	29
768	1
769	11
770	7
771	17
772	9
773	13
774	8
775	14
776	14
777	14
778	14
779	2
780	2
781	11
782	16
783	29
784	21
785	29
786	10
787	10
788	11
789	8
790	14
791	29
792	14
793	0
794	10
795	11
796	24
797	11
798	14
799	9
800	1
801	7
802	1
803	31
804	14
805	8
806	20
807	30
808	11
809	21
810	0
811	9
812	10
813	11
814	2
815	16
816	8
817	7
818	2
819	1
820	24
821	0
822	21
823	9
824	31
825	14
826	24
827	9
828	27
829	1
830	8
831	7
832	27
833	8
834	0
835	2
836	31
837	2
838	17
839	13
840	2
841	21
842	16
843	17
844	20
845	16
846	14
847	20
848	1
849	7
850	11
851	11
852	8
853	11
854	9
855	17
856	0
857	30
858	24
859	31
860	11
861	16
862	13
863	17
864	30
865	7
866	2
867	0
868	13
869	13
870	11
871	0
872	27
873	17
874	8
875	7
876	9
877	16
878	27
879	27
880	2
881	2
882	21
883	31
884	9
885	1
886	16
887	29
888	2
889	10
890	13
891	1
892	0
893	13
894	14
895	13
896	30
897	21
898	13
899	17
900	30
901	17
902	9
903	24
904	27
905	16
906	1
907	7
908	14
909	17
910	20
911	27
912	21
913	14
914	17
915	14
916	27
917	0
918	29
919	24
920	20
921	17
922	8
923	10
924	29
925	21
926	21
927	24
928	9
929	10
930	7
931	27
932	7
933	7
934	30
935	8
936	8
937	16
938	10
939	10
940	16
941	24
942	9
943	14
944	20
945	17
946	17
947	14
948	13
949	9
950	2
951	21
952	24
953	30
954	17
955	17
956	24
957	16
958	21
959	27
960	0
961	9
962	8
963	9
964	9
965	0
966	16
967	17
968	2
969	21
970	20
971	17
972	17
973	17
974	30
975	20
976	21
977	21
978	20
979	30
980	2
981	20
982	24
983	20
984	17
985	7
986	8
987	2
988	17
989	20
990	20
991	17
992	21
993	17
994	21
995	21
996	16
997	21
998	16
999	21
1000	2
