1	20
2	22
3	24
4	11
5	8
6	8
7	25
8	4
9	7
10	19
11	25
12	15
13	7
14	5
15	15
16	17
17	17
18	2
19	18
20	15
21	3
22	20
23	25
24	4
25	19
26	21
27	19
28	6
29	28
30	12
31	11
32	9
33	20
34	30
35	27
36	11
37	28
38	11
39	18
40	18
41	10
42	12
43	16
44	3
45	30
46	17
47	19
48	8
49	6
50	7
51	13
52	24
53	30
54	2
55	15
56	10
57	4
58	1
59	30
60	11
61	3
62	9
63	14
64	28
65	18
66	20
67	0
68	9
69	15
70	0
71	13
72	19
73	23
74	8
75	18
76	1
77	11
78	8
79	11
80	29
81	18
82	27
83	25
84	18
85	14
86	16
87	30
88	21
89	9
90	8
91	4
92	6
93	11
94	28
95	22
96	16
97	17
98	12
99	26
100	26
101	18
102	0
103	8
104	22
105	27
106	20
107	19
108	25
109	28
110	26
111	4
112	7
113	12
114	0
115	16
116	29
117	21
118	10
119	20
120	23
121	16
122	5
123	9
124	21
125	24
126	5
127	26
128	19
129	23
130	20
131	21
132	23
133	14
134	9
135	11
136	30
137	4
138	23
139	7
140	7
141	24
142	17
143	8
144	23
145	13
146	5
147	11
148	18
149	23
150	6
151	26
152	20
153	5
154	22
155	10
156	4
157	21
158	28
159	17
160	18
161	8
162	20
163	14
164	5
165	23
166	19
167	8
168	21
169	30
170	29
171	5
172	20
173	27
174	22
175	10
176	19
177	10
178	28
179	20
180	25
181	10
182	13
183	26
184	8
185	8
186	3
187	1
188	19
189	0
190	24
191	6
192	8
193	21
194	23
195	23
196	0
197	16
198	0
199	6
200	5
201	1
202	28
203	11
204	17
205	25
206	27
207	17
208	18
209	1
210	0
211	9
212	3
213	4
214	22
215	29
216	14
217	26
218	20
219	29
220	29
221	11
222	27
223	22
224	15
225	7
226	21
227	12
228	10
229	11
230	13
231	10
232	4
233	29
234	9
235	18
236	15
237	14
238	13
239	6
240	6
241	2
242	8
243	1
244	30
245	1
246	29
247	11
248	0
249	5
250	15
251	30
252	4
253	20
254	13
255	13
256	1
257	19
258	4
259	20
260	13
261	8
262	13
263	3
264	9
265	3
266	0
267	29
268	27
269	10
270	4
271	20
272	25
273	10
274	22
275	26
276	25
277	11
278	8
279	8
280	11
281	26
282	13
283	0
284	0
285	26
286	20
287	20
288	19
289	15
290	13
291	1
292	21
293	18
294	9
295	20
296	5
297	19
298	15
299	9
300	15
301	17
302	16
303	9
304	15
305	5
306	1
307	0
308	4
309	16
310	4
311	9
312	7
313	30
314	19
315	20
316	22
317	21
318	10
319	14
320	27
321	28
322	18
323	20
324	23
325	11
326	17
327	9
328	21
329	17
330	24
331	21
332	23
333	20
334	3
335	3
336	23
337	6
338	10
339	6
340	5
341	6
342	3
343	1
344	1
345	18
346	3
347	4
348	8
349	15
350	12
351	12
352	11
353	27
354	9
355	25
356	2
357	9
358	8
359	14
360	23
361	28
362	27
363	5
364	10
365	28
366	5
367	24
368	21
369	17
370	20
371	21
372	27
373	7
374	12
375	10
376	17
377	20
378	5
379	16
380	14
381	6
382	7
383	13
384	30
385	22
386	6
387	29
388	8
389	19
390	22
391	10
392	11
393	23
394	1
395	6
396	1
397	16
398	2
399	18
400	29
401	29
402	17
403	29
404	1
405	17
406	21
407	2
408	21
409	10
410	29
411	3
412	13
413	19
414	17
415	22
416	14
417	6
418	12
419	27
420	14
421	14
422	13
423	16
424	17
425	4
426	24
427	18
428	5
429	3
430	2
431	16
432	17
433	30
434	24
435	0
436	17
437	21
438	2
439	21
440	21
441	24
442	28
443	29
444	30
445	24
446	12
447	0
448	3
449	26
450	1
451	11
452	11
453	0
454	30
455	3
456	10
457	11
458	26
459	9
460	11
461	7
462	12
463	7
464	16
465	10
466	12
467	24
468	5
469	7
470	21
471	13
472	0
473	18
474	24
475	13
476	30
477	2
478	27
479	21
480	8
481	26
482	17
483	18
484	13
485	9
486	30
487	10
488	8
489	15
490	29
491	23
492	22
493	7
494	15
495	16
496	10
497	2
498	19
499	22
500	16
501	6
502	0
503	5
504	2
505	2
506	25
507	18
508	27
509	26
510	29
511	10
512	2
513	15
514	4
515	3
516	27
517	30
518	30
519	16
520	9
521	23
522	3
523	22
524	4
525	13
526	25
527	17
528	27
529	28
530	3
531	5
532	2
533	15
534	0
535	0
536	28
537	25
538	24
539	23
540	0
541	22
542	25
543	3
544	27
545	3
546	16
547	6
548	2
549	23
550	5
551	28
552	30
553	7
554	23
555	7
556	15
557	8
558	18
559	6
560	2
561	8
562	30
563	9
564	19
565	29
566	9
567	25
568	8
569	6
570	9
571	27
572	27
573	0
574	3
575	24
576	16
577	27
578	11
579	5
580	30
581	21
582	27
583	30
584	19
585	7
586	2
587	3
588	7
589	13
590	22
591	12
592	18
593	16
594	16
595	18
596	3
597	1
598	3
599	19
600	22
601	21
602	10
603	2
604	13
605	22
606	15
607	9
608	8
609	27
610	21
611	10
612	4
613	13
614	12
615	6
616	8
617	15
618	6
619	10
620	23
621	19
622	0
623	6
624	3
625	8
626	2
627	17
628	11
629	3
630	4
631	7
632	22
633	8
634	4
635	23
636	23
637	15
638	7
639	23
640	16
641	13
642	23
643	3
644	16
645	3
646	30
647	12
648	19
649	9
650	19
651	3
652	16
653	13
654	21
655	7
656	1
657	27
658	23
659	11
660	19
661	8
662	22
663	22
664	17
665	7
666	23
667	12
668	3
669	8
670	23
671	16
672	18
673	8
674	5
675	9
676	24
677	27
678	7
679	29
680	9
681	7
682	12
683	3
684	10
685	13
686	22
687	30
688	11
689	19
690	4
691	9
692	16
693	27
694	17
695	24
696	27
697	9
698	5
699	2
700	22
701	2
702	17
703	21
704	5
705	21
706	3
707	18
708	27
709	4
710	13
711	12
712	7
713	1
714	6
715	11
716	10
717	0
718	9
719	5
720	6
721	18
722	17
723	13
724	8
725	6
726	6
727	5
728	9
729	9
730	23
731	5
732	10
733	6
734	4
735	1
736	0
737	9
738	15
739	30
740	2
741	24
742	9
743	9
744	0
745	7
746	5
747	18
748	9
749	11
750	2
751	16
752	4
753	10
754	19
755	15
756	10
757	10
758	24
759	30
760	13
761	24
762	17
763	19
764	29
765	29
766	2
767	23
768	2
769	4
770	17
771	9
772	4
773	11
774	9
775	5
776	11
777	18
778	6
779	13
780	8
781	22
782	29
783	0
784	0
785	22
786	3
787	2
788	0
789	3
790	5
791	4
792	10
793	17
794	19
795	18
796	19
797	13
798	15
799	27
800	5
801	11
802	15
803	18
804	10
805	30
806	0
807	17
808	6
809	16
810	2
811	6
812	7
813	4
814	3
815	2
816	2
817	2
818	5
819	2
820	3
821	3
822	18
823	22
824	6
825	6
826	22
827	23
828	16
829	17
830	22
831	18
832	30
833	8
834	9
835	30
836	13
837	11
838	15
839	23
840	27
841	16
842	5
843	27
844	3
845	5
846	19
847	17
848	5
849	5
850	18
851	5
852	6
853	7
854	2
855	2
856	3
857	10
858	22
859	22
860	9
861	23
862	11
863	3
864	13
865	2
866	13
867	5
868	18
869	11
870	19
871	6
872	18
873	15
874	15
875	7
876	17
877	0
878	6
879	4
880	21
881	3
882	23
883	19
884	19
885	19
886	5
887	6
888	2
889	30
890	2
891	9
892	6
893	16
894	16
895	16
896	19
897	0
898	17
899	21
900	13
901	11
902	5
903	3
904	21
905	16
906	21
907	0
908	9
909	30
910	27
911	6
912	9
913	22
914	22
915	3
916	6
917	9
918	18
919	21
920	13
921	30
922	17
923	11
924	21
925	11
926	30
927	3
928	30
929	17
930	22
931	13
932	27
933	17
934	9
935	5
936	11
937	27
938	16
939	0
940	21
941	3
942	10
943	5
944	9
945	27
946	9
947	10
948	17
949	13
950	18
951	6
952	0
953	11
954	23
955	13
956	9
957	30
958	23
959	30
960	21
961	30
962	23
963	2
964	22
965	22
966	30
967	9
968	22
969	11
970	22
971	6
972	9
973	9
974	21
975	10
976	5
977	22
978	2
979	21
980	21
981	5
982	13
983	21
984	17
985	17
986	30
987	5
988	22
989	30
990	23
991	6
992	6
993	23
994	11
995	3
996	21
997	13
998	23
999	23
1000	3
