1	20
2	33
3	7
4	9
5	15
6	0
7	22
8	12
9	31
10	9
11	23
12	33
13	8
14	2
15	20
16	4
17	24
18	13
19	34
20	24
21	27
22	6
23	28
24	16
25	23
26	7
27	2
28	29
29	26
30	7
31	30
32	9
33	6
34	10
35	15
36	32
37	11
38	19
39	33
40	28
41	20
42	25
43	31
44	1
45	5
46	14
47	19
48	5
49	24
50	0
51	21
52	31
53	34
54	23
55	16
56	15
57	24
58	11
59	16
60	18
61	2
62	6
63	20
64	7
65	5
66	6
67	7
68	7
69	10
70	7
71	9
72	0
73	22
74	29
75	24
76	0
77	12
78	22
79	27
80	2
81	29
82	20
83	5
84	23
85	30
86	20
87	19
88	24
89	22
90	8
91	11
92	18
93	16
94	15
95	6
96	26
97	16
98	10
99	22
100	16
101	12
102	6
103	3
104	2
105	8
106	2
107	30
108	30
109	7
110	25
111	33
112	3
113	16
114	31
115	29
116	30
117	21
118	34
119	22
120	32
121	2
122	15
123	24
124	15
125	15
126	20
127	9
128	18
129	5
130	7
131	24
132	22
133	18
134	18
135	9
136	2
137	5
138	24
139	26
140	5
141	0
142	22
143	3
144	1
145	28
146	24
147	9
148	2
149	4
150	26
151	9
152	10
153	21
154	31
155	34
156	14
157	16
158	22
159	10
160	31
161	26
162	32
163	6
164	27
165	1
166	5
167	19
168	9
169	29
170	19
171	9
172	8
173	29
174	17
175	23
176	6
177	12
178	23
179	19
180	22
181	18
182	9
183	24
184	2
185	34
186	16
187	25
188	33
189	11
190	28
191	11
192	16
193	21
194	12
195	10
196	27
197	0
198	2
199	18
200	4
201	22
202	13
203	25
204	6
205	4
206	7
207	2
208	0
209	23
210	17
211	21
212	15
213	27
214	6
215	2
216	20
217	10
218	2
219	19
220	25
221	20
222	4
223	29
224	9
225	2
226	13
227	31
228	19
229	28
230	24
231	34
232	8
233	2
234	2
235	27
236	6
237	6
238	32
239	16
240	7
241	27
242	16
243	28
244	18
245	28
246	20
247	12
248	7
249	31
250	29
251	1
252	1
253	25
254	32
255	0
256	9
257	3
258	24
259	4
260	31
261	5
262	4
263	7
264	9
265	10
266	3
267	4
268	22
269	13
270	21
271	29
272	0
273	7
274	9
275	5
276	6
277	25
278	15
279	27
280	0
281	23
282	3
283	4
284	22
285	8
286	2
287	5
288	34
289	26
290	22
291	9
292	23
293	10
294	22
295	16
296	0
297	21
298	20
299	17
300	26
301	26
302	32
303	1
304	7
305	16
306	34
307	1
308	26
309	16
310	17
311	34
312	32
313	24
314	17
315	1
316	32
317	13
318	32
319	23
320	8
321	5
322	16
323	22
324	21
325	12
326	4
327	13
328	16
329	29
330	27
331	0
332	33
333	29
334	5
335	25
336	21
337	17
338	2
339	23
340	4
341	5
342	6
343	7
344	0
345	17
346	2
347	3
348	24
349	5
350	10
351	27
352	25
353	28
354	32
355	21
356	1
357	23
358	6
359	31
360	13
361	25
362	0
363	4
364	6
365	30
366	1
367	7
368	21
369	28
370	9
371	32
372	17
373	12
374	14
375	8
376	19
377	22
378	21
379	10
380	18
381	3
382	12
383	17
384	34
385	21
386	0
387	16
388	30
389	11
390	32
391	18
392	11
393	12
394	22
395	10
396	24
397	12
398	7
399	23
400	13
401	7
402	21
403	0
404	34
405	20
406	34
407	27
408	2
409	3
410	3
411	24
412	7
413	15
414	0
415	31
416	24
417	22
418	33
419	3
420	6
421	14
422	13
423	21
424	19
425	28
426	7
427	16
428	26
429	5
430	14
431	32
432	1
433	20
434	28
435	20
436	0
437	21
438	16
439	14
440	31
441	32
442	31
443	24
444	10
445	6
446	33
447	19
448	2
449	3
450	0
451	17
452	31
453	22
454	23
455	4
456	17
457	19
458	9
459	5
460	24
461	30
462	10
463	33
464	12
465	31
466	22
467	6
468	14
469	26
470	25
471	26
472	4
473	12
474	12
475	33
476	11
477	8
478	24
479	12
480	22
481	20
482	12
483	26
484	33
485	1
486	29
487	19
488	18
489	24
490	18
491	24
492	10
493	30
494	34
495	7
496	32
497	14
498	31
499	6
500	23
501	10
502	9
503	25
504	14
505	0
506	24
507	4
508	22
509	11
510	21
511	22
512	24
513	26
514	1
515	13
516	1
517	19
518	19
519	32
520	30
521	21
522	16
523	4
524	0
525	7
526	17
527	12
528	1
529	4
530	25
531	16
532	20
533	11
534	6
535	20
536	5
537	19
538	20
539	29
540	25
541	30
542	9
543	33
544	33
545	0
546	20
547	15
548	13
549	4
550	11
551	8
552	10
553	29
554	21
555	7
556	5
557	13
558	33
559	20
560	0
561	23
562	23
563	24
564	8
565	18
566	31
567	24
568	33
569	6
570	0
571	5
572	23
573	24
574	11
575	18
576	14
577	7
578	8
579	4
580	2
581	6
582	11
583	16
584	22
585	23
586	16
587	5
588	13
589	0
590	16
591	8
592	25
593	24
594	16
595	8
596	26
597	20
598	0
599	18
600	30
601	8
602	16
603	8
604	32
605	8
606	17
607	13
608	33
609	29
610	15
611	18
612	5
613	4
614	12
615	21
616	19
617	17
618	7
619	0
620	22
621	7
622	23
623	23
624	4
625	30
626	4
627	29
628	18
629	12
630	23
631	13
632	4
633	7
634	32
635	21
636	19
637	6
638	9
639	13
640	30
641	11
642	24
643	18
644	32
645	17
646	29
647	11
648	15
649	21
650	15
651	6
652	13
653	10
654	23
655	14
656	16
657	29
658	6
659	13
660	23
661	14
662	30
663	22
664	20
665	9
666	5
667	11
668	29
669	30
670	30
671	31
672	8
673	8
674	30
675	30
676	1
677	10
678	29
679	33
680	0
681	29
682	25
683	25
684	4
685	9
686	20
687	18
688	21
689	21
690	17
691	15
692	31
693	32
694	6
695	11
696	25
697	31
698	13
699	30
700	4
701	12
702	10
703	16
704	9
705	16
706	11
707	18
708	6
709	30
710	16
711	10
712	15
713	15
714	0
715	14
716	13
717	1
718	0
719	12
720	19
721	18
722	11
723	17
724	14
725	23
726	12
727	17
728	29
729	23
730	8
731	18
732	16
733	17
734	14
735	30
736	1
737	18
738	9
739	8
740	18
741	30
742	1
743	9
744	14
745	15
746	33
747	5
748	14
749	1
750	10
751	30
752	9
753	9
754	8
755	18
756	19
757	18
758	23
759	29
760	5
761	12
762	5
763	0
764	18
765	33
766	0
767	20
768	9
769	11
770	23
771	20
772	4
773	21
774	10
775	19
776	23
777	31
778	20
779	4
780	20
781	31
782	14
783	9
784	30
785	25
786	5
787	33
788	20
789	10
790	29
791	20
792	21
793	30
794	12
795	13
796	29
797	14
798	4
799	5
800	11
801	14
802	29
803	30
804	20
805	25
806	5
807	5
808	4
809	4
810	8
811	9
812	10
813	4
814	5
815	20
816	11
817	5
818	33
819	1
820	30
821	6
822	23
823	11
824	6
825	31
826	4
827	1
828	21
829	25
830	12
831	6
832	10
833	9
834	21
835	0
836	11
837	5
838	21
839	5
840	11
841	10
842	25
843	11
844	13
845	19
846	13
847	8
848	21
849	20
850	12
851	20
852	5
853	9
854	8
855	25
856	9
857	20
858	13
859	8
860	6
861	21
862	8
863	13
864	31
865	12
866	9
867	5
868	0
869	13
870	23
871	29
872	18
873	5
874	18
875	31
876	13
877	29
878	5
879	8
880	9
881	19
882	30
883	11
884	23
885	19
886	23
887	9
888	30
889	18
890	23
891	19
892	30
893	8
894	21
895	31
896	30
897	30
898	8
899	0
900	0
901	9
902	20
903	6
904	20
905	12
906	19
907	6
908	30
909	13
910	20
911	11
912	18
913	8
914	0
915	4
916	30
917	18
918	5
919	13
920	0
921	20
922	9
923	30
924	29
925	4
926	20
927	6
928	6
929	4
930	19
931	5
932	13
933	18
934	19
935	12
936	6
937	6
938	23
939	11
940	29
941	23
942	30
943	12
944	9
945	23
946	6
947	18
948	11
949	5
950	9
951	4
952	23
953	9
954	30
955	18
956	18
957	5
958	9
959	18
960	5
961	30
962	9
963	11
964	11
965	6
966	4
967	11
968	4
969	11
970	20
971	21
972	18
973	30
974	9
975	11
976	20
977	8
978	23
979	23
980	5
981	8
982	30
983	9
984	20
985	5
986	6
987	0
988	4
989	20
990	20
991	0
992	18
993	30
994	0
995	11
996	20
997	30
998	4
999	20
1000	9
